RunId,NumDataLines,SeqNum,Watts,Amps,WattHours,Cost,MoKWh,MoCost,MaxWatts,MaxVolts,MaxAmps,MinWatts,MinVolts,MinAmps,Factor,DutyCycle,PowerCycle
spec2hmmer,484,0,1904,1154,1505,10,0,136657,10932,1917,1154,1646,1904,1152,1498,99,100,0,600,1907
spec2hmmer,484,1,1905,1153,1509,15,0,136973,10957,1906,1154,1596,1901,1152,1504,98,100,0,600,1938
spec2hmmer,484,2,1903,1153,1508,20,0,137069,10965,1905,1154,1593,1900,1152,1498,98,100,0,599,1924
spec2hmmer,484,3,1909,1153,1524,25,0,137307,10984,1913,1155,1666,1903,1152,1498,99,100,0,600,1918
spec2hmmer,484,4,1902,1154,1565,31,0,137298,10983,1909,1155,1593,1900,1153,1499,98,100,0,600,1932
spec2hmmer,484,5,1899,1153,1552,36,0,137247,10979,1902,1155,1565,1894,1153,1499,97,100,0,600,1938
spec2hmmer,484,6,1898,1154,1535,42,0,137250,10980,1905,1155,1655,1898,1153,1502,99,100,0,600,1913
spec2hmmer,484,7,1971,1153,1546,47,0,137339,10987,1971,1155,1603,1897,1152,1500,98,100,0,600,2001
spec2hmmer,484,8,1906,1154,1526,52,0,137359,10988,1971,1155,1589,1904,1152,1508,98,100,0,600,1935
spec2hmmer,484,9,1905,1153,1503,57,0,137387,10990,1910,1155,1659,1905,1151,1500,99,100,0,600,1924
spec2hmmer,484,10,1902,1152,1514,63,0,137385,10990,1905,1154,1567,1901,1151,1503,98,100,0,600,1935
spec2hmmer,484,11,1894,1152,1511,68,0,137328,10986,1902,1153,1564,1894,1150,1502,98,100,0,600,1924
spec2hmmer,484,12,1900,1151,1514,73,0,137440,10995,1903,1152,1664,1894,1150,1505,99,100,0,600,1918
spec2hmmer,484,13,1904,1150,1560,79,0,137354,10988,1904,1152,1607,1897,1150,1506,97,100,0,599,1958
spec2hmmer,484,14,1904,1151,1509,84,0,137371,10989,1908,1152,1579,1904,1149,1505,99,100,0,600,1915
spec2hmmer,484,15,1912,1151,1559,89,0,137422,10993,1912,1152,1669,1903,1149,1507,98,100,0,600,1935
spec2hmmer,484,16,1907,1151,1520,95,0,137446,10995,1915,1151,1605,1907,1149,1507,99,100,0,600,1924
spec2hmmer,484,17,1967,1150,1537,100,0,137499,10999,1973,1151,1605,1904,1148,1506,100,100,0,600,1967
spec2hmmer,484,18,1914,1150,1514,105,0,137543,11003,1967,1151,1663,1906,1149,1510,98,100,0,600,1950
spec2hmmer,484,19,1911,1150,1525,110,0,137558,11004,1914,1151,1580,1908,1149,1513,98,100,0,600,1947
spec2hmmer,484,20,1911,1149,1539,116,0,137579,11006,1912,1151,1616,1907,1147,1509,98,100,0,600,1941
spec2hmmer,484,21,1939,1150,1519,121,0,137796,11023,2003,1151,1656,1911,1148,1508,98,100,0,600,1972
spec2hmmer,484,22,1917,1150,1529,127,1,137738,11019,1939,1151,1584,1914,1149,1511,97,100,0,600,1958
spec2hmmer,484,23,1904,1150,1538,132,1,137723,11017,1917,1152,1586,1904,1150,1509,99,100,0,600,1915
spec2hmmer,484,24,1909,1151,1566,137,1,137790,11023,1909,1152,1598,1904,1150,1518,97,100,0,600,1964
spec2hmmer,484,25,1903,1151,1525,143,1,137787,11023,1996,1152,1668,1903,1149,1510,98,100,0,600,1935
spec2hmmer,484,26,1910,1151,1528,148,1,137808,11024,1912,1152,1620,1903,1150,1508,98,100,0,600,1932
spec2hmmer,484,27,1913,1150,1524,153,1,137830,11026,1916,1152,1612,1909,1149,1510,99,100,0,600,1932
spec2hmmer,484,28,1913,1152,1544,159,1,137839,11027,1913,1153,1678,1909,1150,1507,97,100,0,600,1969
spec2hmmer,484,29,1914,1150,1527,164,1,137892,11031,1914,1152,1604,1909,1149,1512,98,100,0,600,1944
spec2hmmer,484,30,1904,1150,1529,169,1,137835,11026,1914,1152,1589,1904,1149,1509,99,100,0,600,1921
spec2hmmer,484,31,1910,1151,1513,175,1,137845,11027,1912,1152,1663,1904,1149,1508,99,100,0,600,1921
spec2hmmer,484,32,1907,1151,1530,180,1,137838,11027,1910,1152,1580,1903,1149,1509,98,100,0,600,1941
spec2hmmer,484,33,1907,1151,1525,185,1,137832,11026,1907,1152,1569,1902,1149,1511,98,100,0,600,1941
spec2hmmer,484,34,1904,1151,1514,191,1,137824,11025,1911,1152,1682,1904,1150,1507,99,100,0,600,1921
spec2hmmer,484,35,1911,1150,1523,196,1,137873,11029,1911,1152,1574,1903,1149,1514,98,100,0,600,1941
spec2hmmer,484,36,1909,1150,1520,201,1,137834,11026,1911,1152,1607,1906,1149,1509,99,100,0,600,1924
spec2hmmer,484,37,1899,1151,1519,206,1,137809,11024,1909,1152,1657,1899,1149,1503,98,100,0,600,1924
spec2hmmer,484,38,1893,1151,1518,212,1,137776,11022,1899,1152,1526,1892,1149,1504,98,100,0,600,1921
spec2hmmer,484,39,1886,1152,1509,217,1,137767,11021,1893,1152,1518,1886,1150,1506,98,100,0,600,1910
spec2hmmer,484,40,1894,1151,1520,222,1,137752,11020,1894,1152,1654,1886,1149,1507,98,100,0,600,1921
spec2hmmer,484,41,1892,1151,1519,228,1,137691,11015,1894,1152,1536,1889,1150,1507,98,100,0,601,1924
spec2hmmer,484,42,1890,1151,1521,233,1,137662,11012,1892,1152,1527,1887,1150,1506,98,100,0,601,1921
spec2hmmer,484,43,1890,1151,1506,238,1,137635,11010,1892,1152,1644,1888,1149,1503,98,100,0,601,1910
spec2hmmer,484,44,1890,1152,1518,243,1,137608,11008,1890,1152,1524,1886,1150,1505,98,100,0,600,1921
spec2hmmer,484,45,1890,1151,1519,248,1,137612,11008,1890,1153,1520,1886,1150,1506,98,100,0,599,1921
spec2hmmer,484,46,1897,1152,1518,254,2,137573,11005,1897,1153,1651,1890,1150,1510,98,100,0,600,1921
spec2hmmer,484,47,1895,1153,1515,259,2,137558,11004,1897,1154,1520,1895,1150,1511,98,100,0,599,1921
spec2hmmer,484,48,1894,1153,1514,264,2,137543,11003,1895,1154,1517,1894,1152,1509,98,100,0,599,1921
spec2hmmer,484,49,1893,1153,1504,270,2,137526,11002,1894,1154,1648,1891,1152,1499,99,100,0,600,1907
spec2hmmer,484,50,1888,1152,1505,275,2,137505,11000,1893,1154,1518,1888,1151,1503,99,100,0,599,1907
spec2hmmer,484,51,1890,1153,1509,280,2,137488,10999,1891,1153,1518,1888,1152,1505,98,100,0,600,1915
spec2hmmer,484,52,1891,1153,1504,285,2,137473,10997,1892,1154,1646,1888,1151,1499,97,100,0,600,1947
spec2hmmer,484,53,1889,1153,1504,291,2,137454,10996,1893,1154,1519,1889,1152,1502,99,100,0,600,1907
spec2hmmer,484,54,1887,1153,1504,296,2,137459,10996,1891,1154,1517,1887,1152,1502,99,100,0,600,1904
spec2hmmer,484,55,1892,1152,1515,301,2,137448,10995,1892,1154,1520,1886,1152,1503,98,100,0,601,1921
spec2hmmer,484,56,1892,1153,1515,307,2,137435,10994,1895,1154,1649,1890,1151,1502,98,100,0,600,1921
spec2hmmer,484,57,1891,1153,1515,312,2,137395,10991,1892,1154,1517,1888,1152,1503,98,100,0,600,1921
spec2hmmer,484,58,1888,1154,1505,317,2,137401,10992,1891,1154,1517,1888,1151,1503,98,100,0,600,1910
spec2hmmer,484,59,1894,1154,1515,322,2,137373,10989,1894,1154,1649,1887,1152,1504,98,100,0,601,1921
spec2hmmer,484,60,1891,1153,1515,328,2,137358,10988,1894,1154,1518,1888,1152,1504,98,100,0,601,1921
spec2hmmer,484,61,1893,1153,1514,333,2,137350,10988,1893,1154,1520,1891,1152,1513,98,100,0,601,1921
spec2hmmer,484,62,1893,1152,1516,338,2,137362,10988,1894,1154,1645,1892,1151,1500,98,100,0,601,1921
spec2hmmer,484,63,1890,1152,1515,344,2,137325,10986,1893,1154,1518,1887,1152,1504,98,100,0,601,1921
spec2hmmer,484,64,1887,1152,1505,349,2,137331,10986,1892,1153,1517,1887,1151,1504,98,100,0,601,1907
spec2hmmer,484,65,1893,1153,1515,354,2,137306,10984,1894,1154,1648,1887,1151,1504,98,100,0,601,1921
spec2hmmer,484,66,1893,1153,1515,359,2,137298,10983,1894,1154,1518,1893,1151,1509,98,100,0,601,1921
spec2hmmer,484,67,1894,1153,1515,364,2,137292,10983,1894,1154,1530,1893,1152,1509,98,100,0,600,1921
spec2hmmer,484,68,1893,1153,1516,370,2,137282,10982,1894,1154,1653,1888,1151,1502,98,100,0,601,1921
spec2hmmer,484,69,1884,1152,1505,375,3,137283,10982,1893,1153,1516,1884,1152,1503,98,100,0,601,1907
spec2hmmer,484,70,1892,1152,1517,380,3,137277,10982,1892,1153,1532,1884,1151,1504,98,100,0,600,1921
spec2hmmer,484,71,1893,1152,1516,386,3,137269,10981,1893,1154,1650,1887,1151,1503,98,100,0,600,1921
spec2hmmer,484,72,1889,1153,1506,391,3,137258,10980,1893,1153,1518,1889,1151,1504,99,100,0,601,1907
spec2hmmer,484,73,1888,1152,1506,396,3,137229,10978,1891,1153,1519,1888,1151,1504,99,100,0,601,1907
spec2hmmer,484,74,1890,1153,1506,401,3,137221,10977,1893,1153,1648,1887,1150,1501,99,100,0,601,1907
spec2hmmer,484,75,1891,1152,1518,407,3,137214,10977,1892,1153,1518,1890,1151,1505,98,100,0,600,1921
spec2hmmer,484,76,1889,1151,1506,412,3,137223,10977,1893,1153,1519,1889,1151,1505,99,100,0,600,1907
spec2hmmer,484,77,1893,1153,1511,417,3,137201,10976,1895,1153,1646,1888,1151,1504,98,100,0,600,1924
spec2hmmer,484,78,1891,1151,1517,423,3,137191,10975,1893,1153,1518,1888,1151,1503,98,100,0,600,1921
spec2hmmer,484,79,1894,1152,1516,428,3,137204,10976,1894,1153,1517,1890,1151,1509,98,100,0,599,1921
spec2hmmer,484,80,1892,1151,1525,433,3,137181,10974,1894,1153,1647,1888,1150,1504,98,100,0,600,1924
spec2hmmer,484,81,1894,1152,1518,438,3,137176,10974,1895,1153,1525,1892,1150,1506,98,100,0,600,1924
spec2hmmer,484,82,1893,1152,1519,444,3,137186,10974,1894,1153,1520,1890,1151,1506,98,100,0,600,1927
spec2hmmer,484,83,1893,1152,1559,449,3,137166,10973,1893,1153,1655,1890,1150,1506,98,100,0,599,1924
spec2hmmer,484,84,1894,1152,1522,454,3,137161,10972,1897,1153,1559,1892,1151,1506,98,100,0,599,1927
spec2hmmer,484,85,1893,1153,1518,460,3,137155,10972,1894,1153,1522,1890,1151,1505,98,100,0,600,1924
spec2hmmer,484,86,1887,1152,1507,465,3,137144,10971,1893,1153,1518,1887,1151,1504,98,100,0,599,1910
spec2hmmer,484,87,1886,1153,1507,470,3,137150,10972,1891,1153,1641,1886,1150,1500,98,100,0,600,1910
spec2hmmer,484,88,1890,1152,1507,475,3,137130,10970,1891,1153,1519,1886,1151,1505,98,100,0,600,1910
spec2hmmer,484,89,1894,1152,1518,480,3,137128,10970,1894,1153,1520,1889,1151,1505,98,100,0,600,1924
spec2hmmer,484,90,1895,1153,1517,486,3,137126,10970,1897,1154,1647,1893,1151,1500,98,100,0,600,1924
spec2hmmer,484,91,1893,1154,1516,491,3,137120,10969,1895,1154,1519,1890,1151,1505,98,100,0,600,1924
spec2hmmer,484,92,1889,1153,1505,496,3,137113,10969,1893,1154,1517,1889,1152,1504,98,100,0,600,1910
spec2hmmer,484,93,1894,1154,1515,502,4,137113,10969,1896,1154,1644,1889,1152,1504,98,100,0,599,1924
spec2hmmer,484,94,1892,1153,1514,507,4,137120,10969,1894,1155,1517,1889,1152,1502,98,100,0,599,1921
spec2hmmer,484,95,1894,1153,1514,512,4,137104,10968,1894,1155,1517,1892,1152,1508,98,100,0,600,1921
spec2hmmer,484,96,1896,1154,1514,517,4,137104,10968,1898,1155,1648,1893,1153,1507,98,100,0,600,1921
spec2hmmer,484,97,1891,1153,1506,523,4,137099,10967,1897,1155,1575,1891,1153,1504,99,100,0,600,1910
spec2hmmer,484,98,1894,1154,1516,528,4,137097,10967,1894,1154,1518,1891,1152,1504,98,100,0,600,1924
spec2hmmer,484,99,1895,1153,1516,533,4,137094,10967,1895,1154,1661,1890,1152,1504,98,100,0,600,1924
spec2hmmer,484,100,1890,1153,1505,539,4,137089,10967,1895,1154,1525,1890,1152,1504,98,100,0,600,1910
spec2hmmer,484,101,1890,1152,1507,544,4,137084,10966,1892,1154,1530,1890,1152,1504,98,100,0,599,1910
spec2hmmer,484,102,1891,1153,1506,549,4,137081,10966,1895,1154,1653,1889,1151,1500,99,100,0,600,1910
spec2hmmer,484,103,1891,1153,1516,554,4,137075,10966,1891,1154,1520,1887,1152,1504,98,100,0,600,1924
spec2hmmer,484,104,1893,1154,1516,560,4,137073,10965,1893,1154,1521,1891,1152,1510,98,100,0,600,1924
spec2hmmer,484,105,1895,1153,1517,565,4,137069,10965,1895,1154,1651,1889,1152,1504,98,100,0,600,1924
spec2hmmer,484,106,1895,1153,1516,570,4,137068,10965,1895,1154,1519,1895,1152,1510,98,100,0,600,1921
spec2hmmer,484,107,1892,1154,1516,576,4,137063,10965,1895,1154,1519,1890,1151,1504,98,100,0,601,1921
spec2hmmer,484,108,1893,1153,1506,581,4,137061,10964,1895,1154,1645,1892,1152,1499,99,100,0,601,1910
spec2hmmer,484,109,1889,1153,1506,586,4,137056,10964,1893,1154,1519,1889,1151,1504,98,100,0,601,1910
spec2hmmer,484,110,1888,1153,1506,591,4,137050,10964,1891,1154,1518,1888,1152,1504,99,100,0,601,1907
spec2hmmer,484,111,1895,1153,1514,597,4,137050,10964,1895,1153,1647,1887,1151,1506,96,100,0,601,1955
spec2hmmer,484,112,1890,1153,1505,602,4,137045,10963,1896,1154,1520,1890,1152,1504,99,100,0,601,1907
spec2hmmer,484,113,1893,1154,1514,607,4,137043,10963,1893,1154,1522,1889,1152,1504,98,100,0,601,1921
spec2hmmer,484,114,1890,1153,1515,612,4,137037,10963,1893,1155,1516,1888,1153,1502,98,100,0,601,1921
spec2hmmer,484,115,1888,1153,1504,618,4,137034,10962,1894,1155,1646,1888,1152,1503,99,100,0,601,1907
spec2hmmer,484,116,1892,1153,1516,623,4,137032,10962,1892,1154,1517,1888,1152,1503,98,100,0,601,1921
spec2hmmer,484,117,1886,1155,1357,628,5,137021,10961,1893,1155,1518,1886,1151,1356,99,100,0,601,1898
spec2hmmer,484,118,1698,1154,1504,633,5,136905,10952,1886,1155,1546,1688,1152,1353,98,100,0,601,1716
spec2hmmer,484,119,1869,1152,1497,638,5,136897,10951,1869,1154,1543,1698,1150,1488,98,100,0,600,1901
spec2hmmer,484,120,1880,1152,1499,643,5,136892,10951,1882,1153,1560,1869,1151,1493,98,100,0,600,1904
spec2hmmer,484,121,1887,1152,1533,649,5,136890,10951,1888,1154,1645,1879,1151,1495,98,100,0,600,1918
spec2hmmer,484,122,1888,1152,1510,654,5,136886,10950,1889,1154,1548,1886,1151,1498,98,100,0,600,1913
spec2hmmer,484,123,1886,1152,1527,659,5,136881,10950,1888,1153,1547,1885,1151,1497,98,100,0,600,1913
spec2hmmer,484,124,1887,1153,1506,664,5,136877,10950,1891,1154,1632,1886,1151,1492,98,100,0,600,1915
spec2hmmer,484,125,1889,1152,1524,670,5,136873,10949,1889,1154,1532,1885,1152,1500,98,100,0,600,1927
spec2hmmer,484,126,1885,1152,1510,675,5,136865,10949,1889,1153,1544,1881,1152,1494,97,100,0,600,1927
spec2hmmer,484,127,1884,1153,1499,680,5,136860,10948,1891,1154,1656,1884,1151,1491,99,100,0,600,1898
spec2hmmer,484,128,1886,1153,1496,686,5,136857,10948,1889,1153,1545,1884,1151,1493,98,100,0,600,1907
spec2hmmer,484,129,1888,1152,1495,691,5,136864,10949,1890,1153,1538,1885,1151,1495,99,100,0,600,1907
spec2hmmer,484,130,1885,1151,1496,696,5,136860,10948,1892,1153,1653,1885,1150,1494,99,100,0,600,1901
spec2hmmer,484,131,1890,1152,1505,701,5,136846,10947,1890,1153,1541,1884,1150,1495,97,100,0,600,1938
spec2hmmer,484,132,1880,1152,1503,706,5,136836,10946,1890,1153,1530,1880,1150,1493,98,100,0,600,1907
spec2hmmer,484,133,1883,1152,1508,712,5,136831,10946,1888,1153,1646,1879,1150,1493,99,100,0,600,1901
spec2hmmer,484,134,1884,1152,1527,717,5,136826,10946,1884,1153,1537,1880,1151,1495,98,100,0,600,1913
spec2hmmer,484,135,1888,1152,1508,722,5,136824,10945,1890,1153,1546,1884,1150,1497,98,100,0,600,1910
spec2hmmer,484,136,1883,1152,1500,728,5,136817,10945,1888,1153,1647,1883,1150,1492,99,100,0,600,1898
spec2hmmer,484,137,1881,1151,1500,733,5,136811,10944,1885,1153,1535,1881,1150,1493,99,100,0,600,1898
spec2hmmer,484,138,1885,1150,1509,738,5,136806,10944,1885,1152,1547,1879,1150,1495,98,100,0,600,1910
spec2hmmer,484,139,1888,1151,1515,743,5,136803,10944,1888,1152,1650,1884,1150,1501,98,100,0,599,1915
spec2hmmer,484,140,1884,1153,1507,748,5,136796,10943,1888,1153,1527,1881,1150,1493,98,100,0,599,1915
spec2hmmer,484,141,1882,1152,1511,754,6,136790,10943,1884,1153,1538,1879,1151,1493,98,100,0,599,1910
spec2hmmer,484,142,1888,1152,1515,759,6,136788,10943,1888,1153,1650,1882,1150,1496,96,100,0,600,1950
spec2hmmer,484,143,1891,1153,1495,764,6,136797,10943,1893,1154,1539,1888,1151,1494,98,100,0,600,1913
spec2hmmer,484,144,1892,1153,1501,770,6,136787,10943,1897,1153,1549,1889,1151,1494,99,100,0,600,1898
spec2hmmer,484,145,1882,1151,1514,775,6,136790,10943,1892,1153,1535,1882,1151,1496,99,100,0,600,1895
spec2hmmer,484,146,1883,1153,1512,780,6,136776,10942,1886,1153,1642,1879,1150,1495,98,100,0,600,1915
spec2hmmer,484,147,1885,1152,1509,785,6,136772,10941,1885,1153,1539,1883,1151,1492,98,100,0,600,1915
spec2hmmer,484,148,1891,1152,1514,791,6,136771,10941,1892,1153,1551,1882,1152,1493,99,100,0,600,1910
spec2hmmer,484,149,1881,1152,1494,796,6,136764,10941,1893,1153,1636,1881,1151,1491,99,100,0,600,1898
spec2hmmer,484,150,1881,1153,1497,801,6,136759,10940,1885,1154,1541,1880,1151,1493,99,100,0,600,1898
spec2hmmer,484,151,1879,1152,1497,806,6,136753,10940,1883,1153,1538,1879,1152,1494,99,100,0,600,1895
spec2hmmer,484,152,1882,1152,1513,812,6,136748,10939,1882,1153,1641,1877,1151,1494,98,100,0,600,1915
spec2hmmer,484,153,1883,1152,1509,817,6,136743,10939,1883,1153,1534,1879,1150,1494,98,100,0,600,1921
spec2hmmer,484,154,1878,1152,1502,822,6,136736,10938,1883,1153,1528,1878,1151,1492,98,100,0,600,1904
spec2hmmer,484,155,1883,1152,1499,827,6,136732,10938,1885,1153,1646,1878,1150,1494,98,100,0,600,1907
spec2hmmer,484,156,1881,1152,1511,833,6,136735,10938,1883,1153,1537,1877,1150,1495,97,100,0,601,1921
spec2hmmer,484,157,1882,1151,1510,838,6,136721,10937,1882,1152,1539,1879,1150,1495,98,100,0,601,1910
spec2hmmer,484,158,1884,1151,1528,843,6,136717,10937,1884,1152,1658,1880,1150,1493,98,100,0,601,1910
spec2hmmer,484,159,1886,1151,1513,848,6,136714,10937,1886,1152,1546,1884,1149,1501,98,100,0,600,1913
spec2hmmer,484,160,1882,1151,1509,853,6,136709,10936,1886,1152,1535,1881,1149,1495,98,100,0,600,1910
spec2hmmer,484,161,1885,1151,1511,859,6,136705,10936,1885,1152,1646,1880,1149,1495,98,100,0,600,1918
spec2hmmer,484,162,1883,1150,1515,864,6,136709,10936,1886,1152,1539,1880,1149,1494,98,100,0,600,1915
spec2hmmer,484,163,1883,1151,1503,869,6,136706,10936,1888,1152,1548,1883,1149,1496,98,100,0,600,1907
spec2hmmer,484,164,1885,1152,1500,875,7,136696,10935,1889,1152,1645,1883,1149,1497,99,100,0,600,1904
spec2hmmer,484,165,1885,1151,1508,880,7,136692,10935,1885,1152,1539,1881,1150,1495,98,100,0,600,1921
spec2hmmer,484,166,1882,1151,1499,885,7,136687,10935,1885,1152,1533,1882,1150,1495,99,100,0,600,1901
spec2hmmer,484,167,1883,1150,1502,890,7,136684,10934,1885,1152,1633,1881,1150,1493,98,100,0,600,1907
spec2hmmer,484,168,1885,1151,1539,895,7,136683,10934,1891,1152,1550,1882,1150,1495,99,100,0,600,1904
spec2hmmer,484,169,1888,1151,1508,901,7,136689,10935,1891,1151,1547,1885,1149,1496,98,100,0,600,1921
spec2hmmer,484,170,1889,1150,1500,906,7,136680,10934,1891,1151,1657,1885,1149,1495,98,100,0,599,1915
spec2hmmer,484,171,1889,1149,1515,911,7,136678,10934,1889,1151,1537,1887,1147,1499,98,100,0,600,1918
spec2hmmer,484,172,1886,1152,1531,917,7,136683,10934,1889,1152,1543,1884,1149,1494,98,100,0,599,1910
spec2hmmer,484,173,1888,1152,1522,922,7,136674,10933,1888,1152,1644,1883,1150,1496,97,100,0,600,1930
spec2hmmer,484,174,1892,1150,1543,927,7,136673,10933,1892,1152,1550,1882,1149,1497,97,100,0,600,1947
spec2hmmer,484,175,1886,1152,1498,932,7,136671,10933,1897,1152,1543,1886,1150,1493,99,100,0,599,1898
spec2hmmer,484,176,1886,1151,1510,938,7,136669,10933,1887,1152,1539,1885,1150,1495,98,100,0,600,1913
spec2hmmer,484,177,1889,1151,1510,943,7,136676,10934,1890,1153,1642,1886,1150,1494,98,100,0,600,1915
spec2hmmer,484,178,1883,1151,1502,948,7,136665,10933,1891,1152,1547,1883,1150,1498,99,100,0,600,1895
spec2hmmer,484,179,1883,1151,1510,953,7,136660,10932,1883,1152,1538,1878,1150,1494,98,100,0,600,1915
spec2hmmer,484,180,1885,1151,1523,959,7,136658,10932,1887,1153,1644,1882,1150,1492,98,100,0,599,1913
spec2hmmer,484,181,1888,1151,1510,964,7,136658,10932,1889,1153,1540,1885,1151,1501,98,100,0,600,1915
spec2hmmer,484,182,1883,1152,1511,969,7,136654,10932,1888,1153,1540,1883,1151,1492,99,100,0,600,1898
spec2hmmer,484,183,1890,1151,1509,974,7,136653,10932,1890,1153,1641,1880,1150,1495,98,100,0,600,1927
spec2hmmer,484,184,1881,1153,1503,980,7,136647,10931,1890,1153,1514,1881,1151,1495,98,100,0,600,1904
spec2hmmer,484,185,1886,1152,1500,985,7,136647,10931,1889,1153,1550,1880,1151,1497,99,100,0,600,1904
spec2hmmer,484,186,1937,1152,1539,990,7,136657,10932,1950,1153,1652,1884,1150,1498,99,100,0,600,1955
spec2hmmer,484,187,1905,1153,1510,996,7,136660,10932,1937,1153,1548,1905,1151,1503,99,100,0,600,1913
spec2hmmer,484,188,1890,1153,1498,1001,8,136658,10932,1905,1153,1540,1890,1151,1495,99,100,0,600,1898
spec2hmmer,484,189,1884,1153,1497,1006,8,136655,10932,1891,1153,1646,1884,1151,1493,99,100,0,600,1901
spec2hmmer,484,190,1882,1151,1498,1011,8,136658,10932,1884,1153,1536,1879,1151,1493,98,100,0,599,1915
spec2hmmer,484,191,1880,1153,1510,1017,8,136646,10931,1886,1153,1542,1880,1151,1496,99,100,0,600,1898
spec2hmmer,484,192,1878,1152,1497,1022,8,136641,10931,1881,1153,1649,1877,1151,1492,98,100,0,600,1898
spec2hmmer,484,193,1881,1153,1508,1027,8,136637,10931,1881,1153,1557,1876,1150,1496,98,100,0,600,1913
spec2hmmer,484,194,1884,1153,1514,1032,8,136641,10931,1884,1153,1543,1879,1152,1493,98,100,0,600,1918
spec2hmmer,484,195,1884,1153,1507,1037,8,136631,10930,1884,1154,1648,1878,1151,1495,98,100,0,600,1910
spec2hmmer,484,196,1888,1152,1530,1043,8,136630,10930,1888,1154,1540,1884,1151,1497,97,100,0,600,1930
spec2hmmer,484,197,1894,1151,1510,1048,8,136638,10931,1894,1153,1545,1888,1151,1492,98,100,0,600,1924
spec2hmmer,484,198,1901,1152,1511,1053,8,136634,10930,1901,1153,1662,1889,1150,1499,98,100,0,600,1921
spec2hmmer,484,199,1887,1153,1497,1059,8,136631,10930,1901,1154,1533,1887,1151,1497,99,100,0,600,1904
spec2hmmer,484,200,1888,1152,1509,1064,8,136629,10930,1888,1153,1541,1882,1151,1495,98,100,0,599,1924
spec2hmmer,484,201,1889,1152,1511,1069,8,136628,10930,1889,1153,1646,1883,1151,1495,97,100,0,600,1947
spec2hmmer,484,202,1888,1152,1521,1074,8,136633,10930,1890,1153,1542,1887,1151,1499,98,100,0,600,1915
spec2hmmer,484,203,1894,1152,1516,1080,8,136628,10930,1894,1153,1545,1888,1151,1505,97,100,0,600,1944
spec2hmmer,484,204,1885,1152,1513,1085,8,136625,10930,1894,1153,1545,1885,1151,1492,99,100,0,600,1904
spec2hmmer,484,205,1885,1152,1508,1090,8,136623,10929,1889,1154,1645,1883,1151,1494,98,100,0,600,1913
spec2hmmer,484,206,1884,1150,1512,1096,8,136620,10929,1885,1153,1534,1881,1150,1496,98,100,0,601,1913
spec2hmmer,484,207,1881,1152,1516,1101,8,136623,10929,1884,1153,1531,1881,1149,1492,98,100,0,601,1910
spec2hmmer,484,208,1883,1152,1498,1106,8,136615,10929,1887,1153,1640,1881,1149,1494,99,100,0,601,1901
spec2hmmer,484,209,1883,1152,1499,1111,8,136613,10929,1888,1153,1551,1881,1151,1496,99,100,0,601,1898
spec2hmmer,484,210,1881,1152,1497,1116,8,136610,10928,1885,1153,1548,1881,1150,1496,99,100,0,601,1898
spec2hmmer,484,211,1886,1152,1509,1122,8,136609,10928,1886,1153,1645,1880,1150,1495,98,100,0,601,1913
spec2hmmer,484,212,1878,1150,1498,1127,9,136604,10928,1887,1153,1537,1878,1150,1496,98,100,0,600,1901
spec2hmmer,484,213,1882,1150,1507,1132,9,136603,10928,1886,1152,1550,1878,1150,1495,98,100,0,600,1904
spec2hmmer,484,214,1885,1151,1505,1137,9,136602,10928,1888,1152,1642,1882,1150,1500,98,100,0,600,1907
spec2hmmer,484,215,1883,1151,1515,1143,9,136605,10928,1885,1152,1531,1880,1150,1496,98,100,0,600,1918
spec2hmmer,484,216,1882,1151,1513,1148,9,136595,10927,1883,1152,1523,1880,1150,1496,98,100,0,600,1913
spec2hmmer,484,217,1889,1151,1514,1153,9,136595,10927,1889,1153,1649,1882,1150,1492,98,100,0,599,1913
spec2hmmer,484,218,1885,1151,1511,1158,9,136593,10927,1890,1152,1541,1884,1150,1495,98,100,0,600,1915
spec2hmmer,484,219,1884,1152,1507,1164,9,136591,10927,1886,1152,1543,1882,1150,1503,97,100,0,600,1927
spec2hmmer,484,220,1889,1152,1511,1169,9,136591,10927,1891,1153,1651,1884,1150,1499,98,100,0,600,1913
spec2hmmer,484,221,1884,1152,1511,1174,9,136589,10927,1890,1152,1536,1884,1151,1494,98,100,0,600,1904
spec2hmmer,484,222,1881,1152,1499,1179,9,136586,10926,1885,1152,1535,1881,1149,1494,98,100,0,600,1901
spec2hmmer,484,223,1884,1153,1515,1185,9,136583,10926,1884,1153,1643,1877,1151,1494,98,100,0,600,1915
spec2hmmer,484,224,1884,1151,1511,1190,9,136581,10926,1885,1153,1532,1882,1151,1494,98,100,0,600,1913
spec2hmmer,484,225,1886,1151,1513,1195,9,136585,10926,1886,1153,1536,1882,1150,1494,98,100,0,600,1918
spec2hmmer,484,226,1886,1153,1502,1200,9,136578,10926,1889,1153,1640,1886,1150,1494,99,100,0,600,1904
spec2hmmer,484,227,1882,1153,1506,1206,9,136576,10926,1887,1153,1533,1882,1151,1492,99,100,0,600,1901
spec2hmmer,484,228,1884,1153,1504,1211,9,136580,10926,1885,1153,1539,1882,1152,1495,98,100,0,600,1910
spec2hmmer,484,229,1887,1154,1518,1216,9,136574,10925,1889,1154,1645,1883,1151,1494,99,100,0,600,1904
spec2hmmer,484,230,1888,1152,1514,1221,9,136573,10925,1889,1154,1531,1887,1151,1494,98,100,0,599,1918
spec2hmmer,484,231,1884,1152,1499,1227,9,136571,10925,1889,1153,1539,1884,1151,1494,98,100,0,600,1904
spec2hmmer,484,232,1887,1152,1521,1232,9,136570,10925,1887,1153,1645,1880,1150,1495,96,100,0,600,1950
spec2hmmer,484,233,1885,1152,1507,1237,9,136568,10925,1888,1153,1546,1885,1151,1494,98,100,0,600,1910
spec2hmmer,484,234,1878,1152,1496,1243,9,136564,10925,1885,1153,1509,1878,1151,1494,99,100,0,600,1893
spec2hmmer,484,235,1875,1152,1605,1248,9,136560,10924,1880,1153,1605,1875,1151,1494,98,100,0,600,1895
spec2hmmer,484,236,1880,1152,1506,1253,10,136558,10924,1881,1154,1605,1875,1151,1489,98,100,0,600,1910
spec2hmmer,484,237,1879,1152,1507,1258,10,136554,10924,1881,1153,1521,1876,1151,1493,98,100,0,600,1907
spec2hmmer,484,238,1878,1152,1505,1263,10,136555,10924,1879,1153,1509,1876,1151,1494,98,100,0,600,1910
spec2hmmer,484,239,1874,1153,1495,1269,10,136545,10923,1882,1154,1640,1874,1151,1488,98,100,0,600,1895
spec2hmmer,484,240,1875,1153,1494,1274,10,136541,10923,1878,1153,1510,1873,1151,1491,98,100,0,600,1895
spec2hmmer,484,241,1874,1152,1496,1279,10,136537,10922,1878,1154,1508,1874,1152,1493,98,100,0,599,1893
spec2hmmer,484,242,1878,1153,1505,1284,10,136534,10922,1878,1154,1636,1872,1151,1489,98,100,0,600,1910
spec2hmmer,484,243,1878,1153,1505,1290,10,136530,10922,1878,1154,1508,1875,1152,1493,98,100,0,600,1910
spec2hmmer,484,244,1878,1152,1505,1295,10,136532,10922,1878,1154,1508,1875,1151,1492,98,100,0,600,1910
spec2hmmer,484,245,1880,1153,1505,1300,10,136523,10921,1881,1154,1635,1878,1151,1488,98,100,0,599,1907
spec2hmmer,484,246,1878,1153,1506,1305,10,136519,10921,1880,1154,1508,1875,1151,1494,98,100,0,600,1907
spec2hmmer,484,247,1877,1152,1495,1310,10,136516,10921,1881,1154,1522,1877,1151,1493,99,100,0,599,1895
spec2hmmer,484,248,1878,1154,1493,1316,10,136513,10921,1882,1155,1645,1876,1151,1492,99,100,0,600,1895
spec2hmmer,484,249,1876,1153,1495,1321,10,136509,10920,1879,1154,1509,1876,1152,1493,98,100,0,600,1895
spec2hmmer,484,250,1880,1153,1507,1326,10,136507,10920,1880,1153,1522,1875,1151,1494,98,100,0,600,1913
spec2hmmer,484,251,1875,1154,1494,1331,10,136503,10920,1881,1155,1633,1875,1151,1487,98,100,0,600,1895
spec2hmmer,484,252,1879,1153,1505,1337,10,136500,10920,1879,1154,1508,1874,1151,1493,98,100,0,600,1910
spec2hmmer,484,253,1877,1152,1505,1342,10,136496,10919,1880,1154,1508,1874,1152,1493,98,100,0,600,1910
spec2hmmer,484,254,1879,1153,1494,1347,10,136494,10919,1883,1154,1629,1877,1151,1490,99,100,0,600,1895
spec2hmmer,484,255,1876,1152,1493,1352,10,136490,10919,1880,1154,1507,1876,1152,1492,99,100,0,599,1893
spec2hmmer,484,256,1874,1152,1495,1358,10,136486,10918,1878,1153,1508,1874,1151,1493,98,100,0,600,1893
spec2hmmer,484,257,1879,1153,1493,1363,10,136484,10918,1881,1154,1634,1874,1151,1491,99,100,0,600,1893
spec2hmmer,484,258,1876,1153,1494,1368,10,136480,10918,1880,1154,1512,1876,1151,1493,99,100,0,600,1893
spec2hmmer,484,259,1877,1153,1507,1373,10,136477,10918,1877,1154,1546,1873,1151,1487,98,100,0,599,1907
spec2hmmer,484,260,1880,1152,1494,1378,11,136480,10918,1881,1154,1646,1877,1151,1489,99,100,0,599,1898
spec2hmmer,484,261,1881,1153,1504,1384,11,136472,10917,1881,1154,1512,1879,1152,1492,98,100,0,600,1910
spec2hmmer,484,262,1882,1152,1507,1389,11,136470,10917,1882,1154,1518,1881,1151,1499,98,100,0,599,1907
spec2hmmer,484,263,1882,1153,1500,1394,11,136468,10917,1882,1153,1639,1876,1151,1492,97,100,0,600,1938
spec2hmmer,484,264,1874,1152,1497,1400,11,136463,10917,1883,1154,1511,1874,1151,1494,98,100,0,599,1895
spec2hmmer,484,265,1875,1153,1496,1405,11,136460,10916,1878,1153,1509,1873,1151,1494,99,100,0,600,1893
spec2hmmer,484,266,1882,1153,1504,1410,11,136463,10917,1882,1153,1639,1874,1151,1494,98,100,0,600,1918
spec2hmmer,484,267,1879,1152,1506,1415,11,136455,10916,1883,1154,1513,1877,1152,1494,98,100,0,600,1910
spec2hmmer,484,268,1878,1152,1508,1421,11,136452,10916,1879,1153,1511,1875,1151,1494,98,100,0,600,1910
spec2hmmer,484,269,1875,1153,1495,1426,11,136448,10915,1879,1153,1508,1875,1151,1494,98,100,0,600,1895
spec2hmmer,484,270,1878,1153,1505,1431,11,136446,10915,1880,1154,1636,1874,1151,1494,98,100,0,599,1904
spec2hmmer,484,271,1875,1153,1494,1436,11,136443,10915,1880,1154,1508,1875,1151,1493,98,100,0,600,1895
spec2hmmer,484,272,1875,1152,1496,1441,11,136440,10915,1877,1154,1508,1874,1151,1493,98,100,0,600,1895
spec2hmmer,484,273,1876,1152,1495,1447,11,136437,10915,1880,1153,1635,1874,1150,1495,98,100,0,600,1895
spec2hmmer,484,274,1875,1152,1495,1452,11,136434,10914,1878,1153,1509,1875,1150,1493,99,100,0,600,1893
spec2hmmer,484,275,1873,1152,1495,1457,11,136430,10914,1877,1153,1508,1873,1150,1493,99,100,0,601,1890
spec2hmmer,484,276,1878,1153,1505,1462,11,136433,10914,1878,1153,1633,1872,1151,1493,98,100,0,601,1907
spec2hmmer,484,277,1879,1152,1506,1468,11,136426,10914,1879,1153,1520,1878,1151,1499,98,100,0,601,1907
spec2hmmer,484,278,1875,1151,1507,1473,11,136427,10914,1879,1153,1509,1873,1150,1494,98,100,0,601,1907
spec2hmmer,484,279,1878,1152,1507,1478,11,136419,10913,1878,1153,1642,1874,1150,1489,98,100,0,601,1907
spec2hmmer,484,280,1880,1152,1508,1483,11,136418,10913,1880,1153,1523,1878,1151,1500,98,100,0,601,1907
spec2hmmer,484,281,1877,1152,1506,1488,11,136414,10913,1880,1153,1510,1874,1151,1493,98,100,0,601,1907
spec2hmmer,484,282,1878,1151,1508,1494,11,136416,10913,1878,1153,1637,1874,1150,1492,98,100,0,601,1907
spec2hmmer,484,283,1880,1151,1507,1499,11,136414,10913,1880,1153,1510,1878,1151,1500,98,100,0,600,1907
spec2hmmer,484,284,1880,1152,1506,1504,12,136408,10912,1880,1153,1509,1879,1151,1500,98,100,0,600,1907
spec2hmmer,484,285,1880,1153,1505,1509,12,136405,10912,1880,1153,1635,1876,1151,1495,98,100,0,600,1907
spec2hmmer,484,286,1881,1152,1506,1515,12,136408,10912,1881,1153,1510,1880,1150,1499,98,100,0,600,1907
spec2hmmer,484,287,1878,1152,1506,1520,12,136401,10912,1881,1153,1509,1876,1151,1493,98,100,0,600,1907
spec2hmmer,484,288,1879,1152,1494,1525,12,136398,10911,1882,1153,1633,1878,1151,1493,99,100,0,599,1895
spec2hmmer,484,289,1880,1153,1506,1530,12,136397,10911,1880,1153,1508,1877,1151,1494,98,100,0,599,1907
spec2hmmer,484,290,1876,1151,1496,1536,12,136398,10911,1880,1153,1507,1876,1151,1494,98,100,0,600,1895
spec2hmmer,484,291,1883,1152,1508,1541,12,136397,10911,1883,1153,1637,1875,1150,1495,98,100,0,600,1907
spec2hmmer,484,292,1878,1151,1507,1546,12,136394,10911,1883,1153,1509,1876,1150,1494,98,100,0,600,1907
spec2hmmer,484,293,1877,1152,1507,1551,12,136387,10910,1879,1152,1510,1874,1150,1494,98,100,0,600,1907
spec2hmmer,484,294,1879,1152,1500,1556,12,136384,10910,1879,1153,1635,1876,1150,1489,97,100,0,600,1930
spec2hmmer,484,295,1880,1152,1506,1562,12,136382,10910,1880,1152,1510,1878,1150,1493,98,100,0,600,1910
spec2hmmer,484,296,1877,1151,1507,1567,12,136379,10910,1880,1152,1509,1875,1150,1494,98,100,0,600,1910
spec2hmmer,484,297,1875,1151,1496,1572,12,136376,10910,1879,1152,1509,1875,1150,1495,99,100,0,600,1893
spec2hmmer,484,298,1876,1152,1507,1577,12,136378,10910,1878,1152,1634,1873,1150,1489,98,100,0,600,1907
spec2hmmer,484,299,1875,1151,1497,1583,12,136371,10909,1878,1152,1511,1875,1150,1495,99,100,0,600,1893
spec2hmmer,484,300,1875,1152,1496,1588,12,136373,10909,1878,1152,1511,1874,1150,1496,98,100,0,600,1895
spec2hmmer,484,301,1876,1152,1496,1593,12,136366,10909,1880,1153,1633,1874,1150,1495,99,100,0,600,1893
spec2hmmer,484,302,1878,1150,1509,1599,12,136364,10909,1878,1152,1514,1875,1148,1495,98,100,0,600,1910
spec2hmmer,484,303,1877,1151,1507,1604,12,136362,10908,1879,1152,1510,1875,1149,1496,98,100,0,599,1907
spec2hmmer,484,304,1878,1151,1507,1609,12,136360,10908,1880,1152,1635,1877,1150,1491,98,100,0,600,1907
spec2hmmer,484,305,1878,1151,1507,1614,12,136358,10908,1879,1152,1512,1878,1150,1500,98,100,0,601,1901
spec2hmmer,484,306,1877,1151,1502,1619,12,136355,10908,1880,1152,1511,1877,1150,1502,98,100,0,601,1898
spec2hmmer,484,307,1878,1151,1497,1625,13,136358,10908,1883,1153,1647,1877,1150,1494,99,100,0,601,1895
spec2hmmer,484,308,1875,1153,1496,1630,13,136351,10908,1879,1153,1515,1875,1151,1494,99,100,0,601,1893
spec2hmmer,484,309,1874,1152,1494,1635,13,136348,10907,1877,1153,1509,1874,1151,1494,98,100,0,601,1893
spec2hmmer,484,310,1875,1153,1494,1640,13,136346,10907,1880,1154,1640,1873,1151,1490,99,100,0,601,1893
spec2hmmer,484,311,1874,1152,1507,1646,13,136342,10907,1875,1153,1510,1871,1151,1491,98,100,0,601,1907
spec2hmmer,484,312,1875,1152,1506,1651,13,136339,10907,1875,1152,1510,1871,1150,1494,98,100,0,601,1907
spec2hmmer,484,313,1878,1152,1506,1656,13,136337,10907,1878,1153,1639,1872,1150,1495,98,100,0,601,1907
spec2hmmer,484,314,1876,1153,1506,1661,13,136339,10907,1878,1154,1512,1874,1151,1493,98,100,0,601,1910
spec2hmmer,484,315,1876,1152,1507,1666,13,136332,10906,1877,1153,1510,1873,1151,1494,98,100,0,601,1907
spec2hmmer,484,316,1883,1153,1506,1672,13,136331,10906,1883,1154,1636,1876,1151,1499,98,100,0,601,1910
spec2hmmer,484,317,1878,1153,1506,1677,13,136328,10906,1883,1153,1508,1876,1151,1494,98,100,0,601,1907
spec2hmmer,484,318,1871,1152,1496,1682,13,136325,10906,1878,1153,1508,1871,1151,1494,98,100,0,601,1893
spec2hmmer,484,319,1881,1153,1505,1687,13,136324,10905,1881,1154,1635,1871,1150,1495,98,100,0,601,1907
spec2hmmer,484,320,1875,1153,1495,1693,13,136321,10905,1881,1153,1506,1875,1151,1495,98,100,0,601,1895
spec2hmmer,484,321,1874,1153,1495,1698,13,136322,10905,1877,1153,1510,1874,1151,1494,98,100,0,601,1893
spec2hmmer,484,322,1883,1152,1510,1703,13,136322,10905,1883,1153,1638,1874,1151,1494,97,100,0,601,1941
spec2hmmer,484,323,1878,1151,1507,1708,13,136319,10905,1883,1153,1510,1876,1151,1495,98,100,0,600,1910
spec2hmmer,484,324,1878,1151,1509,1714,13,136313,10905,1879,1153,1510,1875,1150,1495,98,100,0,600,1910
spec2hmmer,484,325,1878,1151,1651,1719,13,136311,10904,1878,1153,1651,1875,1150,1489,98,100,0,600,1907
spec2hmmer,484,326,1879,1152,1506,1724,13,136309,10904,1882,1153,1651,1877,1150,1495,98,100,0,599,1910
spec2hmmer,484,327,1877,1151,1507,1729,13,136307,10904,1879,1153,1512,1875,1151,1494,98,100,0,599,1907
spec2hmmer,484,328,1877,1152,1507,1734,13,136304,10904,1877,1153,1510,1874,1151,1492,98,100,0,600,1910
spec2hmmer,484,329,1883,1151,1509,1740,13,136308,10904,1883,1153,1639,1877,1150,1500,98,100,0,599,1910
spec2hmmer,484,330,1878,1151,1507,1745,13,136302,10904,1883,1152,1513,1876,1150,1494,98,100,0,599,1910
spec2hmmer,484,331,1876,1151,1496,1750,14,136299,10903,1880,1152,1512,1876,1150,1495,98,100,0,600,1895
spec2hmmer,484,332,1877,1151,1497,1755,14,136298,10903,1881,1153,1639,1875,1151,1495,99,100,0,600,1895
spec2hmmer,484,333,1876,1151,1496,1761,14,136296,10903,1879,1152,1513,1876,1150,1496,98,100,0,600,1895
spec2hmmer,484,334,1879,1152,1507,1766,14,136294,10903,1879,1152,1510,1874,1150,1496,98,100,0,600,1910
spec2hmmer,484,335,1877,1152,1496,1771,14,136292,10903,1882,1153,1633,1877,1150,1493,99,100,0,600,1895
spec2hmmer,484,336,1876,1152,1496,1776,14,136294,10903,1878,1153,1510,1875,1151,1495,98,100,0,600,1895
spec2hmmer,484,337,1879,1152,1506,1782,14,136289,10903,1879,1153,1519,1874,1151,1495,98,100,0,600,1910
spec2hmmer,484,338,1879,1151,1507,1787,14,136287,10903,1881,1153,1645,1877,1150,1490,98,100,0,600,1910
spec2hmmer,484,339,1878,1151,1497,1792,14,136286,10902,1881,1152,1509,1878,1150,1496,98,100,0,600,1898
spec2hmmer,484,340,1876,1152,1497,1797,14,136287,10903,1879,1153,1522,1876,1151,1495,99,100,0,600,1893
spec2hmmer,484,341,1882,1151,1508,1802,14,136283,10902,1882,1153,1639,1875,1150,1496,98,100,0,600,1910
spec2hmmer,484,342,1881,1152,1508,1808,14,136282,10902,1882,1152,1510,1880,1150,1501,98,100,0,600,1910
spec2hmmer,484,343,1877,1152,1508,1813,14,136279,10902,1881,1152,1511,1876,1150,1495,98,100,0,600,1910
spec2hmmer,484,344,1880,1151,1509,1818,14,136278,10902,1880,1152,1626,1874,1150,1495,98,100,0,599,1910
spec2hmmer,484,345,1881,1151,1508,1823,14,136277,10902,1881,1152,1511,1880,1150,1503,98,100,0,599,1910
spec2hmmer,484,346,1878,1152,1507,1829,14,136275,10902,1881,1152,1511,1876,1149,1496,98,100,0,600,1907
spec2hmmer,484,347,1879,1153,1505,1834,14,136273,10901,1879,1153,1639,1874,1150,1495,98,100,0,600,1910
spec2hmmer,484,348,1880,1152,1507,1839,14,136272,10901,1880,1153,1509,1879,1150,1499,98,100,0,600,1910
spec2hmmer,484,349,1881,1152,1507,1844,14,136271,10901,1881,1152,1509,1880,1150,1500,98,100,0,600,1910
spec2hmmer,484,350,1881,1153,1505,1850,14,136269,10901,1881,1153,1648,1875,1150,1494,98,100,0,599,1913
spec2hmmer,484,351,1878,1152,1508,1855,14,136267,10901,1881,1153,1511,1876,1151,1495,98,100,0,600,1910
spec2hmmer,484,352,1876,1152,1496,1860,14,136265,10901,1880,1152,1509,1876,1150,1495,98,100,0,600,1895
spec2hmmer,484,353,1880,1152,1501,1865,14,136268,10901,1880,1154,1637,1875,1149,1488,97,100,0,600,1927
spec2hmmer,484,354,1876,1153,1495,1871,14,136262,10900,1880,1154,1508,1876,1151,1491,98,100,0,600,1895
spec2hmmer,484,355,1880,1150,1509,1876,15,136261,10900,1880,1153,1511,1875,1150,1495,98,100,0,600,1910
spec2hmmer,484,356,1881,1152,1510,1881,15,136260,10900,1881,1153,1639,1878,1149,1493,98,100,0,600,1913
spec2hmmer,484,357,1877,1151,1496,1886,15,136258,10900,1881,1153,1510,1877,1150,1492,99,100,0,600,1893
spec2hmmer,484,358,1876,1151,1496,1892,15,136260,10900,1879,1152,1510,1876,1150,1495,99,100,0,599,1893
spec2hmmer,484,359,1876,1152,1496,1897,15,136254,10900,1878,1153,1511,1874,1151,1495,98,100,0,600,1895
spec2hmmer,484,360,1877,1150,1508,1902,15,136252,10900,1878,1153,1635,1874,1150,1490,98,100,0,600,1907
spec2hmmer,484,361,1879,1151,1507,1907,15,136255,10900,1879,1152,1509,1877,1150,1501,98,100,0,600,1910
spec2hmmer,484,362,1872,1152,1496,1912,15,136248,10899,1879,1152,1508,1872,1150,1493,98,100,0,600,1895
spec2hmmer,484,363,1880,1151,1508,1918,15,136247,10899,1880,1153,1636,1871,1150,1495,98,100,0,600,1910
spec2hmmer,484,364,1881,1152,1506,1923,15,136246,10899,1881,1153,1509,1880,1150,1500,98,100,0,600,1907
spec2hmmer,484,365,1877,1151,1507,1928,15,136244,10899,1881,1153,1511,1875,1150,1495,98,100,0,600,1910
spec2hmmer,484,366,1881,1152,1507,1933,15,136244,10899,1882,1153,1636,1877,1150,1500,98,100,0,600,1910
spec2hmmer,484,367,1873,1152,1496,1939,15,136241,10899,1881,1153,1510,1873,1151,1492,98,100,0,600,1895
spec2hmmer,484,368,1874,1150,1499,1944,15,136239,10899,1877,1152,1511,1872,1150,1496,98,100,0,600,1895
spec2hmmer,484,369,1879,1152,1507,1949,15,136242,10899,1881,1153,1640,1873,1150,1496,98,100,0,600,1904
spec2hmmer,484,370,1876,1152,1495,1954,15,136236,10898,1880,1153,1518,1876,1151,1495,98,100,0,599,1895
spec2hmmer,484,371,1875,1150,1508,1960,15,136234,10898,1876,1152,1510,1872,1150,1493,98,100,0,600,1907
spec2hmmer,484,372,1878,1152,1507,1965,15,136233,10898,1878,1153,1636,1874,1150,1490,98,100,0,600,1910
spec2hmmer,484,373,1877,1152,1505,1970,15,136234,10898,1879,1153,1509,1875,1151,1495,98,100,0,600,1910
spec2hmmer,484,374,1876,1152,1506,1975,15,136229,10898,1878,1153,1509,1874,1151,1495,98,100,0,600,1907
spec2hmmer,484,375,1877,1154,1494,1980,15,136228,10898,1883,1154,1637,1876,1151,1494,99,100,0,600,1893
spec2hmmer,484,376,1875,1152,1495,1986,15,136226,10898,1878,1154,1509,1875,1151,1493,98,100,0,600,1895
spec2hmmer,484,377,1874,1152,1507,1991,15,136223,10897,1875,1153,1510,1871,1151,1492,98,100,0,600,1907
spec2hmmer,484,378,1877,1154,1492,1996,15,136222,10897,1880,1154,1633,1874,1151,1489,99,100,0,600,1890
spec2hmmer,484,379,1874,1153,1494,2001,16,136220,10897,1877,1154,1508,1874,1152,1492,98,100,0,601,1895
spec2hmmer,484,380,1874,1152,1495,2007,16,136218,10897,1876,1153,1508,1873,1151,1494,98,100,0,601,1893
spec2hmmer,484,381,1877,1153,1494,2012,16,136216,10897,1878,1154,1632,1872,1151,1488,99,100,0,600,1893
spec2hmmer,484,382,1874,1153,1493,2017,16,136214,10897,1877,1154,1506,1874,1152,1492,98,100,0,600,1893
spec2hmmer,484,383,1875,1152,1494,2022,16,136212,10897,1876,1154,1506,1873,1151,1492,99,100,0,600,1893
spec2hmmer,484,384,1878,1153,1492,2028,16,136211,10896,1878,1153,1634,1873,1151,1488,97,100,0,600,1927
spec2hmmer,484,385,1878,1152,1505,2033,16,136210,10896,1878,1154,1508,1876,1151,1490,98,100,0,600,1907
spec2hmmer,484,386,1874,1154,1493,2038,16,136208,10896,1879,1154,1507,1874,1151,1492,98,100,0,600,1893
spec2hmmer,484,387,1877,1152,1505,2043,16,136206,10896,1877,1154,1507,1874,1152,1492,98,100,0,600,1910
spec2hmmer,484,388,1877,1152,1506,2048,16,136208,10896,1882,1153,1636,1875,1150,1493,98,100,0,599,1907
spec2hmmer,484,389,1877,1153,1506,2054,16,136203,10896,1877,1154,1507,1874,1151,1494,98,100,0,600,1907
spec2hmmer,484,390,1876,1152,1496,2059,16,136202,10896,1880,1154,1508,1876,1151,1492,98,100,0,600,1895
spec2hmmer,484,391,1880,1153,1506,2064,16,136201,10896,1881,1154,1634,1875,1151,1495,98,100,0,600,1910
spec2hmmer,484,392,1876,1152,1506,2069,16,136199,10895,1880,1154,1508,1875,1151,1493,98,100,0,600,1910
spec2hmmer,484,393,1875,1154,1492,2075,16,136201,10896,1879,1155,1521,1875,1152,1490,99,100,0,601,1893
spec2hmmer,484,394,1876,1154,1502,2080,16,136196,10895,1877,1156,1648,1873,1153,1486,98,100,0,601,1907
spec2hmmer,484,395,1876,1156,1489,2085,16,136195,10895,1878,1157,1515,1876,1154,1488,99,100,0,601,1893
spec2hmmer,484,396,1878,1155,1501,2090,16,136193,10895,1878,1157,1508,1874,1154,1489,98,100,0,601,1907
spec2hmmer,484,397,1878,1156,1502,2096,16,136196,10895,1880,1157,1630,1877,1154,1486,98,100,0,601,1910
spec2hmmer,484,398,1877,1156,1501,2101,16,136191,10895,1879,1157,1504,1875,1154,1489,98,100,0,601,1907
spec2hmmer,484,399,1877,1155,1501,2106,16,136189,10895,1877,1156,1509,1876,1155,1492,98,100,0,601,1907
spec2hmmer,484,400,1877,1156,1490,2111,16,136188,10895,1882,1157,1638,1877,1155,1488,99,100,0,601,1893
spec2hmmer,484,401,1874,1157,1490,2116,16,136186,10894,1878,1157,1510,1874,1155,1489,98,100,0,601,1895
spec2hmmer,484,402,1874,1156,1491,2122,16,136185,10894,1877,1157,1503,1874,1154,1489,98,100,0,599,1895
spec2hmmer,484,403,1881,1158,1498,2127,17,136184,10894,1881,1158,1631,1873,1154,1490,98,100,0,600,1907
spec2hmmer,484,404,1877,1157,1490,2132,17,136183,10894,1881,1158,1501,1877,1155,1489,99,100,0,600,1893
spec2hmmer,484,405,1879,1156,1499,2137,17,136182,10894,1879,1157,1503,1875,1156,1489,98,100,0,600,1907
spec2hmmer,484,406,1875,1158,1489,2143,17,136180,10894,1879,1158,1627,1875,1154,1485,98,100,0,600,1895
spec2hmmer,484,407,1874,1155,1490,2148,17,136178,10894,1877,1158,1508,1874,1155,1488,98,100,0,600,1893
spec2hmmer,484,408,1875,1156,1490,2153,17,136176,10894,1877,1156,1505,1873,1154,1489,98,100,0,600,1895
spec2hmmer,484,409,1882,1156,1501,2158,17,136179,10894,1882,1157,1628,1874,1154,1490,98,100,0,600,1907
spec2hmmer,484,410,1877,1155,1502,2164,17,136174,10893,1882,1156,1504,1876,1154,1489,98,100,0,600,1907
spec2hmmer,484,411,1876,1155,1490,2169,17,136173,10893,1880,1157,1504,1876,1154,1489,99,100,0,600,1893
spec2hmmer,484,412,1882,1157,1500,2174,17,136173,10893,1882,1157,1627,1875,1155,1489,98,100,0,600,1910
spec2hmmer,484,413,1877,1156,1490,2179,17,136171,10893,1882,1158,1501,1877,1155,1489,99,100,0,600,1893
spec2hmmer,484,414,1876,1155,1490,2184,17,136170,10893,1878,1157,1504,1875,1155,1489,99,100,0,600,1893
spec2hmmer,484,415,1883,1158,1499,2190,17,136169,10893,1883,1158,1631,1874,1154,1490,97,100,0,600,1941
spec2hmmer,484,416,1878,1156,1501,2195,17,136168,10893,1883,1158,1504,1876,1155,1489,98,100,0,600,1907
spec2hmmer,484,417,1877,1157,1490,2200,17,136166,10893,1880,1157,1502,1877,1155,1489,99,100,0,600,1895
spec2hmmer,484,418,1875,1155,1600,2206,17,136165,10893,1878,1157,1600,1875,1155,1489,98,100,0,600,1895
spec2hmmer,484,419,1875,1158,1488,2211,17,136164,10893,1879,1158,1600,1875,1155,1485,99,100,0,600,1893
spec2hmmer,484,420,1878,1156,1499,2216,17,136163,10893,1878,1158,1502,1874,1155,1487,98,100,0,600,1907
spec2hmmer,484,421,1880,1155,1502,2221,17,136165,10893,1880,1157,1504,1878,1154,1497,98,100,0,600,1907
spec2hmmer,484,422,1881,1155,1500,2226,17,136162,10892,1883,1158,1629,1880,1154,1493,98,100,0,600,1907
spec2hmmer,484,423,1877,1156,1500,2232,17,136163,10893,1881,1157,1503,1875,1155,1488,98,100,0,600,1904
spec2hmmer,484,424,1878,1156,1500,2237,17,136159,10892,1878,1157,1502,1877,1154,1493,98,100,0,600,1907
spec2hmmer,484,425,1879,1156,1500,2242,17,136162,10892,1882,1158,1623,1878,1155,1488,98,100,0,599,1901
spec2hmmer,484,426,1880,1157,1500,2247,17,136158,10892,1881,1157,1504,1879,1155,1494,98,100,0,600,1910
spec2hmmer,484,427,1877,1157,1490,2253,18,136160,10892,1881,1157,1515,1877,1156,1489,99,100,0,599,1895
spec2hmmer,484,428,1880,1157,1499,2258,18,136159,10892,1881,1158,1637,1876,1155,1490,98,100,0,600,1907
spec2hmmer,484,429,1876,1157,1488,2263,18,136158,10892,1880,1158,1509,1876,1156,1488,99,100,0,601,1893
spec2hmmer,484,430,1874,1157,1489,2268,18,136153,10892,1877,1158,1501,1874,1156,1485,98,100,0,601,1893
spec2hmmer,484,431,1877,1157,1488,2274,18,136155,10892,1880,1158,1629,1873,1155,1485,99,100,0,601,1895
spec2hmmer,484,432,1878,1156,1500,2279,18,136151,10892,1878,1157,1502,1875,1155,1488,98,100,0,601,1907
spec2hmmer,484,433,1875,1156,1489,2284,18,136153,10892,1879,1157,1503,1875,1155,1487,99,100,0,600,1893
spec2hmmer,484,434,1878,1157,1488,2289,18,136148,10891,1881,1159,1629,1874,1154,1486,99,100,0,599,1893
spec2hmmer,484,435,1874,1157,1500,2294,18,136147,10891,1878,1158,1503,1872,1156,1486,98,100,0,600,1907
spec2hmmer,484,436,1875,1157,1500,2300,18,136148,10891,1876,1157,1504,1872,1155,1488,98,100,0,600,1910
spec2hmmer,484,437,1878,1158,1497,2305,18,136144,10891,1878,1158,1630,1873,1155,1487,98,100,0,600,1907
spec2hmmer,484,438,1875,1156,1498,2310,18,136142,10891,1878,1158,1502,1873,1156,1487,98,100,0,600,1904
spec2hmmer,484,439,1878,1158,1497,2315,18,136141,10891,1878,1158,1500,1875,1156,1492,98,100,0,600,1907
spec2hmmer,484,440,1882,1158,1497,2321,18,136141,10891,1883,1159,1627,1878,1156,1491,98,100,0,600,1907
spec2hmmer,484,441,1876,1158,1486,2326,18,136140,10891,1882,1158,1500,1876,1156,1486,99,100,0,600,1893
spec2hmmer,484,442,1875,1158,1486,2331,18,136138,10891,1877,1159,1500,1875,1157,1485,98,100,0,600,1895
spec2hmmer,484,443,1877,1158,1486,2336,18,136137,10891,1878,1159,1624,1873,1157,1482,99,100,0,600,1895
spec2hmmer,484,444,1878,1157,1499,2342,18,136136,10890,1878,1159,1501,1875,1156,1485,98,100,0,600,1907
spec2hmmer,484,445,1876,1157,1497,2347,18,136134,10890,1879,1158,1501,1874,1156,1486,98,100,0,600,1907
spec2hmmer,484,446,1883,1159,1500,2352,18,136134,10890,1883,1159,1623,1876,1156,1492,97,100,0,600,1932
spec2hmmer,484,447,1872,1158,1487,2357,18,136132,10890,1883,1159,1502,1872,1157,1485,98,100,0,599,1893
spec2hmmer,484,448,1875,1158,1496,2362,18,136131,10890,1876,1159,1500,1872,1157,1486,98,100,0,600,1898
spec2hmmer,484,449,1876,1158,1488,2368,18,136130,10890,1879,1159,1504,1875,1157,1487,98,100,0,600,1895
spec2hmmer,484,450,1877,1158,1487,2373,18,136132,10890,1880,1159,1625,1876,1156,1483,99,100,0,600,1895
spec2hmmer,484,451,1876,1157,1500,2378,19,136127,10890,1877,1159,1502,1872,1156,1486,98,100,0,600,1907
spec2hmmer,484,452,1876,1158,1487,2383,19,136126,10890,1879,1159,1500,1876,1157,1487,98,100,0,599,1895
spec2hmmer,484,453,1877,1159,1488,2389,19,136125,10890,1881,1159,1624,1874,1156,1487,99,100,0,600,1895
spec2hmmer,484,454,1876,1158,1488,2394,19,136124,10889,1879,1159,1502,1876,1156,1487,98,100,0,599,1895
spec2hmmer,484,455,1879,1159,1497,2399,19,136123,10889,1879,1159,1499,1874,1157,1485,98,100,0,600,1907
spec2hmmer,484,456,1878,1158,1487,2404,19,136123,10889,1882,1159,1622,1878,1156,1486,99,100,0,599,1895
spec2hmmer,484,457,1876,1158,1488,2409,19,136121,10889,1879,1158,1560,1876,1156,1486,99,100,0,600,1893
spec2hmmer,484,458,1879,1158,1499,2415,19,136121,10889,1879,1159,1502,1875,1157,1488,98,100,0,600,1910
spec2hmmer,484,459,1880,1158,1498,2420,19,136123,10889,1881,1159,1643,1877,1156,1482,98,100,0,600,1907
spec2hmmer,484,460,1877,1159,1487,2425,19,136119,10889,1880,1159,1512,1877,1157,1486,99,100,0,600,1893
spec2hmmer,484,461,1875,1157,1501,2430,19,136117,10889,1877,1159,1503,1872,1155,1484,98,100,0,600,1907
spec2hmmer,484,462,1878,1157,1500,2436,19,136119,10889,1878,1158,1627,1873,1156,1484,98,100,0,599,1910
spec2hmmer,484,463,1878,1156,1490,2441,19,136115,10889,1879,1158,1503,1878,1155,1489,98,100,0,600,1898
spec2hmmer,484,464,1876,1156,1490,2446,19,136114,10889,1878,1157,1503,1876,1155,1489,98,100,0,600,1895
spec2hmmer,484,465,1876,1157,1490,2452,19,136113,10889,1881,1158,1628,1875,1155,1484,99,100,0,600,1893
spec2hmmer,484,466,1877,1156,1501,2457,19,136112,10889,1878,1158,1504,1874,1155,1488,98,100,0,600,1904
spec2hmmer,484,467,1879,1157,1501,2462,19,136111,10888,1879,1157,1505,1877,1155,1494,98,100,0,601,1907
spec2hmmer,484,468,1880,1157,1499,2467,19,136111,10888,1880,1158,1634,1875,1154,1489,98,100,0,601,1907
spec2hmmer,484,469,1877,1154,1505,2472,19,136112,10889,1880,1158,1510,1875,1152,1488,98,100,0,601,1910
spec2hmmer,484,470,1876,1153,1506,2477,19,136108,10888,1878,1154,1510,1874,1152,1493,98,100,0,601,1907
spec2hmmer,484,471,1879,1152,1495,2483,19,136110,10888,1881,1154,1631,1876,1151,1490,99,100,0,601,1895
spec2hmmer,484,472,1875,1153,1497,2488,19,136106,10888,1879,1153,1509,1875,1151,1494,99,100,0,601,1893
spec2hmmer,484,473,1875,1153,1496,2493,19,136105,10888,1877,1154,1509,1874,1151,1494,99,100,0,601,1893
spec2hmmer,484,474,1882,1152,1506,2499,19,136104,10888,1882,1153,1636,1873,1150,1494,96,100,0,601,1941
spec2hmmer,484,475,1877,1153,1495,2504,20,136103,10888,1882,1153,1509,1877,1151,1495,99,100,0,601,1893
spec2hmmer,484,476,1879,1152,1508,2509,20,136103,10888,1879,1153,1509,1875,1151,1494,98,100,0,601,1910
spec2hmmer,484,477,1876,1152,1506,2514,20,136101,10888,1879,1153,1510,1874,1151,1494,98,100,0,601,1910
spec2hmmer,484,478,1876,1154,1494,2520,20,136100,10888,1880,1154,1635,1876,1151,1493,98,100,0,601,1895
spec2hmmer,484,479,1874,1153,1507,2525,20,136099,10887,1876,1154,1509,1871,1151,1494,98,100,0,601,1907
spec2hmmer,484,480,1875,1151,1507,2530,20,136100,10888,1876,1153,1511,1873,1151,1494,98,100,0,601,1907
spec2hmmer,484,481,1875,1151,1497,2535,20,136096,10887,1881,1154,1637,1875,1150,1495,99,100,0,601,1893
spec2hmmer,484,482,1876,1151,1497,2540,20,136095,10887,1878,1153,1511,1873,1151,1496,98,100,0,601,1901
spec2hmmer,484,483,1686,1153,1355,2545,20,136068,10885,1876,1154,1540,1686,1151,1354,98,100,0,600,1714
Processed 484 lines from power meter
There were 0 errors in reading from the meter
