RunId,NumDataLines,SeqNum,Watts,Amps,WattHours,Cost,MoKWh,MoCost,MaxWatts,MaxVolts,MaxAmps,MinWatts,MinVolts,MinAmps,Factor,DutyCycle,PowerCycle
spec2mcf,242,0,2020,1151,1614,10,0,145298,11623,2020,1152,1664,2004,1150,1612,97,100,0,600,2072
spec2mcf,242,1,2025,1151,1622,16,0,145240,11619,2027,1152,1638,2020,1149,1577,98,100,0,600,2058
spec2mcf,242,2,2035,1151,1636,22,0,145728,11658,2035,1152,1648,2025,1149,1620,98,100,0,600,2075
spec2mcf,242,3,2031,1152,1618,27,0,145898,11671,2036,1152,1639,2031,1150,1618,98,100,0,600,2058
spec2mcf,242,4,2024,1152,1610,33,0,145932,11674,2032,1152,1666,2024,1150,1599,98,100,0,600,2058
spec2mcf,242,5,2038,1151,1635,39,0,146157,11692,2038,1152,1645,2024,1150,1610,98,100,0,600,2075
spec2mcf,242,6,2024,1152,1621,44,0,146112,11689,2038,1152,1651,2024,1150,1600,98,100,0,599,2052
spec2mcf,242,7,2024,1151,1620,50,0,146130,11690,2025,1153,1655,2024,1149,1615,98,100,0,600,2055
spec2mcf,242,8,2025,1151,1623,55,0,146143,11691,2025,1152,1624,2024,1150,1619,98,100,0,600,2058
spec2mcf,242,9,2027,1151,1624,61,0,146176,11694,2028,1152,1633,2025,1150,1620,98,100,0,599,2060
spec2mcf,242,10,2027,1152,1624,67,0,146195,11695,2027,1153,1657,2027,1150,1614,98,100,0,600,2060
spec2mcf,242,11,2028,1151,1622,72,0,146329,11706,2028,1152,1627,2027,1151,1619,98,100,0,600,2060
spec2mcf,242,12,2028,1151,1623,78,0,146233,11698,2028,1152,1628,2027,1149,1621,98,100,0,600,2060
spec2mcf,242,13,2029,1152,1624,84,0,146257,11700,2029,1153,1667,2028,1150,1617,98,100,0,599,2058
spec2mcf,242,14,2029,1152,1625,89,0,146369,11709,2029,1152,1627,2028,1150,1622,98,100,0,600,2060
spec2mcf,242,15,2029,1152,1625,95,0,146381,11710,2030,1153,1628,2029,1150,1620,98,100,0,599,2060
spec2mcf,242,16,2030,1152,1626,101,0,146315,11705,2031,1153,1666,2029,1150,1617,98,100,0,600,2063
spec2mcf,242,17,2030,1152,1627,106,0,146331,11706,2031,1153,1628,2030,1150,1618,98,100,0,600,2060
spec2mcf,242,18,2030,1152,1625,112,0,146347,11707,2031,1152,1633,2030,1150,1621,98,100,0,600,2063
spec2mcf,242,19,2031,1152,1626,118,0,146363,11709,2031,1153,1668,2030,1150,1621,98,100,0,600,2063
spec2mcf,242,20,2030,1152,1624,123,0,146371,11709,2031,1153,1627,2029,1151,1618,98,100,0,600,2063
spec2mcf,242,21,2029,1151,1625,129,1,146381,11710,2030,1153,1627,2029,1150,1621,98,100,0,600,2063
spec2mcf,242,22,2038,1152,1626,135,1,146426,11714,2039,1152,1660,2029,1149,1624,98,100,0,600,2060
spec2mcf,242,23,2032,1152,1626,140,1,146432,11714,2038,1153,1628,2032,1150,1620,98,100,0,600,2060
spec2mcf,242,24,2030,1151,1624,146,1,146439,11715,2032,1153,1628,2030,1150,1621,98,100,0,600,2060
spec2mcf,242,25,2031,1152,1624,152,1,146502,11720,2031,1153,1670,2030,1150,1619,98,100,0,600,2063
spec2mcf,242,26,2030,1152,1624,157,1,146452,11716,2031,1152,1626,2030,1150,1622,98,100,0,600,2063
spec2mcf,242,27,2030,1150,1625,163,1,146456,11716,2030,1152,1632,2029,1150,1623,98,100,0,600,2060
spec2mcf,242,28,2031,1151,1624,169,1,146513,11721,2031,1153,1676,2029,1149,1623,98,100,0,600,2060
spec2mcf,242,29,2031,1151,1613,174,1,146469,11717,2031,1152,1664,2030,1150,1613,98,100,0,599,2066
spec2mcf,242,30,2040,1151,1634,180,1,146502,11720,2040,1152,1675,2030,1150,1611,98,100,0,599,2080
spec2mcf,242,31,2021,1152,1579,186,1,146475,11718,2041,1153,1667,2021,1150,1579,99,100,0,600,2038
spec2mcf,242,32,2016,1152,1612,191,1,146443,11715,2021,1153,1631,2014,1150,1579,98,100,0,600,2052
spec2mcf,242,33,2023,1152,1615,197,1,146442,11715,2025,1152,1664,2016,1150,1609,98,100,0,599,2049
spec2mcf,242,34,2022,1153,1618,202,1,146431,11714,2023,1153,1623,2022,1150,1615,98,100,0,600,2055
spec2mcf,242,35,2030,1153,1630,208,1,146438,11715,2030,1153,1661,2022,1152,1614,98,100,0,600,2069
spec2mcf,242,36,2026,1153,1619,214,1,146435,11714,2031,1153,1634,2026,1151,1616,98,100,0,600,2058
spec2mcf,242,37,2030,1153,1622,219,1,146446,11715,2033,1154,1634,2026,1152,1617,98,100,0,600,2058
spec2mcf,242,38,2027,1152,1623,225,1,146445,11715,2030,1154,1645,2027,1151,1615,98,100,0,600,2060
spec2mcf,242,39,2027,1152,1619,231,1,146444,11715,2028,1154,1625,2027,1151,1618,98,100,0,600,2058
spec2mcf,242,40,2027,1152,1624,236,1,146478,11718,2028,1154,1626,2027,1150,1619,98,100,0,600,2058
spec2mcf,242,41,2035,1152,1637,242,1,146458,11716,2035,1153,1660,2027,1151,1618,98,100,0,601,2075
spec2mcf,242,42,2039,1152,1638,248,1,146478,11718,2039,1153,1639,2035,1151,1623,98,100,0,601,2077
spec2mcf,242,43,2033,1152,1624,253,2,146515,11721,2040,1153,1638,2033,1151,1621,98,100,0,601,2060
spec2mcf,242,44,2039,1152,1637,259,2,146499,11719,2039,1154,1659,2032,1151,1621,98,100,0,601,2077
spec2mcf,242,45,2041,1152,1639,265,2,146518,11721,2041,1153,1641,2037,1151,1623,98,100,0,601,2077
spec2mcf,242,46,2038,1152,1627,270,2,146563,11725,2043,1153,1639,2038,1151,1624,98,100,0,601,2063
spec2mcf,242,47,2034,1152,1625,276,2,146538,11723,2038,1154,1669,2034,1151,1622,98,100,0,601,2063
spec2mcf,242,48,2032,1152,1627,282,2,146541,11723,2034,1153,1631,2032,1151,1621,98,100,0,601,2063
spec2mcf,242,49,2032,1151,1627,287,2,146545,11723,2032,1152,1629,2031,1151,1622,98,100,0,601,2060
spec2mcf,242,50,2032,1153,1625,293,2,146550,11724,2033,1153,1668,2032,1151,1619,98,100,0,601,2063
spec2mcf,242,51,2032,1151,1627,299,2,146553,11724,2032,1153,1629,2032,1151,1622,98,100,0,600,2060
spec2mcf,242,52,2032,1152,1628,304,2,146557,11724,2032,1153,1629,2031,1150,1622,98,100,0,600,2066
spec2mcf,242,53,2043,1152,1640,310,2,146609,11728,2043,1153,1669,2032,1150,1625,98,100,0,600,2080
spec2mcf,242,54,2046,1151,1641,316,2,146605,11728,2046,1153,1641,2043,1151,1632,98,100,0,600,2080
spec2mcf,242,55,2040,1152,1627,322,2,146617,11729,2047,1152,1641,2040,1150,1626,98,100,0,599,2066
spec2mcf,242,56,2036,1152,1627,327,2,146623,11729,2040,1152,1673,2036,1150,1626,98,100,0,600,2066
spec2mcf,242,57,2034,1151,1627,333,2,146626,11730,2036,1152,1634,2034,1150,1626,98,100,0,600,2066
spec2mcf,242,58,2044,1151,1634,339,2,146672,11733,2044,1152,1669,2034,1150,1627,98,100,0,600,2077
spec2mcf,242,59,2045,1152,1628,344,2,146662,11733,2045,1153,1676,2041,1150,1607,98,100,0,599,2083
spec2mcf,242,60,2020,1152,1624,350,2,146666,11733,2045,1153,1641,2020,1150,1584,99,100,0,599,2038
spec2mcf,242,61,2018,1152,1621,355,2,146625,11730,2020,1152,1656,2013,1150,1588,98,100,0,599,2058
spec2mcf,242,62,2024,1152,1621,361,2,146620,11729,2024,1153,1626,2018,1150,1618,98,100,0,600,2060
spec2mcf,242,63,2028,1151,1625,367,2,146642,11731,2028,1152,1659,2024,1150,1618,98,100,0,600,2063
spec2mcf,242,64,2030,1152,1625,372,2,146620,11729,2030,1152,1629,2028,1150,1623,98,100,0,600,2060
spec2mcf,242,65,2032,1152,1626,378,3,146622,11729,2032,1153,1631,2030,1149,1624,98,100,0,599,2066
spec2mcf,242,66,2034,1151,1628,384,3,146627,11730,2034,1152,1668,2032,1150,1623,98,100,0,600,2066
spec2mcf,242,67,2033,1150,1627,389,3,146632,11730,2034,1152,1638,2033,1150,1625,98,100,0,600,2066
spec2mcf,242,68,2039,1151,1640,395,3,146641,11731,2039,1152,1641,2033,1150,1624,98,100,0,600,2080
spec2mcf,242,69,2037,1151,1626,401,3,146648,11731,2042,1153,1666,2037,1150,1624,98,100,0,600,2063
spec2mcf,242,70,2040,1151,1638,406,3,146656,11732,2040,1152,1641,2034,1150,1623,98,100,0,600,2077
spec2mcf,242,71,2036,1151,1627,412,3,146661,11732,2041,1152,1640,2036,1150,1625,98,100,0,600,2060
spec2mcf,242,72,2033,1151,1626,418,3,146663,11733,2036,1152,1674,2033,1149,1624,98,100,0,600,2063
spec2mcf,242,73,2042,1151,1639,423,3,146677,11734,2042,1151,1641,2033,1150,1625,98,100,0,600,2077
spec2mcf,242,74,2043,1151,1638,429,3,146689,11735,2044,1152,1679,2041,1149,1621,98,100,0,599,2077
spec2mcf,242,75,2031,1151,1620,435,3,146689,11735,2046,1153,1667,2031,1150,1595,99,100,0,600,2046
spec2mcf,242,76,2022,1151,1623,440,3,146695,11735,2031,1152,1666,2020,1150,1600,98,100,0,600,2058
spec2mcf,242,77,2024,1151,1622,446,3,146671,11733,2024,1152,1625,2022,1150,1614,98,100,0,600,2055
spec2mcf,242,78,2026,1151,1623,452,3,146668,11733,2027,1153,1660,2024,1150,1617,98,100,0,600,2058
spec2mcf,242,79,2028,1151,1625,457,3,146666,11733,2028,1152,1628,2026,1150,1620,98,100,0,600,2060
spec2mcf,242,80,2031,1150,1628,463,3,146667,11733,2031,1152,1630,2028,1150,1623,98,100,0,600,2063
spec2mcf,242,81,2033,1152,1628,469,3,146670,11733,2033,1153,1663,2031,1150,1624,98,100,0,599,2066
spec2mcf,242,82,2033,1151,1626,474,3,146671,11733,2033,1152,1632,2033,1150,1625,98,100,0,600,2063
spec2mcf,242,83,2031,1151,1626,480,3,146671,11733,2033,1152,1629,2031,1150,1624,98,100,0,600,2063
spec2mcf,242,84,2032,1152,1626,486,3,146689,11735,2032,1152,1671,2030,1149,1625,98,100,0,600,2063
spec2mcf,242,85,2030,1150,1627,491,3,146671,11733,2032,1152,1630,2030,1148,1626,98,100,0,600,2060
spec2mcf,242,86,2030,1150,1628,497,3,146670,11733,2031,1151,1629,2030,1149,1626,98,100,0,600,2060
spec2mcf,242,87,2032,1150,1625,503,4,146671,11733,2032,1152,1681,2030,1148,1625,97,100,0,600,2077
spec2mcf,242,88,2030,1151,1626,508,4,146669,11733,2032,1151,1627,2030,1149,1625,98,100,0,600,2060
spec2mcf,242,89,2036,1150,1638,514,4,146674,11733,2036,1151,1639,2029,1149,1625,98,100,0,600,2077
spec2mcf,242,90,2032,1151,1638,519,4,146674,11733,2037,1152,1654,2032,1148,1625,98,100,0,601,2060
spec2mcf,242,91,2033,1151,1653,525,4,146675,11734,2033,1152,1671,2027,1150,1593,98,100,0,601,2072
spec2mcf,242,92,2003,1151,1635,531,4,146671,11733,2033,1152,1668,1979,1149,1562,96,100,0,601,2072
spec2mcf,242,93,2027,1150,1625,536,4,146661,11732,2027,1151,1639,2003,1148,1624,98,100,0,601,2060
spec2mcf,242,94,2038,1149,1628,542,4,146671,11733,2038,1151,1668,2027,1149,1625,98,100,0,601,2072
spec2mcf,242,95,2039,1149,1640,548,4,146676,11734,2039,1150,1642,2036,1148,1627,98,100,0,600,2075
spec2mcf,242,96,2039,1150,1639,553,4,146681,11734,2040,1151,1642,2035,1149,1622,98,100,0,600,2075
spec2mcf,242,97,2035,1151,1619,559,4,146684,11734,2041,1152,1668,2035,1149,1619,99,100,0,599,2055
spec2mcf,242,98,2024,1149,1621,565,4,146677,11734,2035,1151,1621,2024,1149,1618,98,100,0,600,2052
spec2mcf,242,99,2021,1150,1620,570,4,146669,11733,2024,1151,1622,2021,1148,1618,98,100,0,599,2052
spec2mcf,242,100,2006,1150,1579,576,4,146652,11732,2022,1152,1662,2006,1149,1577,100,100,0,600,2006
spec2mcf,242,101,1693,1152,1360,581,4,146483,11718,2008,1153,1655,1693,1149,1359,98,100,0,600,1719
spec2mcf,242,102,2024,1149,1607,586,4,146402,11712,2037,1152,1636,1693,1146,1359,99,100,0,600,2035
spec2mcf,242,103,2018,1149,1624,592,4,146393,11711,2024,1151,1670,2016,1148,1605,98,100,0,600,2052
spec2mcf,242,104,2025,1150,1624,598,4,146394,11711,2025,1150,1648,2018,1148,1620,98,100,0,600,2058
spec2mcf,242,105,1965,1150,1604,603,4,146365,11709,2025,1151,1636,1959,1149,1561,97,100,0,600,2021
spec2mcf,242,106,1989,1150,1609,609,4,146346,11707,1989,1152,1677,1965,1149,1580,98,100,0,600,2029
spec2mcf,242,107,1994,1150,1603,614,4,146326,11706,1994,1151,1610,1989,1148,1587,98,100,0,600,2029
spec2mcf,242,108,2003,1150,1610,620,4,146313,11705,2003,1151,1623,1994,1148,1583,98,100,0,599,2032
spec2mcf,242,109,2000,1151,1601,626,5,146296,11703,2003,1152,1680,2000,1149,1583,98,100,0,599,2029
spec2mcf,242,110,2000,1150,1605,631,5,146280,11702,2000,1151,1617,1999,1149,1587,98,100,0,599,2032
spec2mcf,242,111,2008,1150,1603,637,5,146270,11701,2009,1151,1656,2000,1149,1591,98,100,0,599,2041
spec2mcf,242,112,2006,1151,1606,642,5,146256,11700,2008,1151,1660,2005,1149,1600,98,100,0,600,2035
spec2mcf,242,113,2005,1151,1608,648,5,146244,11699,2006,1151,1611,2005,1149,1604,98,100,0,599,2035
spec2mcf,242,114,2005,1151,1608,653,5,146232,11698,2006,1151,1610,2005,1148,1604,98,100,0,599,2035
spec2mcf,242,115,2007,1151,1607,659,5,146221,11697,2008,1151,1662,2005,1149,1605,98,100,0,600,2035
spec2mcf,242,116,2010,1150,1607,665,5,146227,11698,2013,1151,1622,2007,1148,1606,98,100,0,600,2035
spec2mcf,242,117,2006,1150,1609,670,5,146203,11696,2010,1151,1614,2006,1148,1605,98,100,0,600,2038
spec2mcf,242,118,2007,1151,1607,676,5,146192,11695,2007,1152,1667,2005,1149,1605,97,100,0,600,2052
spec2mcf,242,119,2007,1150,1611,681,5,146182,11694,2008,1152,1612,2007,1149,1605,98,100,0,600,2041
spec2mcf,242,120,2007,1149,1612,687,5,146172,11693,2007,1150,1624,2006,1148,1608,98,100,0,599,2041
spec2mcf,242,121,2009,1150,1611,693,5,146163,11693,2009,1151,1671,2007,1148,1607,97,100,0,600,2052
spec2mcf,242,122,2013,1150,1620,698,5,146157,11692,2013,1151,1623,2007,1148,1607,98,100,0,600,2052
spec2mcf,242,123,2015,1150,1611,704,5,146154,11692,2018,1151,1624,2013,1149,1609,98,100,0,600,2038
spec2mcf,242,124,2014,1151,1610,709,5,146149,11691,2018,1151,1624,2014,1149,1607,98,100,0,600,2041
spec2mcf,242,125,2019,1150,1610,715,5,146159,11692,2019,1151,1669,2014,1148,1608,98,100,0,600,2049
spec2mcf,242,126,2010,1151,1609,721,5,146138,11691,2019,1152,1611,2010,1149,1605,98,100,0,600,2041
spec2mcf,242,127,2013,1152,1608,726,5,146133,11690,2016,1153,1623,2010,1150,1606,98,100,0,600,2041
spec2mcf,242,128,2010,1150,1610,732,5,146126,11690,2013,1152,1660,2010,1148,1606,98,100,0,600,2038
spec2mcf,242,129,2019,1150,1621,737,5,146125,11690,2019,1151,1642,2009,1149,1608,98,100,0,600,2055
spec2mcf,242,130,2015,1150,1609,743,5,146121,11689,2020,1151,1624,2015,1149,1607,98,100,0,600,2041
spec2mcf,242,131,2010,1149,1610,749,5,146113,11689,2015,1151,1673,2010,1148,1606,98,100,0,600,2035
spec2mcf,242,132,2007,1149,1610,754,6,146104,11688,2010,1150,1623,2007,1146,1608,98,100,0,600,2038
spec2mcf,242,133,2008,1150,1610,760,6,146098,11687,2012,1151,1625,2007,1148,1605,98,100,0,599,2038
spec2mcf,242,134,2007,1150,1607,765,6,146089,11687,2008,1152,1651,2007,1149,1604,98,100,0,600,2038
spec2mcf,242,135,2010,1149,1607,771,6,146085,11686,2014,1151,1624,2007,1149,1604,98,100,0,600,2035
spec2mcf,242,136,2006,1150,1607,777,6,146075,11686,2010,1151,1612,2006,1149,1604,98,100,0,600,2035
spec2mcf,242,137,2016,1151,1618,782,6,146073,11685,2016,1152,1662,2005,1149,1605,98,100,0,600,2055
spec2mcf,242,138,2007,1151,1606,788,6,146065,11685,2016,1152,1623,2007,1150,1603,98,100,0,600,2035
spec2mcf,242,139,2014,1150,1617,793,6,146061,11684,2014,1151,1622,2007,1149,1604,98,100,0,601,2049
spec2mcf,242,140,2016,1150,1618,799,6,146059,11684,2016,1151,1657,2014,1149,1615,98,100,0,601,2049
spec2mcf,242,141,2008,1150,1605,805,6,146050,11684,2017,1151,1618,2008,1149,1604,98,100,0,601,2035
spec2mcf,242,142,2003,1150,1604,810,6,146050,11684,2008,1152,1607,2003,1149,1603,98,100,0,601,2032
spec2mcf,242,143,2008,1151,1655,816,6,146034,11682,2008,1152,1658,2002,1149,1602,97,100,0,601,2049
spec2mcf,242,144,2059,1151,1665,822,6,146050,11684,2070,1152,1670,2008,1149,1616,98,100,0,601,2092
spec2mcf,242,145,1974,1150,1584,827,6,146028,11682,2061,1152,1669,1974,1149,1555,99,100,0,600,1978
spec2mcf,242,146,1970,1150,1570,833,6,146002,11680,1974,1152,1664,1970,1149,1559,99,100,0,600,1984
spec2mcf,242,147,1968,1149,1600,838,6,145976,11678,1970,1151,1603,1966,1147,1559,98,100,0,600,1998
spec2mcf,242,148,1979,1151,1632,844,6,145957,11676,1979,1151,1639,1968,1148,1570,96,100,0,600,2046
spec2mcf,242,149,2020,1151,1613,849,6,145953,11676,2044,1151,1674,1979,1149,1597,98,100,0,600,2060
spec2mcf,242,150,2011,1150,1605,855,6,145947,11675,2020,1151,1620,2011,1149,1601,98,100,0,600,2032
spec2mcf,242,151,2002,1150,1603,860,6,145938,11675,2011,1151,1610,2002,1149,1599,98,100,0,600,2032
spec2mcf,242,152,2001,1152,1604,866,6,145928,11674,2002,1152,1608,2001,1149,1600,98,100,0,600,2032
spec2mcf,242,153,2002,1150,1605,872,6,145920,11673,2003,1152,1660,2001,1149,1600,98,100,0,600,2032
spec2mcf,242,154,2002,1151,1605,877,7,145911,11672,2002,1151,1608,2001,1149,1601,98,100,0,600,2032
spec2mcf,242,155,2002,1151,1605,883,7,145903,11672,2002,1151,1609,2001,1149,1602,98,100,0,600,2035
spec2mcf,242,156,2004,1150,1607,888,7,145896,11671,2004,1151,1668,2002,1149,1601,98,100,0,600,2032
spec2mcf,242,157,2004,1150,1606,894,7,145889,11671,2004,1151,1613,2003,1148,1605,98,100,0,600,2035
spec2mcf,242,158,2004,1150,1607,900,7,145891,11671,2004,1150,1610,2003,1148,1603,98,100,0,599,2038
spec2mcf,242,159,2012,1149,1621,905,7,145888,11671,2012,1151,1670,2004,1149,1604,97,100,0,600,2055
spec2mcf,242,160,2018,1147,1623,911,7,145879,11670,2018,1150,1627,2012,1147,1618,98,100,0,600,2052
spec2mcf,242,161,2020,1149,1620,916,7,145880,11670,2020,1150,1624,2018,1147,1618,98,100,0,600,2052
spec2mcf,242,162,2012,1149,1612,922,7,145876,11670,2020,1151,1664,2012,1148,1605,98,100,0,599,2038
spec2mcf,242,163,2014,1149,1621,928,7,145873,11669,2014,1150,1624,2010,1148,1608,98,100,0,600,2052
spec2mcf,242,164,2016,1149,1611,933,7,145872,11669,2019,1150,1624,2014,1148,1609,98,100,0,600,2038
spec2mcf,242,165,2010,1149,1610,939,7,145867,11669,2016,1151,1670,2010,1148,1604,98,100,0,600,2038
spec2mcf,242,166,2013,1149,1621,944,7,145873,11669,2013,1151,1624,2008,1149,1607,97,100,0,600,2055
spec2mcf,242,167,2014,1150,1608,950,7,145862,11669,2017,1151,1621,2013,1148,1606,98,100,0,599,2035
spec2mcf,242,168,2009,1150,1609,956,7,145857,11668,2014,1151,1666,2009,1148,1605,98,100,0,600,2035
spec2mcf,242,169,2006,1150,1606,961,7,145860,11668,2009,1151,1612,2006,1149,1606,98,100,0,600,2035
spec2mcf,242,170,2005,1150,1607,967,7,145845,11667,2006,1151,1611,2005,1149,1604,98,100,0,600,2038
spec2mcf,242,171,2006,1149,1607,972,7,145840,11667,2007,1151,1665,2005,1149,1604,98,100,0,600,2035
spec2mcf,242,172,2005,1149,1608,978,7,145834,11666,2006,1150,1611,2005,1148,1605,98,100,0,599,2035
spec2mcf,242,173,2004,1150,1608,984,7,145828,11666,2005,1151,1611,2004,1148,1604,98,100,0,600,2035
spec2mcf,242,174,2005,1149,1607,989,7,145822,11665,2006,1151,1664,2004,1148,1604,98,100,0,600,2035
spec2mcf,242,175,2003,1150,1606,995,7,145815,11665,2005,1150,1609,2003,1148,1603,98,100,0,600,2035
spec2mcf,242,176,2002,1150,1606,1000,8,145808,11664,2003,1150,1610,2002,1148,1604,98,100,0,600,2032
spec2mcf,242,177,2003,1150,1607,1006,8,145802,11664,2003,1151,1666,2002,1148,1602,97,100,0,600,2046
spec2mcf,242,178,2002,1151,1604,1011,8,145795,11663,2003,1151,1608,2002,1149,1603,98,100,0,600,2032
spec2mcf,242,179,2011,1151,1614,1017,8,145793,11663,2011,1151,1619,2002,1149,1603,98,100,0,601,2043
spec2mcf,242,180,2010,1151,1645,1023,8,145791,11663,2014,1151,1645,2010,1148,1603,99,100,0,601,2029
spec2mcf,242,181,2010,1149,1617,1028,8,145786,11662,2011,1151,1645,2006,1148,1603,98,100,0,601,2046
spec2mcf,242,182,2004,1151,1605,1034,8,145781,11662,2011,1151,1618,2004,1149,1603,98,100,0,601,2032
spec2mcf,242,183,2001,1152,1602,1039,8,145774,11661,2004,1152,1606,2001,1149,1602,98,100,0,600,2032
spec2mcf,242,184,2023,1149,1639,1045,8,145785,11662,2023,1152,1662,2001,1149,1596,97,100,0,600,2083
spec2mcf,242,185,1959,1150,1589,1051,8,145772,11661,2035,1151,1666,1959,1148,1563,98,100,0,600,1986
spec2mcf,242,186,1956,1150,1559,1056,8,145749,11659,1962,1151,1595,1956,1149,1554,99,100,0,599,1975
spec2mcf,242,187,2033,1150,1606,1062,8,145738,11659,2040,1151,1669,1956,1148,1559,100,100,0,600,2033
spec2mcf,242,188,2010,1150,1608,1067,8,145732,11658,2033,1150,1608,2010,1149,1603,98,100,0,599,2032
spec2mcf,242,189,2012,1151,1617,1073,8,145729,11658,2012,1151,1622,2007,1148,1602,98,100,0,600,2052
spec2mcf,242,190,2009,1149,1608,1079,8,145734,11658,2015,1151,1662,2009,1148,1605,98,100,0,600,2038
spec2mcf,242,191,2007,1150,1610,1084,8,145722,11657,2009,1150,1611,2007,1148,1607,98,100,0,599,2041
spec2mcf,242,192,2007,1150,1611,1090,8,145718,11657,2007,1150,1612,2006,1148,1607,98,100,0,600,2038
spec2mcf,242,193,2014,1149,1624,1095,8,145717,11657,2014,1150,1664,2007,1147,1608,98,100,0,600,2055
spec2mcf,242,194,2017,1149,1612,1101,8,145717,11657,2017,1150,1626,2013,1147,1609,98,100,0,600,2055
spec2mcf,242,195,2011,1150,1611,1107,8,145714,11657,2017,1151,1635,2011,1149,1608,98,100,0,600,2038
spec2mcf,242,196,2010,1149,1611,1112,8,145711,11656,2011,1151,1670,2010,1148,1607,98,100,0,600,2038
spec2mcf,242,197,2008,1150,1609,1118,8,145707,11656,2010,1151,1616,2008,1148,1606,98,100,0,600,2038
spec2mcf,242,198,2012,1149,1620,1123,8,145705,11656,2012,1150,1628,2006,1149,1605,98,100,0,600,2049
spec2mcf,242,199,2017,1149,1617,1129,9,145713,11657,2017,1151,1663,2012,1148,1614,98,100,0,600,2049
spec2mcf,242,200,2014,1151,1616,1135,9,145704,11656,2017,1151,1629,2012,1149,1605,98,100,0,600,2049
spec2mcf,242,201,2008,1150,1606,1140,9,145700,11656,2015,1151,1619,2008,1149,1604,98,100,0,600,2032
spec2mcf,242,202,2011,1150,1619,1146,9,145698,11655,2011,1151,1657,2005,1148,1604,98,100,0,600,2049
spec2mcf,242,203,2012,1150,1606,1151,9,145696,11655,2016,1151,1620,2011,1149,1604,98,100,0,600,2035
spec2mcf,242,204,2005,1150,1642,1157,9,145692,11655,2012,1150,1645,2005,1149,1606,98,100,0,600,2035
spec2mcf,242,205,2033,1150,1660,1163,9,145700,11656,2033,1151,1690,2005,1148,1604,97,100,0,600,2089
spec2mcf,242,206,1963,1149,1597,1168,9,145686,11654,2036,1151,1660,1949,1148,1550,98,100,0,600,2001
spec2mcf,242,207,1959,1150,1578,1174,9,145667,11653,1965,1151,1597,1959,1148,1551,98,100,0,600,1992
spec2mcf,242,208,2030,1150,1598,1179,9,145656,11652,2031,1152,1658,1959,1149,1560,98,100,0,600,2060
spec2mcf,242,209,2008,1150,1606,1185,9,145650,11652,2030,1151,1607,2008,1149,1597,98,100,0,600,2035
spec2mcf,242,210,2004,1150,1606,1190,9,145646,11651,2008,1151,1618,2004,1149,1603,98,100,0,600,2032
spec2mcf,242,211,2003,1151,1651,1196,9,145641,11651,2004,1152,1651,2003,1149,1603,98,100,0,600,2032
spec2mcf,242,212,2004,1151,1608,1201,9,145644,11651,2005,1151,1651,2003,1150,1602,98,100,0,600,2035
spec2mcf,242,213,2014,1150,1620,1207,9,145638,11651,2014,1151,1621,2004,1149,1606,98,100,0,601,2049
spec2mcf,242,214,2011,1150,1609,1213,9,145636,11650,2016,1152,1620,2011,1148,1606,98,100,0,601,2038
spec2mcf,242,215,2007,1150,1609,1218,9,145633,11650,2011,1151,1669,2007,1149,1605,98,100,0,601,2035
spec2mcf,242,216,2014,1151,1618,1224,9,145633,11650,2014,1151,1622,2006,1149,1606,98,100,0,601,2049
spec2mcf,242,217,2006,1151,1603,1229,9,145629,11650,2014,1152,1620,2006,1149,1602,98,100,0,601,2032
spec2mcf,242,218,2008,1151,1615,1235,9,145626,11650,2008,1152,1659,2004,1150,1602,98,100,0,601,2046
spec2mcf,242,219,2005,1150,1603,1241,9,145622,11649,2010,1152,1618,2005,1150,1603,98,100,0,600,2032
spec2mcf,242,220,2002,1152,1603,1246,9,145617,11649,2005,1152,1606,2002,1150,1601,98,100,0,600,2032
spec2mcf,242,221,2002,1152,1604,1252,10,145619,11649,2003,1152,1662,2001,1150,1600,98,100,0,600,2035
spec2mcf,242,222,2002,1151,1604,1257,10,145608,11648,2002,1152,1606,2002,1150,1602,98,100,0,600,2032
spec2mcf,242,223,2002,1152,1603,1263,10,145604,11648,2002,1152,1605,2001,1150,1602,98,100,0,600,2032
spec2mcf,242,224,2002,1151,1603,1268,10,145599,11647,2003,1153,1658,2001,1150,1601,98,100,0,600,2032
spec2mcf,242,225,2002,1151,1603,1274,10,145595,11647,2002,1152,1606,2002,1150,1602,98,100,0,601,2032
spec2mcf,242,226,2007,1151,1604,1280,10,145593,11647,2010,1152,1617,2002,1150,1603,98,100,0,601,2035
spec2mcf,242,227,2004,1151,1604,1285,10,145589,11647,2007,1152,1660,2004,1149,1602,98,100,0,600,2035
spec2mcf,242,228,2018,1151,1614,1291,10,145590,11647,2018,1152,1660,2003,1150,1602,97,100,0,601,2075
spec2mcf,242,229,1958,1151,1551,1296,10,145583,11646,2028,1152,1658,1958,1149,1539,100,100,0,601,1958
spec2mcf,242,230,2012,1150,1603,1302,10,145580,11646,2019,1153,1656,1950,1150,1547,99,100,0,601,2029
spec2mcf,242,231,2016,1150,1621,1308,10,145580,11646,2016,1151,1622,2010,1148,1600,98,100,0,600,2052
spec2mcf,242,232,2009,1150,1610,1313,10,145572,11645,2017,1151,1623,2009,1148,1605,98,100,0,600,2038
spec2mcf,242,233,2018,1151,1619,1319,10,145573,11645,2018,1151,1666,2009,1148,1605,98,100,0,600,2052
spec2mcf,242,234,2011,1150,1608,1325,10,145572,11645,2019,1151,1621,2011,1149,1604,98,100,0,600,2038
spec2mcf,242,235,2012,1151,1607,1330,10,145577,11646,2015,1151,1622,2010,1149,1604,98,100,0,600,2038
spec2mcf,242,236,2013,1150,1619,1336,10,145570,11645,2013,1152,1662,2008,1149,1604,98,100,0,600,2052
spec2mcf,242,237,2015,1150,1618,1341,10,145570,11645,2015,1152,1624,2012,1150,1605,98,100,0,600,2052
spec2mcf,242,238,2008,1151,1606,1347,10,145567,11645,2016,1152,1619,2008,1149,1605,98,100,0,600,2035
spec2mcf,242,239,2012,1149,1608,1353,10,145567,11645,2013,1151,1667,2007,1148,1605,98,100,0,599,2049
spec2mcf,242,240,2022,1150,1579,1358,10,145569,11645,2023,1151,1664,2011,1148,1578,98,100,0,600,2052
spec2mcf,242,241,1691,1152,1360,1363,10,145521,11641,2047,1153,1656,1691,1149,1358,98,100,0,600,1716
Processed 242 lines from power meter
There were 0 errors in reading from the meter
