RunId,NumDataLines,SeqNum,Watts,Amps,WattHours,Cost,MoKWh,MoCost,MaxWatts,MaxVolts,MaxAmps,MinWatts,MinVolts,MinAmps,Factor,DutyCycle,PowerCycle
spec2milc,478,0,2034,1152,1623,10,0,145202,11616,2036,1152,1679,2026,1149,1609,98,100,0,600,2060
spec2milc,478,1,2038,1151,1632,16,0,146346,11707,2038,1152,1676,2031,1150,1608,98,100,0,600,2075
spec2milc,478,2,2041,1152,1638,22,0,146648,11731,2042,1152,1676,2038,1150,1614,98,100,0,600,2069
spec2milc,478,3,2032,1151,1626,27,0,146389,11711,2043,1152,1668,2032,1150,1574,98,100,0,600,2063
spec2milc,478,4,2033,1152,1625,33,0,146452,11716,2033,1153,1668,2032,1150,1611,98,100,0,599,2066
spec2milc,478,5,2032,1152,1634,39,0,146499,11719,2033,1153,1663,2032,1151,1610,98,100,0,600,2066
spec2milc,478,6,2032,1151,1628,44,0,146534,11722,2033,1153,1666,2031,1151,1610,98,100,0,600,2060
spec2milc,478,7,2029,1151,1633,50,0,146541,11723,2034,1153,1680,2029,1149,1601,99,100,0,600,2049
spec2milc,478,8,2030,1151,1626,56,0,146548,11723,2031,1152,1677,2027,1150,1602,98,100,0,600,2060
spec2milc,478,9,2033,1152,1633,61,0,146569,11725,2033,1152,1678,2027,1150,1602,98,100,0,600,2066
spec2milc,478,10,2037,1152,1624,67,0,146623,11729,2037,1153,1676,2033,1150,1609,98,100,0,599,2066
spec2milc,478,11,2027,1152,1625,73,0,146586,11726,2037,1153,1661,2027,1150,1601,98,100,0,600,2058
spec2milc,478,12,2030,1151,1629,78,0,146610,11728,2033,1152,1678,2027,1150,1604,99,100,0,600,2049
spec2milc,478,13,2025,1152,1615,84,0,146576,11726,2030,1153,1666,2025,1150,1600,98,100,0,600,2055
spec2milc,478,14,2032,1151,1633,90,0,146587,11727,2032,1153,1677,2024,1150,1601,97,100,0,601,2075
spec2milc,478,15,2027,1152,1620,95,0,146569,11725,2033,1152,1666,2026,1150,1602,98,100,0,601,2060
spec2milc,478,16,2025,1151,1629,101,0,146549,11723,2027,1153,1668,2025,1150,1602,98,100,0,601,2060
spec2milc,478,17,2035,1152,1633,107,0,146591,11727,2035,1153,1680,2025,1150,1611,98,100,0,600,2066
spec2milc,478,18,2027,1151,1621,112,0,146576,11726,2035,1152,1668,2027,1150,1603,99,100,0,600,2046
spec2milc,478,19,2025,1151,1623,118,0,146558,11724,2027,1152,1668,2025,1149,1601,98,100,0,600,2052
spec2milc,478,20,2027,1150,1621,124,0,146555,11724,2029,1153,1677,2024,1150,1602,98,100,0,601,2060
spec2milc,478,21,2025,1152,1623,129,1,146542,11723,2028,1153,1666,2025,1150,1601,98,100,0,600,2055
spec2milc,478,22,2030,1151,1634,135,1,146547,11723,2030,1153,1665,2025,1151,1604,97,100,0,600,2072
spec2milc,478,23,2034,1152,1650,141,1,146570,11725,2035,1153,1665,2030,1151,1616,98,100,0,600,2066
spec2milc,478,24,2047,1152,1654,146,1,146631,11730,2047,1153,1678,2034,1151,1627,98,100,0,599,2080
spec2milc,478,25,2039,1151,1631,152,1,146648,11731,2047,1153,1664,2039,1150,1616,98,100,0,600,2063
spec2milc,478,26,2037,1152,1628,158,1,146717,11737,2039,1153,1666,2037,1150,1618,98,100,0,600,2069
spec2milc,478,27,2037,1152,1626,163,1,146730,11738,2037,1152,1666,2037,1150,1618,98,100,0,599,2072
spec2milc,478,28,2037,1152,1619,169,1,146694,11735,2037,1153,1666,2036,1151,1618,98,100,0,600,2066
spec2milc,478,29,2037,1152,1657,175,1,146710,11736,2038,1154,1665,2036,1151,1616,98,100,0,599,2063
spec2milc,478,30,2036,1153,1626,180,1,146722,11737,2038,1153,1665,2036,1150,1616,98,100,0,600,2066
spec2milc,478,31,2037,1152,1622,186,1,146734,11738,2037,1153,1664,2036,1151,1617,98,100,0,599,2063
spec2milc,478,32,2037,1153,1622,192,1,146744,11739,2037,1153,1663,2036,1151,1615,98,100,0,600,2066
spec2milc,478,33,2036,1152,1638,197,1,146753,11740,2037,1153,1667,2036,1151,1615,98,100,0,600,2072
spec2milc,478,34,2042,1151,1623,203,1,146781,11742,2044,1153,1682,2036,1150,1617,98,100,0,600,2066
spec2milc,478,35,2040,1152,1634,209,1,146830,11746,2042,1153,1674,2035,1150,1612,98,100,0,600,2080
spec2milc,478,36,2043,1152,1635,214,1,146812,11745,2043,1152,1674,2039,1150,1622,98,100,0,600,2077
spec2milc,478,37,2034,1152,1625,220,1,146811,11744,2043,1152,1662,2034,1150,1613,98,100,0,600,2058
spec2milc,478,38,2031,1152,1632,226,1,146806,11744,2034,1153,1660,2031,1150,1611,98,100,0,601,2066
spec2milc,478,39,2029,1151,1634,231,1,146800,11744,2031,1153,1665,2029,1150,1612,98,100,0,601,2058
spec2milc,478,40,2039,1152,1629,237,1,146819,11745,2039,1153,1674,2029,1151,1622,98,100,0,601,2069
spec2milc,478,41,2040,1152,1628,243,1,146828,11746,2040,1153,1670,2036,1151,1613,98,100,0,601,2075
spec2milc,478,42,2032,1152,1623,248,1,146824,11745,2040,1153,1665,2032,1151,1612,98,100,0,601,2060
spec2milc,478,43,2030,1152,1615,254,2,146817,11745,2032,1153,1659,2029,1151,1612,98,100,0,601,2060
spec2milc,478,44,2035,1152,1627,260,2,146822,11745,2035,1153,1668,2028,1149,1612,98,100,0,601,2075
spec2milc,478,45,2035,1152,1620,265,2,146828,11746,2040,1152,1675,2035,1150,1613,98,100,0,601,2060
spec2milc,478,46,2028,1152,1639,271,2,146818,11745,2035,1152,1668,2026,1150,1581,97,100,0,601,2072
spec2milc,478,47,2037,1152,1626,277,2,146832,11746,2039,1153,1675,2028,1150,1610,98,100,0,601,2066
spec2milc,478,48,2039,1151,1631,282,2,146844,11747,2042,1153,1673,2037,1150,1613,98,100,0,601,2066
spec2milc,478,49,2045,1151,1661,288,2,146894,11751,2045,1152,1678,2039,1150,1621,98,100,0,601,2080
spec2milc,478,50,2032,1151,1617,294,2,146859,11748,2046,1152,1663,2031,1150,1571,98,100,0,601,2069
spec2milc,478,51,2034,1152,1622,299,2,146860,11748,2034,1153,1668,2032,1150,1613,98,100,0,601,2066
spec2milc,478,52,2044,1151,1645,305,2,146880,11750,2044,1152,1681,2034,1150,1622,98,100,0,601,2080
spec2milc,478,53,2038,1151,1630,311,2,146883,11750,2044,1152,1671,2038,1150,1613,98,100,0,601,2066
spec2milc,478,54,2039,1152,1634,316,2,146892,11751,2040,1153,1681,2037,1150,1613,98,100,0,601,2066
spec2milc,478,55,2030,1151,1615,322,2,146882,11750,2039,1152,1676,2030,1150,1603,98,100,0,601,2058
spec2milc,478,56,2030,1152,1622,328,2,146880,11750,2033,1152,1679,2029,1150,1604,98,100,0,601,2055
spec2milc,478,57,2026,1151,1628,333,2,146870,11749,2030,1152,1665,2026,1149,1603,98,100,0,601,2052
spec2milc,478,58,2031,1150,1633,339,2,146868,11749,2031,1152,1678,2025,1149,1602,98,100,0,600,2069
spec2milc,478,59,2028,1151,1629,345,2,146860,11748,2033,1152,1678,2028,1148,1604,98,100,0,600,2052
spec2milc,478,60,2028,1151,1619,350,2,146852,11748,2028,1152,1668,2026,1149,1603,98,100,0,600,2058
spec2milc,478,61,2025,1151,1623,356,2,146843,11747,2028,1152,1669,2025,1149,1605,98,100,0,600,2055
spec2milc,478,62,2024,1151,1623,362,2,146832,11746,2025,1152,1668,2024,1150,1604,98,100,0,601,2058
spec2milc,478,63,2026,1150,1610,367,2,146846,11747,2026,1152,1666,2024,1149,1604,98,100,0,601,2060
spec2milc,478,64,2025,1150,1627,373,2,146837,11746,2026,1151,1669,2024,1149,1604,98,100,0,601,2058
spec2milc,478,65,2024,1150,1617,379,3,146806,11744,2026,1151,1670,2024,1149,1604,98,100,0,601,2052
spec2milc,478,66,2031,1151,1640,384,3,146827,11746,2031,1152,1680,2024,1149,1604,98,100,0,600,2072
spec2milc,478,67,2027,1151,1636,390,3,146800,11744,2032,1152,1670,2027,1149,1605,98,100,0,600,2055
spec2milc,478,68,2026,1151,1618,396,3,146793,11743,2028,1151,1665,2026,1149,1604,98,100,0,600,2055
spec2milc,478,69,2030,1151,1643,401,3,146791,11743,2030,1152,1669,2026,1149,1606,98,100,0,600,2066
spec2milc,478,70,2035,1151,1622,407,3,146794,11743,2035,1151,1670,2030,1149,1618,98,100,0,600,2066
spec2milc,478,71,2036,1150,1635,413,3,146799,11743,2036,1151,1668,2034,1149,1618,98,100,0,601,2069
spec2milc,478,72,2037,1150,1636,418,3,146803,11744,2037,1151,1669,2036,1148,1620,98,100,0,601,2072
spec2milc,478,73,2037,1149,1623,424,3,146827,11746,2038,1150,1670,2037,1146,1623,98,100,0,601,2069
spec2milc,478,74,2043,1150,1644,430,3,146819,11745,2043,1151,1682,2037,1148,1622,98,100,0,601,2083
spec2milc,478,75,2038,1152,1624,435,3,146823,11745,2044,1152,1676,2038,1149,1618,98,100,0,601,2063
spec2milc,478,76,2037,1151,1639,441,3,146827,11746,2039,1152,1672,2037,1149,1618,98,100,0,601,2063
spec2milc,478,77,2041,1151,1627,447,3,146838,11747,2044,1151,1680,2037,1149,1620,98,100,0,601,2066
spec2milc,478,78,2048,1151,1648,452,3,146853,11748,2048,1151,1682,2041,1149,1622,98,100,0,601,2077
spec2milc,478,79,2039,1149,1655,458,3,146874,11749,2048,1151,1667,2039,1149,1619,98,100,0,601,2066
spec2milc,478,80,2046,1150,1651,464,3,146871,11749,2047,1151,1680,2039,1149,1619,98,100,0,601,2075
spec2milc,478,81,2039,1150,1626,469,3,146874,11749,2047,1151,1670,2039,1149,1619,98,100,0,601,2063
spec2milc,478,82,2033,1151,1618,475,3,146871,11749,2039,1152,1662,2033,1149,1614,98,100,0,601,2058
spec2milc,478,83,2031,1150,1633,481,3,146868,11749,2033,1152,1664,2030,1149,1614,98,100,0,601,2060
spec2milc,478,84,2030,1150,1616,486,3,146865,11749,2031,1151,1665,2030,1149,1615,98,100,0,601,2063
spec2milc,478,85,2029,1151,1628,492,3,146862,11748,2030,1152,1665,2029,1149,1614,98,100,0,601,2060
spec2milc,478,86,2029,1151,1626,498,3,146875,11750,2030,1152,1663,2028,1150,1614,98,100,0,601,2063
spec2milc,478,87,2029,1150,1633,503,4,146872,11749,2030,1151,1665,2029,1149,1614,98,100,0,600,2063
spec2milc,478,88,2030,1151,1618,509,4,146870,11749,2031,1152,1662,2029,1149,1615,98,100,0,600,2063
spec2milc,478,89,2030,1150,1654,515,4,146868,11749,2031,1151,1664,2030,1149,1615,98,100,0,600,2058
spec2milc,478,90,2030,1150,1631,520,4,146849,11747,2031,1151,1664,2030,1149,1615,98,100,0,600,2058
spec2milc,478,91,2037,1150,1643,526,4,146852,11748,2037,1151,1675,2030,1149,1615,98,100,0,600,2072
spec2milc,478,92,2043,1151,1632,532,4,146877,11750,2043,1151,1676,2037,1149,1626,98,100,0,599,2075
spec2milc,478,93,2031,1150,1616,537,4,146856,11748,2043,1151,1669,2031,1149,1572,98,100,0,600,2055
spec2milc,478,94,2028,1151,1625,543,4,146851,11748,2031,1152,1691,2027,1149,1606,98,100,0,600,2060
spec2milc,478,95,2027,1150,1621,549,4,146862,11749,2029,1151,1669,2027,1149,1606,98,100,0,600,2058
spec2milc,478,96,2025,1151,1617,554,4,146841,11747,2027,1151,1670,2025,1149,1593,98,100,0,599,2055
spec2milc,478,97,2042,1151,1625,560,4,146851,11748,2042,1152,1678,2025,1149,1614,98,100,0,600,2083
spec2milc,478,98,2037,1150,1632,566,4,146853,11748,2042,1152,1673,2037,1149,1614,98,100,0,600,2069
spec2milc,478,99,2036,1150,1637,571,4,146854,11748,2037,1151,1670,2035,1149,1615,98,100,0,600,2072
spec2milc,478,100,2039,1151,1658,577,4,146859,11748,2039,1152,1683,2034,1149,1584,98,100,0,600,2066
spec2milc,478,101,2021,1149,1624,583,4,146850,11748,2040,1152,1670,1943,1149,1528,97,100,0,600,2072
spec2milc,478,102,2030,1150,1625,588,4,146850,11748,2030,1151,1667,2021,1149,1615,98,100,0,600,2066
spec2milc,478,103,2033,1150,1620,594,4,146865,11749,2033,1151,1668,2030,1149,1615,98,100,0,600,2066
spec2milc,478,104,2040,1150,1628,600,4,146858,11748,2042,1151,1680,2033,1148,1617,98,100,0,600,2069
spec2milc,478,105,2017,1149,1629,605,4,146869,11749,2040,1151,1670,1987,1148,1574,97,100,0,600,2069
spec2milc,478,106,2029,1151,1629,611,4,146856,11748,2029,1151,1668,2017,1148,1615,98,100,0,600,2066
spec2milc,478,107,2034,1150,1641,617,4,146858,11748,2034,1151,1670,2029,1148,1616,98,100,0,600,2063
spec2milc,478,108,2041,1150,1658,622,4,146864,11749,2041,1150,1696,2034,1149,1617,98,100,0,600,2077
spec2milc,478,109,2058,1150,1651,628,5,146897,11751,2058,1151,1696,2041,1148,1638,98,100,0,600,2092
spec2milc,478,110,2058,1150,1643,634,5,146899,11751,2060,1151,1695,2057,1148,1635,98,100,0,600,2083
spec2milc,478,111,2043,1149,1618,640,5,146904,11752,2058,1150,1687,2043,1148,1607,99,100,0,600,2055
spec2milc,478,112,2032,1150,1620,645,5,146900,11752,2043,1151,1675,2032,1149,1607,98,100,0,600,2060
spec2milc,478,113,2035,1149,1629,651,5,146914,11753,2035,1151,1681,2030,1148,1608,97,100,0,600,2077
spec2milc,478,114,2038,1149,1637,657,5,146905,11752,2039,1150,1683,2035,1148,1617,98,100,0,600,2069
spec2milc,478,115,2029,1150,1624,662,5,146913,11753,2039,1151,1681,2029,1149,1605,98,100,0,600,2055
spec2milc,478,116,2027,1150,1609,668,5,146896,11751,2029,1151,1669,2027,1148,1605,98,100,0,600,2058
spec2milc,478,117,2027,1149,1625,674,5,146892,11751,2027,1150,1672,2026,1148,1606,98,100,0,599,2058
spec2milc,478,118,2026,1149,1617,679,5,146887,11750,2027,1150,1674,2025,1148,1606,98,100,0,600,2063
spec2milc,478,119,2026,1149,1615,685,5,146882,11750,2027,1150,1670,2024,1148,1607,98,100,0,600,2063
spec2milc,478,120,2026,1150,1632,691,5,146878,11750,2027,1151,1670,2026,1147,1606,98,100,0,600,2055
spec2milc,478,121,2026,1150,1626,696,5,146886,11750,2026,1151,1670,2025,1148,1607,98,100,0,600,2055
spec2milc,478,122,2036,1150,1632,702,5,146889,11751,2036,1151,1686,2026,1148,1607,98,100,0,600,2063
spec2milc,478,123,2031,1150,1615,707,5,146875,11750,2036,1151,1671,2030,1149,1607,98,100,0,600,2060
spec2milc,478,124,2031,1150,1623,713,5,146886,11750,2034,1151,1679,2030,1149,1606,98,100,0,599,2060
spec2milc,478,125,2028,1150,1621,719,5,146870,11749,2031,1151,1667,2028,1149,1606,98,100,0,599,2060
spec2milc,478,126,2030,1150,1623,724,5,146868,11749,2030,1150,1664,2027,1148,1605,98,100,0,600,2066
spec2milc,478,127,2034,1150,1630,730,5,146869,11749,2034,1150,1667,2030,1148,1619,98,100,0,600,2069
spec2milc,478,128,2042,1149,1626,736,5,146876,11750,2044,1150,1678,2034,1148,1620,98,100,0,600,2075
spec2milc,478,129,2042,1148,1629,742,5,146882,11750,2046,1150,1685,2041,1148,1622,98,100,0,600,2069
spec2milc,478,130,2037,1149,1670,747,5,146883,11750,2042,1150,1670,2037,1147,1622,98,100,0,601,2063
spec2milc,478,131,2042,1149,1645,753,6,146899,11751,2042,1150,1691,2036,1148,1622,98,100,0,601,2080
spec2milc,478,132,2041,1149,1629,759,6,146892,11751,2045,1150,1677,2041,1147,1622,98,100,0,601,2063
spec2milc,478,133,2037,1148,1634,764,6,146894,11751,2041,1150,1671,2037,1147,1621,98,100,0,601,2066
spec2milc,478,134,2036,1148,1633,770,6,146895,11751,2037,1149,1672,2036,1146,1622,98,100,0,601,2066
spec2milc,478,135,2037,1149,1624,776,6,146897,11751,2038,1149,1670,2036,1147,1622,98,100,0,601,2066
spec2milc,478,136,2046,1148,1644,781,6,146915,11753,2046,1149,1685,2036,1147,1621,98,100,0,601,2083
spec2milc,478,137,2039,1149,1627,787,6,146906,11752,2046,1150,1684,2039,1147,1620,98,100,0,601,2066
spec2milc,478,138,2046,1149,1637,793,6,146914,11753,2046,1150,1678,2038,1148,1622,98,100,0,601,2077
spec2milc,478,139,2034,1149,1630,798,6,146922,11753,2046,1150,1666,2034,1148,1615,98,100,0,601,2063
spec2milc,478,140,2036,1150,1627,804,6,146912,11752,2036,1150,1675,2030,1148,1616,98,100,0,601,2077
spec2milc,478,141,2036,1150,1626,810,6,146914,11753,2041,1151,1676,2036,1148,1615,98,100,0,601,2060
spec2milc,478,142,2031,1149,1669,815,6,146912,11753,2036,1150,1670,2031,1148,1615,98,100,0,600,2058
spec2milc,478,143,2030,1150,1621,821,6,146910,11752,2032,1150,1669,2030,1149,1615,98,100,0,600,2058
spec2milc,478,144,2030,1149,1624,827,6,146908,11752,2031,1151,1678,2030,1148,1615,98,100,0,600,2058
spec2milc,478,145,2030,1149,1630,832,6,146906,11752,2030,1150,1664,2029,1148,1616,98,100,0,600,2060
spec2milc,478,146,2030,1149,1633,838,6,146904,11752,2030,1150,1665,2029,1148,1616,98,100,0,600,2060
spec2milc,478,147,2030,1149,1636,844,6,146902,11752,2030,1151,1662,2029,1148,1614,98,100,0,600,2063
spec2milc,478,148,2029,1150,1628,849,6,146909,11752,2030,1151,1663,2029,1149,1615,98,100,0,600,2063
spec2milc,478,149,2029,1150,1625,855,6,146897,11751,2030,1150,1665,2029,1148,1616,98,100,0,601,2063
spec2milc,478,150,2026,1149,1608,861,6,146893,11751,2030,1151,1668,2024,1148,1583,98,100,0,600,2060
spec2milc,478,151,2032,1150,1629,866,6,146894,11751,2032,1150,1665,2026,1148,1608,98,100,0,600,2066
spec2milc,478,152,2032,1150,1626,872,6,146903,11752,2033,1151,1668,2032,1148,1614,98,100,0,600,2066
spec2milc,478,153,2039,1150,1647,878,7,146897,11751,2039,1151,1684,2032,1148,1614,98,100,0,600,2080
spec2milc,478,154,2037,1150,1644,883,7,146900,11752,2045,1151,1675,2037,1149,1579,98,100,0,600,2063
spec2milc,478,155,2043,1149,1642,889,7,146903,11752,2043,1151,1675,2037,1149,1615,98,100,0,600,2080
spec2milc,478,156,2045,1150,1632,895,7,146909,11752,2047,1151,1681,2043,1148,1617,99,100,0,600,2060
spec2milc,478,157,2037,1149,1632,900,7,146909,11752,2045,1151,1669,2037,1149,1615,98,100,0,600,2069
spec2milc,478,158,2043,1151,1639,906,7,146914,11753,2043,1151,1685,2037,1149,1616,97,100,0,600,2086
spec2milc,478,159,2049,1150,1642,912,7,146922,11753,2049,1151,1685,2043,1148,1637,98,100,0,600,2080
spec2milc,478,160,2051,1150,1666,918,7,146930,11754,2052,1151,1685,2049,1149,1638,98,100,0,599,2080
spec2milc,478,161,2041,1148,1639,923,7,146931,11754,2052,1151,1684,2040,1148,1606,98,100,0,600,2069
spec2milc,478,162,2038,1150,1642,929,7,146933,11754,2042,1151,1682,2038,1148,1606,99,100,0,599,2055
spec2milc,478,163,2030,1150,1623,935,7,146930,11754,2038,1151,1674,2030,1149,1606,98,100,0,600,2060
spec2milc,478,164,2028,1150,1622,940,7,146935,11754,2030,1151,1669,2027,1148,1606,98,100,0,600,2058
spec2milc,478,165,2031,1150,1619,946,7,146926,11754,2033,1151,1669,2027,1148,1606,98,100,0,600,2060
spec2milc,478,166,2034,1150,1636,952,7,146926,11754,2034,1151,1682,2029,1149,1607,98,100,0,600,2075
spec2milc,478,167,2035,1150,1621,957,7,146927,11754,2038,1151,1680,2034,1149,1609,98,100,0,600,2058
spec2milc,478,168,2028,1150,1624,963,7,146924,11753,2035,1151,1671,2028,1148,1606,98,100,0,600,2058
spec2milc,478,169,2027,1149,1661,969,7,146929,11754,2028,1151,1670,2027,1149,1606,98,100,0,600,2055
spec2milc,478,170,2026,1150,1627,974,7,146918,11753,2027,1151,1671,2026,1148,1606,98,100,0,600,2055
spec2milc,478,171,2027,1150,1614,980,7,146915,11753,2027,1150,1670,2026,1148,1607,98,100,0,600,2055
spec2milc,478,172,2027,1149,1622,985,7,146912,11752,2028,1151,1670,2026,1148,1607,98,100,0,600,2060
spec2milc,478,173,2027,1150,1626,991,7,146909,11752,2027,1150,1672,2026,1148,1606,98,100,0,600,2058
spec2milc,478,174,2027,1149,1620,997,7,146906,11752,2028,1150,1672,2027,1148,1606,98,100,0,600,2058
spec2milc,478,175,2027,1149,1621,1002,8,146903,11752,2028,1151,1665,2027,1148,1605,98,100,0,600,2060
spec2milc,478,176,2040,1149,1646,1008,8,146907,11752,2040,1150,1683,2027,1148,1609,97,100,0,600,2089
spec2milc,478,177,2049,1148,1641,1014,8,146914,11753,2049,1150,1685,2040,1147,1630,98,100,0,600,2086
spec2milc,478,178,2042,1149,1643,1019,8,146917,11753,2050,1150,1682,2042,1147,1620,98,100,0,600,2069
spec2milc,478,179,2049,1149,1646,1025,8,146924,11753,2049,1150,1679,2042,1148,1622,98,100,0,600,2080
spec2milc,478,180,2041,1149,1635,1031,8,146926,11754,2050,1150,1672,2041,1147,1622,98,100,0,600,2063
spec2milc,478,181,2040,1148,1625,1036,8,146936,11754,2041,1150,1671,2039,1147,1622,98,100,0,600,2069
spec2milc,478,182,2038,1150,1627,1042,8,146930,11754,2040,1150,1671,2038,1148,1621,98,100,0,600,2072
spec2milc,478,183,2038,1149,1638,1048,8,146931,11754,2038,1151,1671,2037,1149,1620,98,100,0,599,2069
spec2milc,478,184,2039,1150,1635,1053,8,146933,11754,2039,1151,1673,2037,1148,1622,98,100,0,600,2069
spec2milc,478,185,2046,1150,1626,1059,8,146946,11755,2047,1150,1684,2039,1148,1623,98,100,0,600,2072
spec2milc,478,186,2039,1150,1634,1065,8,146940,11755,2046,1151,1671,2039,1148,1619,98,100,0,600,2066
spec2milc,478,187,2038,1150,1626,1071,8,146941,11755,2039,1151,1668,2038,1149,1619,98,100,0,600,2069
spec2milc,478,188,2035,1150,1654,1076,8,146941,11755,2038,1151,1669,2035,1149,1615,98,100,0,600,2060
spec2milc,478,189,2031,1150,1628,1082,8,146939,11755,2035,1151,1666,2031,1149,1616,98,100,0,600,2055
spec2milc,478,190,2036,1149,1632,1088,8,146947,11755,2036,1151,1676,2030,1148,1615,98,100,0,600,2075
spec2milc,478,191,2039,1149,1618,1093,8,146942,11755,2040,1150,1676,2036,1148,1616,98,100,0,601,2063
spec2milc,478,192,2032,1150,1624,1099,8,146940,11755,2039,1150,1664,2032,1148,1615,98,100,0,600,2063
spec2milc,478,193,2036,1150,1651,1105,8,146940,11755,2036,1151,1673,2030,1148,1616,98,100,0,601,2077
spec2milc,478,194,2032,1149,1616,1110,8,146939,11755,2037,1151,1673,2032,1149,1615,98,100,0,601,2060
spec2milc,478,195,2029,1150,1626,1116,8,146937,11754,2032,1150,1666,2029,1148,1615,98,100,0,601,2060
spec2milc,478,196,2029,1151,1627,1122,8,146935,11754,2030,1151,1667,2029,1148,1614,98,100,0,601,2060
spec2milc,478,197,2035,1150,1645,1127,9,146936,11754,2035,1151,1681,2029,1149,1616,97,100,0,601,2077
spec2milc,478,198,2037,1149,1645,1133,9,146938,11755,2039,1150,1676,2035,1147,1618,98,100,0,601,2058
spec2milc,478,199,2041,1149,1645,1139,9,146940,11755,2041,1150,1676,2036,1147,1619,98,100,0,601,2069
spec2milc,478,200,2030,1149,1627,1144,9,146937,11755,2042,1150,1663,2030,1148,1582,98,100,0,601,2055
spec2milc,478,201,2026,1149,1624,1150,9,146934,11754,2030,1150,1671,2026,1148,1607,98,100,0,601,2060
spec2milc,478,202,2025,1150,1629,1155,9,146931,11754,2027,1150,1670,2025,1148,1607,98,100,0,601,2060
spec2milc,478,203,2031,1149,1632,1161,9,146930,11754,2031,1150,1674,2025,1146,1598,98,100,0,601,2066
spec2milc,478,204,2039,1148,1630,1167,9,146933,11754,2041,1149,1678,2031,1148,1616,98,100,0,601,2063
spec2milc,478,205,2035,1150,1624,1173,9,146933,11754,2039,1150,1670,2035,1148,1616,98,100,0,599,2066
spec2milc,478,206,2040,1148,1639,1178,9,146935,11754,2040,1150,1670,2035,1147,1615,98,100,0,600,2080
spec2milc,478,207,2054,1149,1641,1184,9,146944,11755,2054,1149,1696,2040,1147,1601,98,100,0,600,2083
spec2milc,478,208,2052,1148,1642,1190,9,146949,11755,2054,1150,1687,2051,1146,1638,98,100,0,600,2083
spec2milc,478,209,1844,1151,1363,1195,9,146944,11755,2052,1151,1686,1844,1147,1361,96,100,0,600,1904
spec2milc,478,210,1766,1149,1569,1200,9,146834,11746,1844,1151,1569,1692,1148,1360,99,100,0,600,1770
spec2milc,478,211,2032,1148,1607,1206,9,146813,11745,2033,1150,1666,1766,1147,1512,98,100,0,600,2069
spec2milc,478,212,2030,1149,1609,1211,9,146812,11745,2033,1150,1694,2028,1147,1607,98,100,0,599,2052
spec2milc,478,213,2025,1148,1614,1217,9,146809,11744,2030,1149,1661,2024,1147,1606,98,100,0,600,2052
spec2milc,478,214,2023,1149,1622,1223,9,146806,11744,2025,1149,1664,2023,1147,1608,98,100,0,600,2058
spec2milc,478,215,2031,1147,1639,1228,9,146807,11744,2032,1149,1688,2023,1147,1608,98,100,0,600,2060
spec2milc,478,216,1941,1149,1512,1234,9,146800,11744,2033,1150,1675,1941,1146,1503,97,100,0,600,1984
spec2milc,478,217,2042,1148,1630,1239,9,146790,11743,2047,1150,1674,1879,1147,1507,98,100,0,600,2069
spec2milc,478,218,2037,1148,1627,1245,9,146797,11743,2042,1149,1697,2035,1147,1608,98,100,0,600,2066
spec2milc,478,219,2037,1147,1657,1251,10,146799,11743,2037,1149,1675,2035,1146,1616,98,100,0,600,2072
spec2milc,478,220,2036,1148,1646,1257,10,146793,11743,2037,1148,1674,2036,1147,1617,98,100,0,600,2072
spec2milc,478,221,2037,1148,1636,1262,10,146795,11743,2037,1149,1683,2034,1146,1614,97,100,0,600,2083
spec2milc,478,222,2040,1149,1635,1268,10,146798,11743,2042,1149,1681,2036,1147,1617,98,100,0,600,2063
spec2milc,478,223,2055,1148,1642,1274,10,146806,11744,2055,1149,1697,2040,1146,1623,97,100,0,600,2097
spec2milc,478,224,2055,1148,1647,1279,10,146814,11745,2059,1149,1683,2055,1147,1614,98,100,0,600,2086
spec2milc,478,225,2054,1147,1625,1285,10,146828,11746,2057,1149,1677,2053,1147,1615,98,100,0,599,2086
spec2milc,478,226,2053,1148,1636,1291,10,146828,11746,2055,1149,1677,2053,1147,1605,98,100,0,600,2086
spec2milc,478,227,2054,1148,1637,1296,10,146835,11746,2054,1149,1691,2052,1146,1623,98,100,0,600,2086
spec2milc,478,228,2057,1149,1642,1302,10,146842,11747,2057,1149,1686,2054,1147,1623,98,100,0,600,2089
spec2milc,478,229,2052,1148,1642,1308,10,146847,11747,2057,1149,1680,2051,1146,1614,98,100,0,600,2086
spec2milc,478,230,2052,1149,1639,1314,10,146854,11748,2055,1150,1693,2050,1148,1610,98,100,0,599,2089
spec2milc,478,231,2053,1149,1651,1319,10,146867,11749,2054,1149,1686,2052,1147,1619,98,100,0,600,2080
spec2milc,478,232,2045,1148,1631,1325,10,146863,11749,2053,1149,1673,2044,1147,1616,98,100,0,600,2080
spec2milc,478,233,2052,1147,1639,1331,10,146869,11749,2052,1149,1685,2044,1147,1623,98,100,0,600,2083
spec2milc,478,234,2047,1149,1630,1336,10,146873,11749,2054,1149,1689,2047,1147,1614,98,100,0,600,2077
spec2milc,478,235,2053,1148,1641,1342,10,146880,11750,2053,1149,1678,2045,1147,1617,98,100,0,600,2086
spec2milc,478,236,2046,1148,1651,1348,10,146883,11750,2055,1149,1674,2046,1146,1616,98,100,0,600,2072
spec2milc,478,237,2055,1147,1659,1354,10,146897,11751,2055,1149,1692,2046,1146,1618,97,100,0,600,2097
spec2milc,478,238,2046,1147,1635,1359,10,146899,11751,2055,1149,1670,2046,1147,1613,98,100,0,600,2069
spec2milc,478,239,2025,1148,1631,1365,10,146889,11751,2046,1149,1672,2025,1146,1597,98,100,0,600,2046
spec2milc,478,240,2020,1149,1615,1370,10,146885,11750,2025,1149,1682,2020,1147,1597,98,100,0,600,2043
spec2milc,478,241,2023,1148,1645,1376,11,146882,11750,2023,1149,1672,2018,1147,1597,98,100,0,600,2063
spec2milc,478,242,2028,1148,1637,1382,11,146880,11750,2028,1149,1674,2022,1147,1597,98,100,0,599,2063
spec2milc,478,243,2031,1148,1634,1387,11,146879,11750,2031,1149,1698,2027,1146,1594,98,100,0,600,2066
spec2milc,478,244,2028,1148,1637,1393,11,146877,11750,2031,1149,1669,2025,1147,1598,98,100,0,599,2060
spec2milc,478,245,2028,1147,1652,1399,11,146881,11750,2029,1149,1665,2028,1147,1598,98,100,0,600,2052
spec2milc,478,246,2027,1147,1642,1404,11,146873,11749,2028,1149,1674,2022,1147,1587,98,100,0,600,2066
spec2milc,478,247,2021,1147,1615,1410,11,146869,11749,2028,1149,1661,2021,1147,1586,98,100,0,600,2046
spec2milc,478,248,2023,1149,1610,1416,11,146866,11749,2023,1149,1664,2018,1147,1597,97,100,0,600,2066
spec2milc,478,249,2023,1148,1633,1421,11,146862,11749,2025,1150,1676,2020,1147,1597,98,100,0,600,2063
spec2milc,478,250,2018,1148,1601,1427,11,146858,11748,2023,1149,1655,2018,1147,1589,98,100,0,600,2043
spec2milc,478,251,2022,1148,1627,1433,11,146855,11748,2022,1149,1663,2017,1147,1590,98,100,0,600,2063
spec2milc,478,252,2029,1148,1627,1438,11,146859,11748,2029,1149,1695,2022,1147,1598,98,100,0,600,2063
spec2milc,478,253,2026,1149,1611,1444,11,146850,11748,2029,1149,1661,2022,1147,1596,98,100,0,600,2066
spec2milc,478,254,2025,1149,1601,1449,11,146848,11747,2029,1149,1660,2025,1147,1588,98,100,0,600,2046
spec2milc,478,255,2019,1149,1600,1455,11,146844,11747,2025,1149,1654,2019,1147,1590,98,100,0,600,2049
spec2milc,478,256,2029,1148,1650,1461,11,146843,11747,2029,1149,1666,2018,1147,1589,97,100,0,600,2075
spec2milc,478,257,2029,1149,1603,1466,11,146842,11747,2033,1149,1658,2029,1147,1597,98,100,0,600,2055
spec2milc,478,258,2027,1149,1614,1472,11,146840,11747,2029,1150,1652,2027,1147,1589,98,100,0,599,2055
spec2milc,478,259,2036,1148,1647,1478,11,146842,11747,2036,1149,1670,2027,1147,1596,98,100,0,600,2069
spec2milc,478,260,2034,1148,1614,1483,11,146842,11747,2036,1149,1666,2030,1147,1598,98,100,0,600,2069
spec2milc,478,261,2033,1148,1635,1489,11,146842,11747,2037,1150,1664,2033,1147,1598,98,100,0,600,2060
spec2milc,478,262,2032,1148,1613,1495,11,146842,11747,2033,1150,1671,2029,1147,1588,98,100,0,600,2066
spec2milc,478,263,2030,1149,1600,1500,12,146841,11747,2034,1150,1661,2029,1148,1588,98,100,0,600,2060
spec2milc,478,264,2032,1149,1643,1506,12,146840,11747,2032,1150,1662,2028,1148,1595,98,100,0,600,2072
spec2milc,478,265,2037,1149,1627,1512,12,146842,11747,2037,1150,1669,2032,1149,1596,98,100,0,600,2069
spec2milc,478,266,2036,1149,1645,1517,12,146843,11747,2039,1150,1665,2034,1148,1596,98,100,0,600,2075
spec2milc,478,267,2039,1148,1615,1523,12,146844,11747,2039,1150,1662,2036,1148,1604,98,100,0,601,2063
spec2milc,478,268,2033,1149,1630,1529,12,146850,11748,2040,1150,1658,2033,1147,1596,98,100,0,601,2063
spec2milc,478,269,2027,1149,1630,1534,12,146842,11747,2033,1150,1652,2027,1147,1587,98,100,0,601,2058
spec2milc,478,270,1883,1150,1506,1540,12,146820,11745,2029,1151,1668,1883,1147,1505,98,100,0,601,1907
spec2milc,478,271,2027,1150,1632,1545,12,146814,11745,2033,1151,1688,1882,1148,1505,99,100,0,601,2046
spec2milc,478,272,2031,1150,1613,1551,12,146813,11745,2031,1150,1671,2026,1148,1608,98,100,0,601,2063
spec2milc,478,273,2032,1149,1637,1557,12,146819,11745,2033,1150,1672,2028,1148,1606,98,100,0,601,2058
spec2milc,478,274,2030,1149,1620,1562,12,146813,11745,2033,1150,1675,2029,1147,1606,98,100,0,601,2055
spec2milc,478,275,2023,1148,1610,1568,12,146809,11744,2030,1149,1663,2023,1147,1603,98,100,0,601,2055
spec2milc,478,276,2032,1149,1609,1573,12,146795,11743,2033,1150,1661,1889,1147,1502,98,100,0,601,2055
spec2milc,478,277,2029,1147,1636,1579,12,146793,11743,2032,1149,1696,2025,1147,1605,98,100,0,601,2063
spec2milc,478,278,2032,1146,1631,1585,12,146793,11743,2032,1149,1675,2028,1146,1609,98,100,0,600,2072
spec2milc,478,279,2032,1148,1640,1590,12,146793,11743,2033,1149,1680,2030,1146,1609,98,100,0,600,2066
spec2milc,478,280,2033,1147,1655,1596,12,146793,11743,2033,1149,1692,2030,1146,1604,98,100,0,600,2072
spec2milc,478,281,2046,1148,1645,1602,12,146797,11743,2046,1148,1695,2033,1146,1618,97,100,0,601,2106
spec2milc,478,282,2053,1147,1655,1608,12,146802,11744,2055,1148,1687,2046,1146,1622,98,100,0,601,2075
spec2milc,478,283,2054,1147,1665,1613,12,146809,11744,2056,1148,1690,2052,1146,1617,98,100,0,601,2075
spec2milc,478,284,2047,1147,1647,1619,12,146816,11745,2054,1148,1671,2046,1146,1614,98,100,0,601,2077
spec2milc,478,285,2044,1148,1643,1625,13,146814,11745,2047,1149,1675,2044,1146,1615,98,100,0,601,2072
spec2milc,478,286,2049,1148,1633,1630,13,146818,11745,2049,1149,1684,2042,1146,1595,98,100,0,601,2083
spec2milc,478,287,2051,1148,1642,1636,13,146823,11745,2053,1149,1683,2049,1147,1616,99,100,0,601,2069
spec2milc,478,288,2048,1148,1645,1642,13,146831,11746,2051,1149,1676,2044,1147,1614,98,100,0,601,2083
spec2milc,478,289,2044,1148,1613,1648,13,146829,11746,2050,1149,1676,2044,1146,1610,98,100,0,601,2066
spec2milc,478,290,2051,1148,1645,1653,13,146834,11746,2051,1149,1685,2042,1147,1613,98,100,0,601,2089
spec2milc,478,291,2050,1148,1636,1659,13,146838,11747,2054,1149,1684,2050,1147,1617,99,100,0,601,2069
spec2milc,478,292,2041,1149,1651,1665,13,146840,11747,2050,1149,1672,2041,1147,1612,98,100,0,601,2072
spec2milc,478,293,2050,1147,1623,1670,13,146845,11747,2050,1149,1693,2041,1147,1616,98,100,0,601,2086
spec2milc,478,294,2043,1148,1647,1676,13,146852,11748,2050,1149,1671,2042,1147,1614,98,100,0,601,2077
spec2milc,478,295,2042,1147,1661,1682,13,146854,11748,2044,1149,1676,2042,1147,1617,98,100,0,601,2069
spec2milc,478,296,2047,1148,1631,1688,13,146852,11748,2047,1150,1686,2042,1147,1615,97,100,0,601,2089
spec2milc,478,297,2050,1148,1657,1693,13,146857,11748,2051,1149,1694,2047,1147,1612,98,100,0,601,2080
spec2milc,478,298,2035,1148,1629,1699,13,146857,11748,2052,1150,1696,2035,1147,1595,99,100,0,601,2046
spec2milc,478,299,2026,1148,1609,1705,13,146854,11748,2035,1150,1673,2025,1148,1595,98,100,0,601,2060
spec2milc,478,300,2027,1149,1612,1710,13,146858,11748,2028,1150,1670,2026,1147,1605,98,100,0,601,2058
spec2milc,478,301,2027,1148,1649,1716,13,146851,11748,2028,1149,1669,2025,1147,1592,98,100,0,601,2063
spec2milc,478,302,2028,1149,1601,1721,13,146850,11748,2030,1150,1672,2027,1147,1592,98,100,0,601,2049
spec2milc,478,303,2028,1148,1654,1727,13,146849,11747,2029,1149,1666,2025,1147,1597,98,100,0,601,2060
spec2milc,478,304,2027,1148,1646,1733,13,146848,11747,2031,1150,1661,2027,1147,1597,99,100,0,601,2046
spec2milc,478,305,2026,1149,1600,1738,13,146846,11747,2030,1150,1677,2025,1147,1587,98,100,0,601,2049
spec2milc,478,306,2019,1148,1623,1744,13,146842,11747,2026,1149,1654,2018,1147,1587,98,100,0,601,2049
spec2milc,478,307,2025,1148,1659,1750,14,146841,11747,2025,1149,1661,2017,1147,1596,98,100,0,601,2055
spec2milc,478,308,2027,1148,1597,1755,14,146839,11747,2027,1149,1692,2025,1147,1597,98,100,0,601,2049
spec2milc,478,309,2028,1148,1607,1761,14,146838,11747,2028,1149,1663,2024,1147,1597,98,100,0,601,2060
spec2milc,478,310,2026,1148,1633,1767,14,146836,11746,2028,1149,1663,2026,1147,1596,98,100,0,601,2052
spec2milc,478,311,2028,1148,1613,1772,14,146835,11746,2028,1149,1665,2026,1147,1598,98,100,0,601,2058
spec2milc,478,312,2029,1148,1647,1778,14,146834,11746,2029,1149,1667,2025,1147,1597,98,100,0,601,2063
spec2milc,478,313,2030,1148,1647,1784,14,146833,11746,2031,1149,1668,2029,1147,1606,98,100,0,601,2058
spec2milc,478,314,2028,1147,1641,1789,14,146833,11746,2030,1149,1668,2028,1147,1596,98,100,0,601,2055
spec2milc,478,315,2035,1148,1650,1795,14,146833,11746,2035,1149,1668,2028,1146,1602,98,100,0,601,2072
spec2milc,478,316,2035,1148,1643,1801,14,146833,11746,2036,1149,1669,2032,1147,1598,97,100,0,601,2077
spec2milc,478,317,2030,1149,1589,1806,14,146833,11746,2037,1149,1661,2030,1146,1589,98,100,0,601,2052
spec2milc,478,318,2027,1148,1636,1812,14,146836,11746,2030,1149,1664,2027,1146,1589,98,100,0,601,2063
spec2milc,478,319,2035,1147,1615,1818,14,146832,11746,2035,1148,1667,2025,1146,1591,98,100,0,601,2069
spec2milc,478,320,2035,1146,1626,1823,14,146837,11747,2037,1148,1669,2033,1145,1602,98,100,0,601,2075
spec2milc,478,321,2031,1147,1616,1829,14,146832,11746,2039,1148,1679,2031,1145,1591,98,100,0,601,2055
spec2milc,478,322,2028,1146,1639,1835,14,146831,11746,2031,1147,1657,2027,1145,1593,98,100,0,601,2058
spec2milc,478,323,2027,1146,1630,1840,14,146830,11746,2028,1147,1654,2026,1144,1599,98,100,0,601,2063
spec2milc,478,324,2026,1146,1628,1846,14,146829,11746,2028,1148,1675,2026,1145,1598,98,100,0,601,2058
spec2milc,478,325,2026,1146,1606,1852,14,146827,11746,2027,1147,1654,2025,1144,1592,98,100,0,601,2060
spec2milc,478,326,2026,1145,1637,1857,14,146830,11746,2026,1147,1656,2025,1144,1593,98,100,0,601,2058
spec2milc,478,327,2026,1147,1642,1863,14,146824,11745,2027,1147,1668,2025,1144,1600,98,100,0,601,2049
spec2milc,478,328,2026,1145,1644,1868,14,146823,11745,2027,1148,1654,2026,1145,1593,98,100,0,601,2052
spec2milc,478,329,1878,1147,1510,1874,14,146812,11744,2026,1148,1655,1878,1145,1508,98,100,0,601,1907
spec2milc,478,330,2049,1145,1661,1880,15,146813,11745,2049,1148,1693,1878,1144,1509,97,100,0,601,2095
spec2milc,478,331,2049,1145,1635,1885,15,146817,11745,2053,1146,1691,2048,1144,1622,98,100,0,601,2077
spec2milc,478,332,2046,1145,1633,1891,15,146819,11745,2049,1147,1682,2045,1143,1623,98,100,0,601,2077
spec2milc,478,333,2040,1144,1628,1897,15,146821,11745,2047,1146,1697,2040,1144,1609,99,100,0,601,2052
spec2milc,478,334,2026,1145,1638,1902,15,146819,11745,2040,1145,1668,2026,1143,1613,98,100,0,601,2049
spec2milc,478,335,2031,1144,1636,1908,15,146819,11745,2033,1146,1681,2026,1143,1612,99,100,0,601,2049
spec2milc,478,336,2031,1144,1641,1914,15,146818,11745,2031,1146,1693,2027,1143,1613,98,100,0,601,2069
spec2milc,478,337,2025,1144,1632,1919,15,146816,11745,2032,1145,1676,2025,1143,1612,98,100,0,601,2055
spec2milc,478,338,2032,1143,1664,1925,15,146816,11745,2032,1145,1684,2022,1143,1568,97,100,0,601,2089
spec2milc,478,339,2051,1143,1650,1931,15,146804,11744,2051,1145,1693,1879,1142,1514,98,100,0,601,2086
spec2milc,478,340,2037,1146,1624,1936,15,146805,11744,2051,1146,1681,2037,1143,1616,99,100,0,601,2055
spec2milc,478,341,2026,1143,1620,1942,15,146802,11744,2037,1146,1668,2026,1142,1613,98,100,0,601,2055
spec2milc,478,342,2032,1144,1631,1947,15,146802,11744,2032,1145,1715,2024,1142,1616,97,100,0,601,2089
spec2milc,478,343,2032,1143,1617,1953,15,146806,11744,2034,1144,1683,2031,1142,1617,98,100,0,601,2058
spec2milc,478,344,2023,1144,1512,1959,15,146798,11743,2032,1145,1671,2023,1142,1511,98,100,0,601,2052
spec2milc,478,345,2027,1144,1646,1964,15,146791,11743,2027,1145,1703,1880,1142,1512,97,100,0,601,2069
spec2milc,478,346,2026,1143,1639,1970,15,146790,11743,2032,1145,1676,2026,1142,1615,99,100,0,600,2046
spec2milc,478,347,2025,1143,1657,1976,15,146789,11743,2027,1145,1672,2025,1142,1614,98,100,0,600,2055
spec2milc,478,348,2029,1144,1668,1981,15,146788,11743,2029,1144,1681,2024,1142,1615,98,100,0,600,2069
spec2milc,478,349,2037,1143,1633,1987,15,146790,11743,2037,1144,1696,2029,1142,1624,98,100,0,600,2075
spec2milc,478,350,2052,1141,1657,1993,15,146794,11743,2052,1144,1696,2037,1141,1625,97,100,0,600,2095
spec2milc,478,351,2060,1144,1655,1998,15,146801,11744,2060,1145,1697,2052,1140,1652,98,100,0,600,2095
spec2milc,478,352,2062,1144,1678,2004,16,146807,11744,2063,1145,1711,2060,1142,1651,98,100,0,600,2092
spec2milc,478,353,2062,1143,1652,2010,16,146813,11745,2063,1145,1691,2062,1142,1637,98,100,0,601,2095
spec2milc,478,354,2054,1144,1672,2016,16,146816,11745,2062,1146,1682,2051,1142,1622,98,100,0,601,2092
spec2milc,478,355,2050,1143,1639,2021,16,146820,11745,2058,1145,1684,2050,1142,1622,98,100,0,601,2075
spec2milc,478,356,2046,1145,1625,2027,16,146822,11745,2050,1145,1690,2046,1142,1617,98,100,0,601,2077
spec2milc,478,357,2050,1143,1647,2033,16,146830,11746,2053,1145,1682,2045,1142,1619,98,100,0,601,2075
spec2milc,478,358,2053,1142,1649,2039,16,146830,11746,2053,1144,1703,2046,1141,1601,98,100,0,600,2086
spec2milc,478,359,2055,1143,1644,2044,16,146838,11747,2055,1144,1698,2053,1142,1631,98,100,0,601,2089
spec2milc,478,360,2047,1146,1655,2050,16,146837,11747,2056,1146,1687,2047,1142,1614,98,100,0,600,2069
spec2milc,478,361,2044,1143,1647,2056,16,146839,11747,2047,1146,1683,2044,1141,1616,99,100,0,600,2063
spec2milc,478,362,2050,1142,1652,2061,16,146843,11747,2050,1144,1687,2043,1140,1624,98,100,0,599,2086
spec2milc,478,363,2052,1142,1661,2067,16,146847,11747,2053,1144,1688,2050,1141,1633,98,100,0,599,2083
spec2milc,478,364,2050,1144,1657,2073,16,146850,11748,2052,1144,1698,2047,1142,1617,98,100,0,600,2089
spec2milc,478,365,2051,1143,1647,2079,16,146857,11748,2053,1144,1695,2048,1142,1625,98,100,0,600,2092
spec2milc,478,366,2046,1144,1634,2084,16,146856,11748,2052,1144,1686,2046,1142,1622,98,100,0,601,2072
spec2milc,478,367,2054,1143,1649,2090,16,146860,11748,2054,1144,1686,2045,1142,1627,98,100,0,600,2083
spec2milc,478,368,2050,1143,1649,2096,16,146863,11749,2055,1144,1699,2050,1141,1621,99,100,0,600,2066
spec2milc,478,369,2042,1142,1691,2101,16,146865,11749,2050,1144,1691,2042,1141,1618,99,100,0,600,2060
spec2milc,478,370,2040,1144,1622,2107,16,146870,11749,2047,1144,1700,2040,1141,1611,99,100,0,600,2060
spec2milc,478,371,2023,1144,1606,2113,16,146863,11749,2040,1145,1665,2023,1143,1602,99,100,0,600,2043
spec2milc,478,372,2018,1144,1645,2118,16,146860,11748,2023,1145,1669,2018,1143,1601,98,100,0,601,2049
spec2milc,478,373,2017,1143,1617,2124,16,146857,11748,2018,1145,1680,2015,1142,1588,98,100,0,601,2058
spec2milc,478,374,2024,1144,1657,2130,17,146855,11748,2024,1145,1681,2015,1142,1589,98,100,0,601,2052
spec2milc,478,375,2021,1143,1621,2135,17,146857,11748,2027,1144,1669,2021,1142,1603,98,100,0,601,2049
spec2milc,478,376,2019,1143,1658,2141,17,146850,11748,2021,1144,1661,2019,1142,1604,98,100,0,601,2049
spec2milc,478,377,2025,1143,1630,2146,17,146849,11747,2027,1145,1675,2019,1142,1603,98,100,0,601,2049
spec2milc,478,378,2025,1143,1642,2152,17,146848,11747,2027,1144,1674,2023,1142,1604,98,100,0,600,2046
spec2milc,478,379,2026,1142,1632,2158,17,146846,11747,2027,1144,1667,2021,1141,1592,98,100,0,600,2049
spec2milc,478,380,2029,1142,1652,2163,17,146846,11747,2030,1144,1673,2026,1141,1608,98,100,0,601,2063
spec2milc,478,381,2028,1143,1630,2169,17,146845,11747,2031,1144,1674,2027,1141,1605,98,100,0,601,2063
spec2milc,478,382,2029,1144,1610,2175,17,146844,11747,2030,1144,1673,2028,1141,1606,98,100,0,601,2052
spec2milc,478,383,2025,1143,1640,2180,17,146843,11747,2029,1144,1701,2022,1141,1596,98,100,0,601,2063
spec2milc,478,384,2024,1142,1623,2186,17,146841,11747,2028,1144,1674,2024,1142,1604,98,100,0,601,2049
spec2milc,478,385,2019,1144,1605,2192,17,146838,11747,2024,1145,1661,2019,1142,1602,98,100,0,601,2046
spec2milc,478,386,2016,1146,1628,2197,17,146839,11747,2020,1146,1679,2016,1144,1592,98,100,0,601,2041
spec2milc,478,387,2019,1146,1604,2203,17,146833,11746,2019,1147,1657,2015,1145,1591,98,100,0,601,2052
spec2milc,478,388,2028,1145,1643,2209,17,146832,11746,2028,1146,1665,2019,1144,1601,97,100,0,601,2080
spec2milc,478,389,2031,1147,1619,2214,17,146832,11746,2035,1147,1699,2028,1144,1601,98,100,0,601,2055
spec2milc,478,390,2028,1146,1601,2220,17,146831,11746,2031,1147,1656,2027,1144,1591,98,100,0,601,2063
spec2milc,478,391,2035,1146,1649,2226,17,146832,11746,2035,1147,1670,2026,1144,1593,98,100,0,601,2066
spec2milc,478,392,2038,1146,1652,2231,17,146833,11746,2039,1146,1668,2034,1144,1601,98,100,0,601,2066
spec2milc,478,393,2036,1145,1624,2237,17,146833,11746,2040,1146,1669,2034,1144,1593,98,100,0,601,2069
spec2milc,478,394,2037,1145,1643,2243,17,146834,11746,2040,1146,1671,2036,1144,1603,98,100,0,601,2060
spec2milc,478,395,2029,1146,1633,2248,17,146833,11746,2037,1147,1697,2029,1143,1600,98,100,0,601,2063
spec2milc,478,396,2030,1145,1617,2254,18,146832,11746,2030,1146,1668,2027,1144,1600,98,100,0,601,2069
spec2milc,478,397,2037,1145,1652,2260,18,146833,11746,2037,1146,1669,2030,1144,1602,98,100,0,601,2075
spec2milc,478,398,2032,1146,1644,2265,18,146833,11746,2037,1146,1684,2031,1144,1593,98,100,0,601,2060
spec2milc,478,399,2036,1144,1648,2271,18,146834,11746,2036,1146,1667,2030,1144,1603,98,100,0,601,2066
spec2milc,478,400,2037,1145,1640,2277,18,146838,11747,2039,1146,1667,2036,1144,1602,98,100,0,601,2058
spec2milc,478,401,1902,1146,1523,2282,18,146825,11746,2037,1147,1657,1902,1144,1509,99,100,0,601,1918
spec2milc,478,402,2029,1146,1625,2288,18,146816,11745,2033,1147,1678,1889,1144,1516,98,100,0,601,2052
spec2milc,478,403,2030,1146,1635,2293,18,146815,11745,2030,1147,1674,2027,1145,1611,98,100,0,601,2063
spec2milc,478,404,2032,1146,1615,2299,18,146815,11745,2032,1146,1677,2027,1144,1611,98,100,0,601,2069
spec2milc,478,405,2027,1145,1626,2305,18,146817,11745,2032,1146,1673,2025,1144,1609,98,100,0,601,2063
spec2milc,478,406,2029,1147,1636,2310,18,146813,11745,2030,1147,1678,2027,1144,1609,98,100,0,601,2058
spec2milc,478,407,1887,1144,1665,2316,18,146804,11744,2031,1147,1682,1885,1144,1512,98,100,0,601,1915
spec2milc,478,408,2032,1145,1623,2321,18,146807,11744,2050,1146,1693,1887,1144,1611,99,100,0,601,2043
spec2milc,478,409,2024,1146,1636,2327,18,146801,11744,2032,1146,1667,2024,1144,1610,98,100,0,601,2052
spec2milc,478,410,2026,1145,1655,2333,18,146800,11744,2026,1147,1674,2022,1144,1611,97,100,0,601,2072
spec2milc,478,411,2033,1147,1614,2338,18,146801,11744,2033,1147,1703,2026,1144,1614,97,100,0,601,2077
spec2milc,478,412,2026,1147,1612,2344,18,146799,11743,2033,1147,1671,2026,1145,1606,98,100,0,601,2049
spec2milc,478,413,2053,1146,1662,2350,18,146804,11744,2053,1147,1696,2025,1143,1612,97,100,0,601,2106
spec2milc,478,414,2065,1145,1674,2355,18,146811,11744,2065,1146,1699,2053,1144,1648,98,100,0,600,2106
spec2milc,478,415,2068,1145,1664,2361,18,146817,11745,2069,1146,1700,2065,1144,1649,98,100,0,600,2106
spec2milc,478,416,2061,1145,1653,2367,18,146822,11745,2072,1146,1699,2061,1143,1620,98,100,0,600,2083
spec2milc,478,417,2057,1145,1635,2373,18,146827,11746,2062,1146,1691,2057,1142,1627,99,100,0,600,2075
spec2milc,478,418,2047,1145,1655,2378,19,146829,11746,2057,1145,1675,2047,1143,1617,98,100,0,600,2075
spec2milc,478,419,2046,1143,1658,2384,19,146835,11746,2047,1145,1679,2045,1143,1620,98,100,0,600,2083
spec2milc,478,420,2042,1145,1629,2390,19,146833,11746,2048,1145,1690,2042,1143,1600,99,100,0,600,2058
spec2milc,478,421,2051,1145,1680,2395,19,146840,11747,2051,1145,1700,2042,1143,1624,98,100,0,600,2083
spec2milc,478,422,2055,1144,1633,2401,19,146840,11747,2055,1145,1688,2051,1142,1624,98,100,0,600,2077
spec2milc,478,423,2046,1144,1638,2407,19,146845,11747,2055,1145,1680,2046,1142,1617,98,100,0,600,2077
spec2milc,478,424,2043,1144,1643,2412,19,146843,11747,2046,1145,1679,2043,1142,1617,99,100,0,600,2063
spec2milc,478,425,2043,1145,1644,2418,19,146845,11747,2043,1145,1690,2041,1142,1622,98,100,0,599,2069
spec2milc,478,426,2045,1145,1633,2424,19,146850,11748,2045,1146,1686,2042,1143,1619,98,100,0,600,2080
spec2milc,478,427,2051,1144,1646,2430,19,146853,11748,2051,1146,1691,2044,1143,1616,98,100,0,599,2086
spec2milc,478,428,2050,1146,1654,2435,19,146856,11748,2053,1146,1686,2049,1144,1617,98,100,0,599,2083
spec2milc,478,429,2053,1146,1655,2441,19,146856,11748,2053,1147,1685,2050,1144,1618,98,100,0,600,2092
spec2milc,478,430,2050,1146,1641,2447,19,146859,11748,2056,1146,1686,2050,1144,1622,98,100,0,600,2075
spec2milc,478,431,2054,1145,1653,2452,19,146866,11749,2054,1146,1693,2048,1144,1622,98,100,0,599,2089
spec2milc,478,432,2049,1145,1662,2458,19,146868,11749,2054,1146,1690,2046,1144,1615,97,100,0,600,2092
spec2milc,478,433,2040,1147,1623,2464,19,146865,11749,2053,1147,1696,2040,1144,1609,98,100,0,600,2063
spec2milc,478,434,2029,1145,1628,2470,19,146864,11749,2040,1147,1668,2029,1144,1601,98,100,0,599,2060
spec2milc,478,435,2032,1145,1642,2475,19,146864,11749,2032,1147,1688,2029,1144,1602,98,100,0,600,2069
spec2milc,478,436,2023,1146,1629,2481,19,146862,11748,2032,1147,1676,2022,1145,1588,98,100,0,600,2063
spec2milc,478,437,2029,1146,1618,2486,19,146861,11748,2030,1147,1676,2023,1144,1601,98,100,0,600,2058
spec2milc,478,438,2023,1146,1672,2492,19,146859,11748,2029,1147,1672,2021,1144,1599,98,100,0,600,2060
spec2milc,478,439,2027,1145,1649,2498,19,146859,11748,2029,1147,1672,2023,1143,1599,98,100,0,599,2052
spec2milc,478,440,2029,1146,1627,2503,20,146858,11748,2029,1147,1673,2024,1144,1599,98,100,0,599,2058
spec2milc,478,441,2024,1146,1625,2509,20,146860,11748,2029,1147,1662,2022,1144,1600,97,100,0,600,2066
spec2milc,478,442,2025,1147,1651,2515,20,146855,11748,2029,1147,1697,2023,1144,1599,98,100,0,600,2060
spec2milc,478,443,2025,1146,1634,2520,20,146854,11748,2028,1147,1668,2023,1145,1599,98,100,0,600,2060
spec2milc,478,444,2024,1146,1616,2526,20,146852,11748,2027,1147,1666,2022,1144,1591,98,100,0,600,2063
spec2milc,478,445,2028,1145,1604,2532,20,146852,11748,2029,1146,1684,2024,1144,1601,98,100,0,600,2058
spec2milc,478,446,2023,1146,1653,2537,20,146853,11748,2028,1146,1663,2021,1144,1593,98,100,0,600,2060
spec2milc,478,447,2021,1146,1632,2543,20,146848,11747,2027,1146,1670,2021,1144,1601,98,100,0,600,2043
spec2milc,478,448,2026,1144,1641,2549,20,146847,11747,2027,1146,1672,2020,1144,1601,98,100,0,600,2049
spec2milc,478,449,2027,1144,1628,2554,20,146846,11747,2027,1146,1671,2023,1143,1602,98,100,0,600,2058
spec2milc,478,450,2030,1146,1646,2560,20,146845,11747,2030,1146,1668,2025,1144,1592,97,100,0,600,2080
spec2milc,478,451,2033,1144,1661,2566,20,146846,11747,2033,1147,1668,2030,1143,1601,97,100,0,600,2075
spec2milc,478,452,2036,1145,1605,2571,20,146846,11747,2037,1146,1667,2033,1144,1601,98,100,0,600,2060
spec2milc,478,453,2029,1145,1640,2577,20,146845,11747,2036,1146,1656,2028,1143,1593,98,100,0,600,2058
spec2milc,478,454,2033,1144,1636,2583,20,146846,11747,2035,1146,1686,2028,1143,1602,99,100,0,600,2052
spec2milc,478,455,2028,1144,1639,2588,20,146845,11747,2033,1146,1660,2028,1143,1603,98,100,0,600,2052
spec2milc,478,456,2025,1145,1640,2594,20,146843,11747,2028,1146,1657,2025,1144,1593,98,100,0,600,2055
spec2milc,478,457,2028,1144,1625,2599,20,146843,11747,2028,1146,1683,2025,1143,1592,98,100,0,600,2063
spec2milc,478,458,2026,1144,1629,2605,20,146841,11747,2028,1146,1654,2025,1144,1600,98,100,0,600,2060
spec2milc,478,459,2028,1146,1636,2611,20,146840,11747,2028,1146,1666,2024,1144,1591,97,100,0,601,2075
spec2milc,478,460,2029,1145,1609,2616,20,146840,11747,2032,1146,1682,2028,1144,1599,98,100,0,601,2052
spec2milc,478,461,2026,1145,1638,2622,20,146839,11747,2029,1146,1655,2026,1143,1601,98,100,0,601,2049
spec2milc,478,462,2026,1144,1643,2628,21,146841,11747,2027,1146,1657,2025,1143,1601,98,100,0,601,2058
spec2milc,478,463,2035,1145,1615,2633,21,146838,11747,2035,1146,1676,2025,1143,1594,98,100,0,601,2072
spec2milc,478,464,2066,1144,1683,2639,21,146832,11746,2072,1146,1683,1890,1144,1522,99,100,0,601,2069
spec2milc,478,465,2062,1144,1641,2645,21,146836,11746,2066,1146,1692,2059,1143,1625,98,100,0,601,2095
spec2milc,478,466,2061,1145,1662,2650,21,146843,11747,2062,1146,1693,2059,1144,1630,98,100,0,600,2100
spec2milc,478,467,2059,1144,1666,2656,21,146844,11747,2061,1146,1691,2059,1144,1633,98,100,0,600,2092
spec2milc,478,468,2037,1145,1641,2662,21,146844,11747,2061,1146,1686,2037,1143,1613,99,100,0,600,2052
spec2milc,478,469,2027,1144,1620,2667,21,146842,11747,2037,1146,1667,2026,1143,1612,98,100,0,600,2058
spec2milc,478,470,2028,1146,1621,2673,21,146845,11747,2030,1146,1677,2026,1144,1613,98,100,0,599,2058
spec2milc,478,471,2031,1145,1628,2679,21,146844,11747,2031,1146,1678,2027,1144,1612,98,100,0,600,2063
spec2milc,478,472,2031,1145,1616,2684,21,146841,11747,2032,1146,1680,2028,1144,1608,98,100,0,600,2052
spec2milc,478,473,2048,1146,1652,2690,21,146843,11747,2048,1147,1685,2029,1144,1606,97,100,0,599,2092
spec2milc,478,474,2065,1144,1654,2696,21,146852,11748,2065,1147,1699,2048,1143,1648,98,100,0,600,2095
spec2milc,478,475,2072,1144,1663,2702,21,146855,11748,2072,1145,1704,2064,1142,1652,98,100,0,600,2106
spec2milc,478,476,1762,1146,1366,2707,21,146856,11748,2072,1146,1697,1762,1142,1365,96,100,0,600,1819
spec2milc,478,477,1819,1144,1543,2712,21,146805,11744,1819,1146,1578,1691,1143,1365,99,100,0,600,1822
Processed 478 lines from power meter
There were 0 errors in reading from the meter
