RunId,NumDataLines,SeqNum,Watts,Amps,WattHours,Cost,MoKWh,MoCost,MaxWatts,MaxVolts,MaxAmps,MinWatts,MinVolts,MinAmps,Factor,DutyCycle,PowerCycle
tas2mcf,240,0,2035,1144,1642,11,0,145856,11668,2035,1145,1668,2025,1142,1634,98,100,0,600,2063
tas2mcf,240,1,2027,1144,1637,16,0,146005,11680,2035,1145,1642,2027,1142,1616,98,100,0,599,2060
tas2mcf,240,2,2037,1145,1641,22,0,146320,11705,2037,1145,1656,2027,1142,1630,98,100,0,600,2075
tas2mcf,240,3,2039,1144,1634,28,0,146528,11722,2040,1145,1653,2037,1143,1634,98,100,0,600,2069
tas2mcf,240,4,2031,1144,1627,33,0,146537,11723,2039,1146,1650,2031,1143,1612,98,100,0,600,2055
tas2mcf,240,5,2031,1145,1632,39,0,146550,11724,2031,1146,1661,2029,1144,1622,98,100,0,600,2063
tas2mcf,240,6,2034,1146,1640,45,0,146592,11727,2034,1146,1664,2028,1144,1620,98,100,0,600,2072
tas2mcf,240,7,2038,1145,1640,50,0,146670,11733,2038,1146,1645,2034,1144,1636,98,100,0,599,2072
tas2mcf,240,8,2040,1145,1642,56,0,146740,11739,2040,1146,1646,2038,1144,1638,98,100,0,600,2075
tas2mcf,240,9,2040,1142,1643,62,0,146795,11743,2040,1145,1656,2040,1142,1639,98,100,0,600,2072
tas2mcf,240,10,2042,1143,1646,67,0,146849,11747,2042,1145,1656,2039,1142,1641,98,100,0,600,2077
tas2mcf,240,11,2041,1144,1650,73,0,146894,11751,2042,1144,1650,2041,1142,1641,98,100,0,600,2072
tas2mcf,240,12,2038,1143,1637,79,0,146920,11753,2044,1144,1652,2038,1142,1634,98,100,0,600,2060
tas2mcf,240,13,2040,1142,1650,84,0,146943,11755,2040,1144,1653,2035,1140,1634,98,100,0,599,2077
tas2mcf,240,14,2043,1143,1649,90,0,146988,11759,2043,1144,1652,2040,1142,1644,98,100,0,599,2075
tas2mcf,240,15,2036,1143,1651,96,0,146988,11759,2043,1144,1655,2036,1142,1634,98,100,0,599,2066
tas2mcf,240,16,2045,1144,1646,101,0,147037,11763,2045,1145,1659,2036,1142,1644,98,100,0,600,2080
tas2mcf,240,17,2045,1143,1648,107,0,147076,11766,2046,1144,1652,2044,1142,1645,98,100,0,600,2077
tas2mcf,240,18,2047,1144,1650,113,0,147115,11769,2047,1144,1652,2045,1143,1645,98,100,0,600,2077
tas2mcf,240,19,2046,1144,1648,118,0,147150,11772,2048,1144,1653,2046,1142,1644,98,100,0,600,2077
tas2mcf,240,20,2045,1143,1648,124,0,147176,11774,2046,1145,1652,2045,1142,1640,98,100,0,600,2077
tas2mcf,240,21,2045,1143,1649,130,1,147200,11776,2046,1144,1652,2045,1142,1644,98,100,0,600,2077
tas2mcf,240,22,2046,1143,1650,136,1,147223,11777,2046,1144,1653,2045,1142,1645,98,100,0,600,2077
tas2mcf,240,23,2046,1144,1647,141,1,147245,11779,2046,1144,1652,2045,1142,1643,98,100,0,600,2077
tas2mcf,240,24,2045,1143,1651,147,1,147261,11780,2046,1144,1651,2045,1141,1645,98,100,0,600,2075
tas2mcf,240,25,2046,1144,1648,153,1,147281,11782,2047,1144,1654,2045,1142,1647,98,100,0,600,2075
tas2mcf,240,26,2044,1142,1649,158,1,147295,11783,2046,1144,1651,2044,1142,1647,98,100,0,600,2077
tas2mcf,240,27,2045,1142,1651,164,1,147363,11789,2046,1143,1653,2044,1141,1649,98,100,0,600,2075
tas2mcf,240,28,2045,1143,1650,170,1,147325,11786,2046,1144,1653,2045,1141,1647,98,100,0,601,2075
tas2mcf,240,29,2043,1143,1650,175,1,147329,11786,2046,1145,1690,2040,1142,1629,98,100,0,601,2075
tas2mcf,240,30,2035,1144,1631,181,1,147310,11784,2043,1145,1664,2035,1143,1625,98,100,0,601,2060
tas2mcf,240,31,2019,1144,1629,187,1,147252,11780,2035,1145,1646,2018,1143,1602,98,100,0,601,2052
tas2mcf,240,32,2017,1145,1642,192,1,147204,11776,2019,1145,1665,2016,1141,1610,98,100,0,601,2052
tas2mcf,240,33,2032,1144,1640,198,1,147202,11776,2032,1145,1646,2017,1143,1638,98,100,0,601,2069
tas2mcf,240,34,2027,1145,1634,204,1,147218,11777,2032,1145,1643,2027,1143,1627,98,100,0,601,2060
tas2mcf,240,35,2035,1145,1644,209,1,147173,11773,2035,1146,1649,2027,1143,1629,98,100,0,601,2075
tas2mcf,240,36,2039,1145,1644,215,1,147179,11774,2039,1146,1647,2035,1143,1639,98,100,0,601,2072
tas2mcf,240,37,2041,1145,1646,221,1,147187,11774,2041,1146,1648,2039,1143,1641,98,100,0,601,2072
tas2mcf,240,38,2044,1144,1647,226,1,147199,11775,2044,1145,1651,2041,1143,1640,98,100,0,601,2075
tas2mcf,240,39,2044,1144,1649,232,1,147212,11776,2044,1145,1652,2044,1143,1643,98,100,0,601,2077
tas2mcf,240,40,2047,1145,1645,238,1,147227,11778,2047,1146,1652,2044,1143,1643,98,100,0,601,2080
tas2mcf,240,41,2046,1145,1647,244,1,147240,11779,2047,1146,1652,2046,1143,1643,98,100,0,601,2077
tas2mcf,240,42,2047,1145,1649,249,1,147253,11780,2047,1146,1654,2046,1143,1644,98,100,0,601,2077
tas2mcf,240,43,2046,1145,1648,255,2,147266,11781,2047,1145,1658,2046,1143,1644,98,100,0,601,2077
tas2mcf,240,44,2048,1145,1648,261,2,147279,11782,2048,1146,1654,2046,1144,1645,98,100,0,601,2083
tas2mcf,240,45,2048,1145,1648,266,2,147293,11783,2048,1146,1659,2047,1144,1642,98,100,0,601,2080
tas2mcf,240,46,2048,1144,1653,272,2,147306,11784,2048,1146,1663,2047,1144,1645,98,100,0,601,2083
tas2mcf,240,47,2048,1144,1649,278,2,147318,11785,2049,1146,1653,2048,1143,1646,98,100,0,601,2077
tas2mcf,240,48,2042,1145,1640,283,2,147321,11785,2048,1146,1652,2042,1143,1634,98,100,0,601,2066
tas2mcf,240,49,2036,1143,1652,289,2,147342,11787,2042,1146,1652,2036,1143,1634,98,100,0,601,2066
tas2mcf,240,50,2044,1145,1650,295,2,147324,11785,2044,1145,1655,2036,1143,1644,98,100,0,601,2077
tas2mcf,240,51,2047,1144,1639,301,2,147335,11786,2047,1145,1653,2044,1143,1639,98,100,0,601,2080
tas2mcf,240,52,2037,1144,1638,306,2,147326,11786,2047,1145,1642,2037,1143,1636,98,100,0,601,2063
tas2mcf,240,53,2033,1145,1638,312,2,147316,11785,2037,1145,1641,2033,1142,1633,98,100,0,601,2063
tas2mcf,240,54,2032,1145,1637,318,2,147306,11784,2033,1145,1641,2032,1142,1636,98,100,0,601,2060
tas2mcf,240,55,2032,1147,1634,323,2,147296,11783,2032,1147,1639,2032,1143,1634,98,100,0,601,2060
tas2mcf,240,56,2032,1146,1636,329,2,147286,11782,2032,1147,1638,2032,1144,1634,98,100,0,601,2060
tas2mcf,240,57,2031,1145,1630,335,2,147301,11784,2032,1147,1666,2031,1144,1629,98,100,0,601,2063
tas2mcf,240,58,2028,1145,1630,340,2,147284,11782,2031,1147,1674,2027,1145,1605,98,100,0,601,2060
tas2mcf,240,59,2006,1146,1629,346,2,147217,11777,2028,1147,1641,2006,1145,1592,99,100,0,601,2021
tas2mcf,240,60,2022,1145,1639,351,2,147200,11776,2022,1147,1670,2006,1144,1608,97,100,0,601,2066
tas2mcf,240,61,2035,1146,1641,357,2,147201,11776,2035,1146,1645,2022,1144,1637,98,100,0,601,2075
tas2mcf,240,62,2038,1145,1642,363,2,147203,11776,2038,1147,1644,2035,1144,1639,98,100,0,601,2069
tas2mcf,240,63,2041,1145,1644,368,2,147207,11776,2041,1146,1646,2038,1144,1641,98,100,0,601,2072
tas2mcf,240,64,2045,1145,1645,374,2,147214,11777,2045,1146,1653,2041,1142,1643,98,100,0,601,2080
tas2mcf,240,65,2039,1145,1649,380,3,147216,11777,2045,1146,1650,2039,1143,1635,98,100,0,601,2063
tas2mcf,240,66,2045,1146,1646,386,3,147226,11778,2045,1147,1652,2039,1143,1643,98,100,0,601,2075
tas2mcf,240,67,2044,1145,1645,391,3,147232,11778,2045,1147,1648,2044,1145,1643,98,100,0,601,2075
tas2mcf,240,68,2045,1146,1647,397,3,147239,11779,2045,1147,1650,2044,1145,1642,98,100,0,601,2080
tas2mcf,240,69,2044,1146,1644,403,3,147245,11779,2045,1146,1650,2044,1144,1642,98,100,0,601,2075
tas2mcf,240,70,2043,1145,1647,408,3,147249,11779,2044,1147,1648,2043,1143,1643,98,100,0,601,2075
tas2mcf,240,71,2044,1145,1645,414,3,147275,11782,2044,1147,1649,2043,1144,1639,98,100,0,601,2075
tas2mcf,240,72,2044,1146,1645,420,3,147260,11780,2044,1147,1667,2043,1143,1643,98,100,0,601,2077
tas2mcf,240,73,2045,1146,1649,425,3,147264,11781,2045,1147,1687,2040,1145,1628,98,100,0,601,2083
tas2mcf,240,74,2031,1145,1629,431,3,147256,11780,2046,1146,1676,2031,1144,1605,98,100,0,601,2055
tas2mcf,240,75,2025,1145,1638,437,3,147240,11779,2031,1146,1672,2024,1144,1616,98,100,0,601,2058
tas2mcf,240,76,2037,1145,1643,442,3,147243,11779,2037,1146,1653,2025,1144,1636,98,100,0,601,2075
tas2mcf,240,77,2032,1146,1641,448,3,147236,11778,2038,1147,1643,2032,1144,1629,98,100,0,601,2060
tas2mcf,240,78,2042,1145,1648,454,3,147242,11779,2042,1147,1650,2032,1144,1641,98,100,0,601,2077
tas2mcf,240,79,2046,1144,1648,460,3,147250,11780,2046,1146,1651,2042,1144,1645,98,100,0,601,2080
tas2mcf,240,80,2040,1145,1637,465,3,147250,11780,2047,1146,1652,2040,1143,1635,98,100,0,601,2063
tas2mcf,240,81,2035,1146,1645,471,3,147245,11779,2040,1146,1645,2035,1144,1635,98,100,0,601,2063
tas2mcf,240,82,2044,1146,1647,477,3,147253,11780,2044,1146,1652,2035,1143,1645,98,100,0,601,2080
tas2mcf,240,83,2047,1145,1648,482,3,147261,11780,2047,1146,1652,2044,1144,1645,98,100,0,601,2080
tas2mcf,240,84,2047,1146,1648,488,3,147267,11781,2047,1146,1650,2046,1144,1645,98,100,0,601,2077
tas2mcf,240,85,2046,1145,1649,494,3,147290,11783,2047,1147,1651,2046,1144,1645,98,100,0,601,2077
tas2mcf,240,86,2044,1144,1649,499,3,147275,11782,2046,1146,1651,2041,1143,1636,98,100,0,601,2077
tas2mcf,240,87,2046,1146,1648,505,4,147281,11782,2046,1146,1650,2044,1144,1646,98,100,0,601,2077
tas2mcf,240,88,2046,1145,1647,511,4,147287,11782,2047,1147,1649,2046,1144,1645,98,100,0,601,2077
tas2mcf,240,89,2044,1145,1631,516,4,147307,11784,2047,1146,1680,2044,1145,1630,99,100,0,601,2058
tas2mcf,240,90,2031,1146,1601,522,4,147284,11782,2044,1146,1685,2031,1144,1582,99,100,0,601,2043
tas2mcf,240,91,2023,1145,1638,528,4,147266,11781,2031,1147,1665,2018,1144,1595,98,100,0,600,2063
tas2mcf,240,92,2041,1146,1647,533,4,147273,11781,2041,1147,1650,2023,1144,1638,98,100,0,601,2077
tas2mcf,240,93,2047,1146,1651,539,4,147280,11782,2047,1147,1652,2041,1145,1642,98,100,0,601,2083
tas2mcf,240,94,2049,1146,1648,545,4,147287,11783,2049,1147,1652,2047,1145,1643,98,100,0,601,2077
tas2mcf,240,95,2047,1147,1639,550,4,147292,11783,2049,1148,1648,2047,1145,1638,98,100,0,601,2077
tas2mcf,240,96,2041,1146,1638,556,4,147292,11783,2047,1147,1641,2041,1145,1637,98,100,0,600,2069
tas2mcf,240,97,2039,1147,1640,562,4,147291,11783,2041,1147,1641,2039,1145,1638,98,100,0,600,2072
tas2mcf,240,98,2038,1147,1630,567,4,147305,11784,2040,1148,1682,2038,1145,1629,98,100,0,600,2060
tas2mcf,240,99,1792,1148,1365,573,4,147251,11780,2038,1149,1680,1792,1146,1365,97,100,0,600,1841
tas2mcf,240,100,1699,1147,1630,578,4,147024,11761,1792,1149,1630,1693,1146,1363,97,100,0,600,1748
tas2mcf,240,101,2013,1146,1615,583,4,147021,11761,2024,1147,1630,1699,1145,1613,98,100,0,600,2038
tas2mcf,240,102,2015,1147,1630,589,4,146992,11759,2015,1148,1664,2011,1146,1614,97,100,0,600,2066
tas2mcf,240,103,1971,1147,1587,595,4,146997,11759,2026,1148,1654,1971,1145,1580,98,100,0,600,2009
tas2mcf,240,104,1985,1148,1590,600,4,146949,11755,1985,1148,1627,1969,1145,1567,97,100,0,600,2035
tas2mcf,240,105,1994,1147,1604,606,4,146924,11753,1994,1148,1625,1985,1146,1589,98,100,0,600,2029
tas2mcf,240,106,1996,1146,1601,611,4,146914,11753,1997,1148,1621,1994,1145,1592,98,100,0,600,2026
tas2mcf,240,107,2001,1147,1618,617,4,146878,11750,2001,1148,1625,1996,1146,1593,98,100,0,600,2038
tas2mcf,240,108,2002,1148,1607,623,4,146858,11748,2004,1148,1626,2001,1146,1593,98,100,0,600,2029
tas2mcf,240,109,2010,1147,1625,628,5,146844,11747,2010,1148,1633,2002,1145,1597,97,100,0,599,2052
tas2mcf,240,110,2020,1147,1625,634,5,146839,11747,2022,1148,1672,2010,1145,1608,98,100,0,600,2055
tas2mcf,240,111,2019,1145,1629,639,5,146830,11746,2020,1147,1629,2019,1144,1620,98,100,0,600,2049
tas2mcf,240,112,2021,1145,1627,645,5,146823,11745,2021,1147,1631,2019,1145,1622,98,100,0,600,2055
tas2mcf,240,113,2016,1146,1615,651,5,146812,11745,2021,1147,1630,2016,1145,1612,98,100,0,600,2041
tas2mcf,240,114,2010,1145,1615,656,5,146810,11744,2016,1147,1619,2010,1144,1613,98,100,0,600,2038
tas2mcf,240,115,2020,1146,1628,662,5,146792,11743,2020,1147,1630,2010,1145,1615,98,100,0,600,2055
tas2mcf,240,116,2021,1147,1616,667,5,146785,11742,2022,1148,1630,2020,1145,1613,98,100,0,600,2049
tas2mcf,240,117,2024,1146,1631,673,5,146781,11742,2024,1148,1634,2020,1145,1616,98,100,0,600,2060
tas2mcf,240,118,2023,1148,1629,679,5,146774,11741,2024,1148,1632,2019,1146,1615,98,100,0,599,2060
tas2mcf,240,119,2025,1147,1628,684,5,146771,11741,2025,1148,1632,2023,1146,1625,98,100,0,600,2058
tas2mcf,240,120,2026,1147,1627,690,5,146768,11741,2027,1147,1633,2025,1145,1626,98,100,0,600,2058
tas2mcf,240,121,2027,1147,1628,696,5,146765,11741,2027,1148,1633,2026,1146,1625,98,100,0,600,2058
tas2mcf,240,122,2027,1148,1629,701,5,146762,11741,2028,1148,1633,2027,1146,1624,98,100,0,600,2058
tas2mcf,240,123,2027,1147,1630,707,5,146760,11740,2027,1148,1632,2027,1146,1626,98,100,0,600,2060
tas2mcf,240,124,2027,1147,1630,713,5,146757,11740,2027,1148,1631,2027,1146,1625,98,100,0,600,2060
tas2mcf,240,125,2027,1147,1632,718,5,146754,11740,2027,1148,1634,2027,1145,1627,98,100,0,600,2058
tas2mcf,240,126,2028,1146,1636,724,5,146752,11740,2028,1148,1637,2025,1144,1618,98,100,0,600,2063
tas2mcf,240,127,2022,1147,1619,730,5,146746,11739,2028,1147,1636,2022,1144,1617,98,100,0,600,2043
tas2mcf,240,128,2027,1147,1632,735,5,146744,11739,2027,1148,1635,2022,1145,1619,98,100,0,600,2060
tas2mcf,240,129,2026,1147,1624,741,5,146741,11739,2027,1148,1634,2026,1146,1622,98,100,0,600,2052
tas2mcf,240,130,2023,1145,1627,747,5,146736,11738,2026,1148,1629,2023,1145,1622,98,100,0,600,2049
tas2mcf,240,131,2023,1146,1630,752,6,146731,11738,2023,1148,1632,2022,1145,1623,98,100,0,600,2055
tas2mcf,240,132,2013,1146,1614,758,6,146720,11737,2023,1147,1630,2013,1145,1612,98,100,0,599,2041
tas2mcf,240,133,2019,1146,1625,763,6,146715,11737,2019,1147,1638,2013,1145,1614,98,100,0,600,2049
tas2mcf,240,134,2020,1146,1622,769,6,146720,11737,2021,1148,1633,2019,1146,1622,98,100,0,600,2052
tas2mcf,240,135,2022,1145,1628,775,6,146704,11736,2022,1148,1635,2020,1145,1621,98,100,0,600,2058
tas2mcf,240,136,2019,1148,1622,780,6,146698,11735,2022,1148,1633,2019,1145,1620,98,100,0,600,2052
tas2mcf,240,137,2020,1147,1623,786,6,146692,11735,2020,1148,1629,2019,1146,1621,98,100,0,600,2052
tas2mcf,240,138,2016,1147,1623,792,6,146683,11734,2020,1149,1625,2013,1146,1609,98,100,0,600,2052
tas2mcf,240,139,2017,1147,1622,797,6,146677,11734,2018,1148,1625,2016,1146,1620,98,100,0,599,2049
tas2mcf,240,140,2018,1148,1623,803,6,146670,11733,2018,1149,1625,2017,1146,1620,98,100,0,600,2052
tas2mcf,240,141,2017,1147,1665,808,6,146674,11733,2018,1148,1665,2017,1146,1619,98,100,0,599,2049
tas2mcf,240,142,2042,1147,1648,814,6,146674,11733,2042,1148,1676,2017,1146,1625,97,100,0,600,2086
tas2mcf,240,143,1982,1147,1591,820,6,146654,11732,2045,1148,1677,1982,1146,1574,99,100,0,599,1998
tas2mcf,240,144,1971,1148,1575,825,6,146622,11729,1982,1148,1608,1970,1146,1561,98,100,0,599,1992
tas2mcf,240,145,1973,1148,1607,831,6,146595,11727,1973,1148,1609,1969,1145,1573,98,100,0,600,2004
tas2mcf,240,146,1974,1147,1628,836,6,146567,11725,1974,1148,1641,1969,1145,1566,97,100,0,600,2032
tas2mcf,240,147,2017,1147,1620,842,6,146559,11724,2033,1148,1661,1974,1146,1605,98,100,0,600,2046
tas2mcf,240,148,2017,1147,1623,847,6,146553,11724,2017,1148,1625,2016,1146,1615,98,100,0,600,2052
tas2mcf,240,149,2014,1148,1619,853,6,146545,11723,2017,1148,1623,2014,1146,1614,98,100,0,600,2046
tas2mcf,240,150,2016,1148,1622,859,6,146540,11723,2016,1149,1625,2014,1146,1606,98,100,0,599,2052
tas2mcf,240,151,2016,1149,1618,864,6,146533,11722,2017,1149,1622,2016,1146,1616,98,100,0,599,2049
tas2mcf,240,152,2018,1148,1623,870,6,146529,11722,2018,1149,1626,2015,1147,1614,98,100,0,600,2055
tas2mcf,240,153,2014,1148,1609,875,7,146522,11721,2018,1149,1623,2014,1147,1608,98,100,0,600,2035
tas2mcf,240,154,2008,1147,1612,881,7,146511,11720,2014,1149,1615,2008,1147,1606,98,100,0,600,2038
tas2mcf,240,155,2008,1148,1612,887,7,146502,11720,2009,1149,1615,2008,1147,1609,98,100,0,600,2041
tas2mcf,240,156,2016,1149,1625,892,7,146497,11719,2016,1149,1628,2008,1147,1608,97,100,0,600,2058
tas2mcf,240,157,2020,1148,1623,898,7,146493,11719,2020,1149,1625,2016,1147,1619,98,100,0,600,2055
tas2mcf,240,158,2023,1149,1625,904,7,146492,11719,2023,1149,1631,2020,1147,1621,98,100,0,600,2058
tas2mcf,240,159,2024,1148,1623,909,7,146490,11719,2024,1150,1628,2023,1147,1621,98,100,0,600,2055
tas2mcf,240,160,2021,1149,1614,915,7,146486,11718,2024,1150,1625,2021,1147,1612,98,100,0,600,2043
tas2mcf,240,161,2023,1149,1626,921,7,146494,11719,2023,1150,1628,2020,1147,1614,98,100,0,600,2055
tas2mcf,240,162,2022,1149,1620,926,7,146491,11719,2023,1150,1628,2022,1147,1618,98,100,0,600,2052
tas2mcf,240,163,2022,1149,1624,932,7,146479,11718,2022,1150,1628,2021,1147,1618,98,100,0,600,2055
tas2mcf,240,164,2012,1149,1611,937,7,146471,11717,2022,1150,1628,2012,1148,1608,98,100,0,599,2041
tas2mcf,240,165,2019,1148,1622,943,7,146469,11717,2019,1150,1634,2012,1147,1611,98,100,0,600,2052
tas2mcf,240,166,2020,1148,1624,949,7,146474,11717,2020,1149,1625,2019,1147,1618,98,100,0,600,2052
tas2mcf,240,167,2021,1147,1627,954,7,146463,11717,2022,1149,1628,2020,1147,1619,98,100,0,600,2052
tas2mcf,240,168,2015,1149,1614,960,7,146457,11716,2021,1149,1636,2015,1147,1609,98,100,0,600,2043
tas2mcf,240,169,2017,1148,1625,966,7,146461,11716,2017,1149,1627,2011,1147,1609,98,100,0,600,2055
tas2mcf,240,170,2021,1148,1622,971,7,146450,11716,2021,1149,1634,2017,1147,1619,98,100,0,600,2052
tas2mcf,240,171,2022,1148,1623,977,7,146447,11715,2022,1149,1635,2020,1146,1620,98,100,0,600,2055
tas2mcf,240,172,2021,1148,1622,982,7,146444,11715,2022,1149,1633,2020,1147,1620,98,100,0,600,2052
tas2mcf,240,173,2019,1148,1621,988,7,146441,11715,2021,1149,1626,2019,1147,1618,98,100,0,600,2049
tas2mcf,240,174,2020,1150,1624,994,7,146438,11715,2020,1150,1627,2019,1147,1618,98,100,0,600,2052
tas2mcf,240,175,2020,1149,1620,999,7,146435,11714,2021,1150,1626,2020,1147,1619,98,100,0,600,2052
tas2mcf,240,176,2010,1149,1608,1005,8,146427,11714,2020,1150,1623,2010,1147,1608,98,100,0,600,2035
tas2mcf,240,177,2005,1150,1608,1010,8,146418,11713,2010,1150,1612,2005,1148,1608,98,100,0,600,2035
tas2mcf,240,178,2011,1150,1620,1016,8,146412,11712,2011,1150,1624,2004,1148,1607,98,100,0,600,2049
tas2mcf,240,179,2013,1149,1620,1022,8,146406,11712,2013,1150,1621,2008,1148,1607,98,100,0,600,2052
tas2mcf,240,180,2016,1149,1618,1027,8,146401,11712,2016,1151,1620,2013,1149,1617,98,100,0,600,2049
tas2mcf,240,181,2015,1149,1612,1033,8,146395,11711,2016,1150,1662,2008,1148,1607,97,100,0,600,2063
tas2mcf,240,182,1985,1149,1605,1039,8,146400,11712,2042,1150,1670,1985,1148,1566,98,100,0,600,2023
tas2mcf,240,183,1978,1149,1580,1044,8,146381,11710,1987,1151,1611,1978,1149,1565,98,100,0,600,2001
tas2mcf,240,184,1967,1149,1580,1050,8,146355,11708,1978,1151,1595,1964,1149,1557,98,100,0,600,2001
tas2mcf,240,185,2030,1149,1619,1055,8,146360,11708,2044,1150,1676,1967,1148,1577,98,100,0,600,2052
tas2mcf,240,186,2024,1147,1627,1061,8,146351,11708,2030,1150,1628,2024,1147,1617,98,100,0,600,2055
tas2mcf,240,187,2022,1149,1622,1066,8,146349,11707,2024,1149,1628,2022,1146,1620,98,100,0,599,2052
tas2mcf,240,188,2021,1149,1614,1072,8,146354,11708,2022,1150,1626,2021,1148,1612,98,100,0,600,2043
tas2mcf,240,189,2013,1150,1614,1078,8,146341,11707,2021,1150,1617,2013,1147,1611,98,100,0,600,2041
tas2mcf,240,190,2019,1149,1626,1083,8,146338,11707,2019,1150,1634,2012,1148,1612,98,100,0,600,2058
tas2mcf,240,191,2023,1150,1627,1089,8,146345,11707,2023,1150,1630,2019,1148,1622,98,100,0,600,2058
tas2mcf,240,192,2024,1149,1624,1095,8,146337,11706,2024,1150,1630,2023,1148,1622,98,100,0,601,2055
tas2mcf,240,193,2020,1148,1613,1100,8,146335,11706,2024,1149,1629,2020,1147,1612,98,100,0,601,2041
tas2mcf,240,194,2012,1149,1613,1106,8,146329,11706,2020,1150,1615,2012,1148,1611,98,100,0,600,2041
tas2mcf,240,195,2010,1149,1611,1111,8,146323,11705,2012,1150,1626,2010,1148,1609,98,100,0,600,2043
tas2mcf,240,196,2017,1149,1613,1117,8,146321,11705,2018,1150,1627,2010,1148,1609,98,100,0,600,2043
tas2mcf,240,197,2008,1149,1611,1123,8,146314,11705,2017,1150,1613,2008,1148,1607,98,100,0,600,2035
tas2mcf,240,198,2016,1150,1619,1128,9,146312,11704,2016,1150,1625,2008,1148,1611,98,100,0,600,2046
tas2mcf,240,199,2017,1149,1623,1134,9,146309,11704,2017,1150,1623,2016,1148,1617,98,100,0,600,2052
tas2mcf,240,200,2017,1150,1620,1139,9,146313,11705,2018,1150,1623,2015,1148,1608,98,100,0,600,2049
tas2mcf,240,201,2018,1149,1621,1145,9,146303,11704,2018,1150,1623,2017,1148,1618,98,100,0,600,2049
tas2mcf,240,202,2030,1148,1649,1151,9,146305,11704,2030,1150,1673,2018,1148,1619,97,100,0,600,2083
tas2mcf,240,203,1969,1149,1582,1156,9,146301,11704,2044,1150,1673,1969,1147,1552,98,100,0,600,2001
tas2mcf,240,204,1964,1150,1575,1162,9,146286,11702,1970,1150,1593,1964,1148,1557,98,100,0,600,1992
tas2mcf,240,205,1958,1149,1567,1167,9,146255,11700,1964,1151,1584,1957,1148,1554,98,100,0,601,1992
tas2mcf,240,206,2014,1149,1618,1173,9,146248,11699,2015,1151,1658,1958,1148,1565,98,100,0,601,2046
tas2mcf,240,207,2016,1148,1622,1178,9,146246,11699,2016,1150,1623,2014,1147,1615,98,100,0,601,2049
tas2mcf,240,208,2018,1149,1621,1184,9,146243,11699,2018,1150,1623,2016,1147,1616,98,100,0,601,2049
tas2mcf,240,209,2017,1149,1621,1190,9,146241,11699,2018,1150,1622,2017,1147,1616,98,100,0,601,2049
tas2mcf,240,210,2019,1148,1622,1195,9,146239,11699,2019,1150,1625,2017,1147,1618,98,100,0,601,2052
tas2mcf,240,211,2021,1149,1624,1201,9,146245,11699,2021,1149,1626,2019,1147,1621,98,100,0,601,2052
tas2mcf,240,212,2019,1150,1624,1207,9,146236,11698,2021,1150,1627,2016,1147,1611,98,100,0,601,2055
tas2mcf,240,213,2019,1149,1618,1212,9,146234,11698,2020,1150,1624,2019,1148,1617,98,100,0,601,2052
tas2mcf,240,214,2019,1149,1622,1218,9,146232,11698,2019,1150,1624,2019,1148,1617,98,100,0,600,2049
tas2mcf,240,215,2018,1149,1620,1223,9,146229,11698,2019,1150,1622,2017,1148,1607,98,100,0,600,2052
tas2mcf,240,216,2018,1149,1618,1229,9,146227,11698,2018,1150,1623,2017,1148,1617,98,100,0,600,2052
tas2mcf,240,217,2017,1149,1619,1235,9,146225,11698,2018,1150,1622,2017,1148,1616,98,100,0,600,2049
tas2mcf,240,218,2018,1149,1621,1240,9,146223,11697,2018,1150,1622,2017,1148,1617,98,100,0,600,2052
tas2mcf,240,219,2018,1150,1619,1246,9,146221,11697,2018,1150,1622,2018,1148,1617,98,100,0,600,2049
tas2mcf,240,220,2018,1149,1621,1252,10,146218,11697,2018,1150,1625,2017,1148,1610,98,100,0,600,2052
tas2mcf,240,221,2017,1150,1608,1257,10,146222,11697,2018,1150,1622,2017,1148,1608,98,100,0,600,2041
tas2mcf,240,222,2008,1149,1609,1263,10,146209,11696,2017,1150,1621,2008,1148,1607,98,100,0,600,2041
tas2mcf,240,223,2016,1149,1620,1268,10,146208,11696,2016,1150,1624,2008,1148,1609,98,100,0,600,2049
tas2mcf,240,224,2019,1149,1622,1274,10,146207,11696,2019,1150,1623,2016,1148,1619,98,100,0,600,2055
tas2mcf,240,225,2060,1149,1624,1280,10,146207,11696,2067,1150,1672,2015,1147,1608,100,100,0,600,2060
tas2mcf,240,226,1987,1149,1615,1285,10,146218,11697,2060,1150,1679,1987,1147,1563,98,100,0,600,2018
tas2mcf,240,227,2019,1148,1605,1291,10,146195,11695,2021,1150,1663,1964,1147,1552,99,100,0,600,2032
tas2mcf,240,228,2010,1149,1610,1296,10,146189,11695,2019,1150,1614,2010,1147,1605,98,100,0,600,2041
tas2mcf,240,229,2019,1149,1626,1302,10,146189,11695,2019,1150,1627,2010,1148,1608,98,100,0,600,2058
tas2mcf,240,230,2023,1149,1628,1308,10,146189,11695,2023,1150,1631,2019,1147,1619,98,100,0,600,2058
tas2mcf,240,231,2023,1148,1620,1313,10,146189,11695,2024,1149,1628,2023,1147,1620,98,100,0,600,2055
tas2mcf,240,232,2021,1147,1621,1319,10,146194,11695,2023,1150,1627,2021,1147,1619,98,100,0,600,2052
tas2mcf,240,233,2021,1148,1621,1325,10,146187,11694,2021,1149,1627,2020,1147,1619,98,100,0,600,2052
tas2mcf,240,234,2020,1149,1623,1330,10,146185,11694,2021,1150,1641,2019,1148,1619,98,100,0,600,2058
tas2mcf,240,235,2019,1148,1622,1336,10,146190,11695,2020,1150,1624,2017,1148,1609,98,100,0,599,2052
tas2mcf,240,236,2020,1150,1620,1341,10,146183,11694,2020,1150,1628,2019,1148,1619,98,100,0,600,2052
tas2mcf,240,237,2025,1150,1625,1347,10,146183,11694,2027,1150,1678,2020,1148,1612,98,100,0,600,2055
tas2mcf,240,238,1695,1152,1360,1353,10,146157,11692,2026,1153,1662,1695,1148,1360,98,100,0,600,1719
tas2mcf,240,239,1911,1152,1466,1357,10,146071,11685,1911,1153,1557,1694,1151,1358,98,100,0,600,1938
Processed 240 lines from power meter
There were 0 errors in reading from the meter
