RunId,NumDataLines,SeqNum,Watts,Amps,WattHours,Cost,MoKWh,MoCost,MaxWatts,MaxVolts,MaxAmps,MinWatts,MinVolts,MinAmps,Factor,DutyCycle,PowerCycle
tas2milc,476,0,2040,1151,1641,10,0,145496,11639,2040,1152,1667,2026,1149,1623,98,100,0,599,2075
tas2milc,476,1,2045,1151,1638,16,0,146284,11702,2045,1152,1671,2040,1149,1622,98,100,0,600,2083
tas2milc,476,2,2048,1151,1643,22,0,146715,11737,2048,1152,1681,2045,1150,1622,98,100,0,599,2083
tas2milc,476,3,2041,1151,1631,27,0,146842,11747,2048,1152,1675,2039,1150,1576,97,100,0,600,2086
tas2milc,476,4,2047,1152,1641,33,0,147025,11762,2047,1152,1678,2041,1150,1623,98,100,0,599,2083
tas2milc,476,5,2041,1151,1639,39,0,147087,11767,2048,1152,1676,2041,1150,1614,98,100,0,600,2069
tas2milc,476,6,2037,1152,1631,44,0,147073,11765,2041,1152,1661,2037,1150,1613,98,100,0,600,2066
tas2milc,476,7,2042,1153,1638,50,0,147150,11772,2045,1153,1687,2037,1149,1615,98,100,0,600,2063
tas2milc,476,8,2042,1151,1631,56,0,147179,11774,2043,1153,1677,2042,1150,1616,98,100,0,600,2072
tas2milc,476,9,2043,1151,1627,61,0,147343,11787,2043,1153,1684,2041,1150,1612,98,100,0,599,2077
tas2milc,476,10,2039,1151,1638,67,0,147213,11777,2043,1153,1675,2039,1151,1613,98,100,0,600,2069
tas2milc,476,11,2030,1152,1608,73,0,147150,11772,2040,1153,1667,2030,1150,1605,98,100,0,600,2060
tas2milc,476,12,2028,1152,1618,78,0,147095,11767,2030,1153,1666,2028,1150,1604,98,100,0,600,2060
tas2milc,476,13,2030,1151,1608,84,0,147081,11766,2034,1153,1677,2028,1150,1604,98,100,0,600,2058
tas2milc,476,14,2033,1153,1619,90,0,147157,11772,2033,1153,1679,2028,1150,1605,98,100,0,600,2072
tas2milc,476,15,2039,1153,1629,95,0,147082,11766,2039,1153,1678,2033,1151,1613,98,100,0,600,2077
tas2milc,476,16,2035,1152,1638,101,0,147079,11766,2040,1153,1680,2035,1150,1606,98,100,0,600,2058
tas2milc,476,17,2029,1153,1631,107,0,147044,11763,2035,1153,1666,2029,1150,1604,98,100,0,600,2052
tas2milc,476,18,2028,1152,1626,112,0,147091,11767,2029,1153,1669,2028,1150,1605,98,100,0,600,2055
tas2milc,476,19,2030,1152,1629,118,0,147000,11760,2030,1153,1671,2028,1150,1608,98,100,0,600,2060
tas2milc,476,20,2031,1152,1618,124,0,146983,11758,2031,1153,1670,2029,1150,1606,98,100,0,600,2066
tas2milc,476,21,2030,1153,1623,129,1,146969,11757,2031,1153,1671,2030,1150,1605,98,100,0,600,2063
tas2milc,476,22,2036,1151,1635,135,1,147037,11762,2036,1153,1670,2030,1151,1607,98,100,0,600,2075
tas2milc,476,23,2049,1152,1673,141,1,147033,11762,2049,1153,1682,2036,1150,1626,98,100,0,600,2083
tas2milc,476,24,2051,1152,1644,146,1,147078,11766,2051,1153,1681,2049,1150,1627,98,100,0,600,2080
tas2milc,476,25,2051,1152,1637,152,1,147118,11769,2052,1153,1679,2050,1151,1627,98,100,0,601,2086
tas2milc,476,26,2042,1153,1626,158,1,147123,11769,2051,1153,1670,2042,1151,1619,98,100,0,601,2069
tas2milc,476,27,2039,1152,1654,163,1,147127,11770,2042,1153,1668,2039,1151,1618,98,100,0,601,2069
tas2milc,476,28,2038,1152,1640,169,1,147178,11774,2039,1153,1668,2038,1151,1619,98,100,0,601,2069
tas2milc,476,29,2037,1153,1633,175,1,147129,11770,2038,1153,1668,2037,1151,1617,98,100,0,601,2063
tas2milc,476,30,2038,1152,1628,180,1,147131,11770,2038,1154,1663,2037,1151,1617,98,100,0,601,2072
tas2milc,476,31,2038,1152,1638,186,1,147133,11770,2038,1153,1667,2037,1151,1617,98,100,0,601,2069
tas2milc,476,32,2037,1151,1633,192,1,147134,11770,2038,1153,1667,2037,1150,1618,98,100,0,601,2069
tas2milc,476,33,2037,1151,1635,197,1,147135,11770,2038,1152,1668,2037,1150,1619,98,100,0,601,2072
tas2milc,476,34,2037,1151,1630,203,1,147134,11770,2038,1152,1668,2037,1149,1616,98,100,0,601,2063
tas2milc,476,35,2032,1153,1619,209,1,147121,11769,2037,1153,1665,2032,1150,1615,98,100,0,601,2058
tas2milc,476,36,2032,1152,1634,214,1,147110,11768,2032,1153,1662,2031,1151,1614,98,100,0,601,2066
tas2milc,476,37,2031,1151,1654,220,1,147139,11771,2032,1153,1665,2031,1150,1615,98,100,0,601,2060
tas2milc,476,38,2030,1151,1619,226,1,147089,11767,2031,1152,1659,2030,1150,1614,98,100,0,601,2058
tas2milc,476,39,2031,1151,1620,231,1,147079,11766,2031,1152,1662,2030,1150,1615,98,100,0,601,2060
tas2milc,476,40,2032,1151,1620,237,1,147071,11765,2032,1152,1666,2030,1150,1615,98,100,0,601,2066
tas2milc,476,41,2039,1151,1640,243,1,147076,11766,2039,1152,1679,2031,1148,1615,98,100,0,600,2077
tas2milc,476,42,2045,1150,1633,248,1,147093,11767,2045,1152,1679,2039,1150,1625,98,100,0,600,2080
tas2milc,476,43,2035,1150,1621,254,2,147088,11767,2045,1151,1664,2035,1150,1617,98,100,0,600,2066
tas2milc,476,44,2033,1150,1617,260,2,147079,11766,2035,1151,1666,2032,1150,1616,98,100,0,600,2063
tas2milc,476,45,2032,1151,1623,265,2,147103,11768,2033,1151,1665,2031,1149,1616,98,100,0,601,2063
tas2milc,476,46,2031,1150,1642,271,2,147092,11767,2032,1151,1675,2023,1149,1574,97,100,0,600,2086
tas2milc,476,47,2045,1151,1644,277,2,147113,11769,2045,1151,1684,2031,1149,1625,98,100,0,601,2083
tas2milc,476,48,2050,1150,1645,283,2,147104,11768,2050,1151,1682,2045,1149,1629,98,100,0,601,2089
tas2milc,476,49,2051,1151,1640,288,2,147126,11770,2051,1152,1678,2049,1149,1627,98,100,0,601,2086
tas2milc,476,50,2012,1151,1621,294,2,147116,11769,2052,1152,1670,1994,1150,1574,97,100,0,601,2069
tas2milc,476,51,2030,1150,1633,300,2,147117,11769,2030,1151,1670,2012,1148,1616,97,100,0,601,2072
tas2milc,476,52,2034,1151,1625,305,2,147115,11769,2035,1151,1672,2030,1149,1616,98,100,0,601,2063
tas2milc,476,53,2036,1150,1660,311,2,147115,11769,2036,1151,1673,2034,1149,1617,98,100,0,600,2069
tas2milc,476,54,2032,1150,1630,317,2,147111,11768,2040,1151,1679,2032,1147,1607,98,100,0,601,2055
tas2milc,476,55,2034,1151,1629,322,2,147137,11771,2038,1152,1684,2032,1149,1607,98,100,0,601,2058
tas2milc,476,56,2029,1150,1628,328,2,147100,11768,2034,1151,1669,2029,1149,1607,98,100,0,601,2052
tas2milc,476,57,2028,1150,1626,334,2,147114,11769,2029,1152,1669,2028,1149,1606,98,100,0,600,2058
tas2milc,476,58,2028,1150,1611,339,2,147078,11766,2029,1152,1676,2027,1149,1606,98,100,0,600,2063
tas2milc,476,59,2029,1150,1623,345,2,147069,11765,2029,1151,1673,2027,1148,1608,98,100,0,600,2060
tas2milc,476,60,2027,1150,1626,351,2,147058,11764,2029,1151,1670,2027,1149,1607,98,100,0,600,2060
tas2milc,476,61,2027,1150,1607,356,2,147048,11763,2028,1151,1673,2027,1148,1607,98,100,0,600,2058
tas2milc,476,62,2038,1149,1636,362,2,147078,11766,2038,1151,1684,2027,1148,1607,98,100,0,600,2077
tas2milc,476,63,2033,1150,1623,368,2,147050,11764,2039,1151,1675,2033,1148,1609,98,100,0,600,2058
tas2milc,476,64,2029,1150,1618,373,2,147042,11763,2033,1151,1673,2029,1148,1609,98,100,0,600,2060
tas2milc,476,65,2027,1150,1622,379,3,147033,11762,2030,1150,1674,2027,1148,1608,98,100,0,600,2058
tas2milc,476,66,2034,1148,1681,385,3,147033,11762,2034,1150,1685,2027,1148,1609,98,100,0,600,2075
tas2milc,476,67,2041,1150,1634,390,3,147062,11764,2041,1151,1682,2034,1148,1620,98,100,0,600,2075
tas2milc,476,68,2039,1149,1634,396,3,147042,11763,2041,1151,1683,2036,1148,1609,98,100,0,600,2077
tas2milc,476,69,2041,1150,1625,402,3,147069,11765,2042,1151,1678,2039,1148,1616,98,100,0,600,2069
tas2milc,476,70,2039,1150,1632,407,3,147051,11764,2041,1151,1670,2039,1148,1622,98,100,0,600,2072
tas2milc,476,71,2040,1150,1639,413,3,147055,11764,2040,1151,1674,2039,1148,1622,98,100,0,600,2072
tas2milc,476,72,2039,1149,1650,419,3,147059,11764,2040,1151,1669,2039,1148,1622,98,100,0,600,2066
tas2milc,476,73,2044,1150,1646,424,3,147068,11765,2044,1151,1683,2038,1149,1623,98,100,0,600,2083
tas2milc,476,74,2048,1150,1644,430,3,147077,11766,2048,1151,1682,2043,1149,1623,98,100,0,600,2086
tas2milc,476,75,2050,1151,1640,436,3,147090,11767,2050,1151,1680,2047,1148,1623,98,100,0,600,2089
tas2milc,476,76,2050,1149,1641,442,3,147102,11768,2050,1151,1678,2047,1148,1623,98,100,0,600,2086
tas2milc,476,77,2053,1151,1651,447,3,147117,11769,2053,1151,1683,2049,1149,1631,98,100,0,600,2089
tas2milc,476,78,2044,1149,1639,453,3,147120,11769,2053,1152,1672,2044,1149,1621,98,100,0,600,2072
tas2milc,476,79,2046,1151,1638,459,3,147128,11770,2046,1152,1676,2040,1149,1621,97,100,0,600,2089
tas2milc,476,80,2041,1151,1638,464,3,147131,11770,2047,1152,1680,2041,1149,1620,98,100,0,600,2072
tas2milc,476,81,2038,1150,1640,470,3,147132,11770,2041,1151,1671,2038,1149,1617,98,100,0,600,2063
tas2milc,476,82,2033,1151,1646,476,3,147127,11770,2038,1152,1668,2033,1149,1616,98,100,0,600,2060
tas2milc,476,83,2032,1151,1630,481,3,147123,11769,2033,1152,1666,2032,1150,1616,98,100,0,600,2063
tas2milc,476,84,2032,1151,1621,487,3,147136,11770,2033,1152,1666,2032,1150,1616,98,100,0,600,2060
tas2milc,476,85,2032,1150,1635,493,3,147115,11769,2032,1152,1669,2031,1149,1616,98,100,0,600,2066
tas2milc,476,86,2032,1151,1629,498,3,147111,11768,2032,1151,1669,2031,1149,1617,98,100,0,600,2063
tas2milc,476,87,2032,1151,1628,504,4,147107,11768,2032,1152,1667,2031,1149,1616,98,100,0,600,2066
tas2milc,476,88,2032,1151,1620,510,4,147102,11768,2032,1152,1668,2031,1149,1616,98,100,0,600,2063
tas2milc,476,89,2032,1150,1628,515,4,147098,11767,2032,1152,1667,2031,1150,1615,98,100,0,600,2069
tas2milc,476,90,2032,1150,1626,521,4,147094,11767,2032,1152,1666,2031,1149,1616,98,100,0,599,2063
tas2milc,476,91,2032,1151,1624,527,4,147091,11767,2032,1152,1664,2031,1149,1616,98,100,0,600,2063
tas2milc,476,92,2032,1151,1641,532,4,147104,11768,2033,1152,1666,2031,1149,1617,98,100,0,600,2063
tas2milc,476,93,2028,1151,1627,538,4,147081,11766,2032,1152,1672,2028,1150,1574,98,100,0,600,2055
tas2milc,476,94,2028,1152,1621,544,4,147074,11765,2028,1152,1669,2027,1150,1606,98,100,0,599,2058
tas2milc,476,95,2028,1151,1624,549,4,147083,11766,2028,1152,1669,2027,1150,1606,98,100,0,600,2060
tas2milc,476,96,2029,1152,1622,555,4,147062,11765,2029,1152,1669,2026,1149,1595,98,100,0,600,2066
tas2milc,476,97,2044,1151,1640,561,4,147072,11765,2044,1153,1679,2029,1150,1618,97,100,0,600,2086
tas2milc,476,98,2041,1152,1632,566,4,147090,11767,2046,1153,1663,2041,1151,1613,99,100,0,601,2060
tas2milc,476,99,2038,1151,1634,572,4,147090,11767,2041,1153,1666,2038,1151,1614,98,100,0,601,2066
tas2milc,476,100,2012,1152,1595,578,4,147084,11766,2042,1153,1684,1936,1150,1525,98,100,0,600,2041
tas2milc,476,101,2030,1151,1630,583,4,147083,11766,2030,1153,1669,2012,1150,1594,97,100,0,600,2075
tas2milc,476,102,2044,1150,1644,589,4,147078,11766,2044,1152,1675,2030,1149,1617,97,100,0,600,2086
tas2milc,476,103,2049,1151,1638,595,4,147088,11767,2049,1153,1682,2044,1150,1625,98,100,0,600,2083
tas2milc,476,104,2044,1151,1623,600,4,147094,11767,2050,1152,1670,2044,1150,1585,98,100,0,600,2066
tas2milc,476,105,2049,1150,1640,606,4,147104,11768,2049,1152,1679,2044,1149,1623,98,100,0,600,2086
tas2milc,476,106,2051,1151,1640,612,4,147114,11769,2051,1152,1678,2049,1149,1627,98,100,0,600,2080
tas2milc,476,107,2051,1151,1640,618,4,147124,11769,2051,1152,1681,2050,1150,1627,98,100,0,600,2083
tas2milc,476,108,2049,1151,1639,623,4,147131,11770,2051,1152,1684,2047,1149,1616,98,100,0,600,2089
tas2milc,476,109,2052,1150,1676,629,5,147142,11771,2052,1152,1686,2049,1150,1637,98,100,0,600,2083
tas2milc,476,110,2053,1151,1643,635,5,147166,11773,2054,1152,1686,2052,1150,1637,98,100,0,600,2083
tas2milc,476,111,2038,1150,1611,640,5,147150,11772,2054,1152,1679,2038,1149,1607,99,100,0,600,2058
tas2milc,476,112,2042,1151,1638,646,5,147167,11773,2042,1151,1683,2037,1149,1611,98,100,0,599,2075
tas2milc,476,113,2040,1151,1617,652,5,147155,11772,2043,1152,1679,2040,1149,1607,98,100,0,600,2063
tas2milc,476,114,2033,1152,1609,658,5,147151,11772,2040,1152,1670,2032,1150,1607,98,100,0,600,2066
tas2milc,476,115,2028,1152,1624,663,5,147144,11771,2033,1152,1670,2028,1150,1605,98,100,0,600,2060
tas2milc,476,116,2027,1152,1618,669,5,147150,11772,2029,1153,1667,2027,1149,1605,98,100,0,600,2060
tas2milc,476,117,2037,1152,1631,675,5,147140,11771,2037,1153,1679,2027,1150,1609,98,100,0,600,2077
tas2milc,476,118,2035,1151,1663,680,5,147138,11771,2037,1153,1669,2033,1151,1604,98,100,0,600,2069
tas2milc,476,119,2035,1153,1657,686,5,147138,11771,2039,1153,1680,2035,1150,1604,98,100,0,600,2058
tas2milc,476,120,2028,1152,1617,691,5,147131,11770,2035,1153,1668,2028,1150,1604,98,100,0,600,2058
tas2milc,476,121,2027,1152,1622,697,5,147125,11770,2029,1153,1669,2027,1150,1605,98,100,0,600,2058
tas2milc,476,122,2034,1152,1630,703,5,147124,11769,2034,1153,1681,2027,1149,1605,97,100,0,600,2077
tas2milc,476,123,2030,1152,1627,708,5,147132,11770,2036,1152,1676,2030,1150,1606,98,100,0,600,2058
tas2milc,476,124,2028,1151,1615,714,5,147126,11770,2030,1153,1670,2028,1149,1606,98,100,0,600,2060
tas2milc,476,125,2028,1152,1665,720,5,147109,11768,2028,1153,1672,2027,1150,1604,98,100,0,601,2058
tas2milc,476,126,2035,1152,1631,725,5,147110,11768,2035,1153,1670,2028,1151,1605,98,100,0,600,2069
tas2milc,476,127,2037,1152,1629,731,5,147122,11769,2037,1153,1665,2035,1150,1618,98,100,0,600,2069
tas2milc,476,128,2039,1153,1626,737,5,147112,11768,2039,1154,1671,2037,1151,1617,98,100,0,600,2072
tas2milc,476,129,2038,1153,1624,742,5,147112,11769,2039,1154,1663,2038,1152,1618,98,100,0,600,2069
tas2milc,476,130,2045,1153,1640,748,5,147117,11769,2045,1154,1677,2038,1152,1619,98,100,0,601,2086
tas2milc,476,131,2041,1154,1626,754,6,147119,11769,2046,1154,1675,2041,1152,1619,98,100,0,601,2075
tas2milc,476,132,2040,1152,1622,759,6,147120,11769,2041,1154,1663,2039,1151,1618,98,100,0,601,2069
tas2milc,476,133,2039,1152,1633,765,6,147132,11770,2040,1154,1666,2038,1151,1617,98,100,0,601,2072
tas2milc,476,134,2038,1153,1628,771,6,147132,11770,2039,1154,1667,2038,1151,1617,98,100,0,600,2072
tas2milc,476,135,2038,1153,1633,776,6,147122,11769,2039,1154,1665,2038,1151,1618,98,100,0,600,2066
tas2milc,476,136,2037,1154,1629,782,6,147123,11769,2038,1154,1665,2037,1151,1617,98,100,0,600,2069
tas2milc,476,137,2038,1154,1618,788,6,147123,11769,2038,1154,1667,2037,1152,1616,98,100,0,600,2069
tas2milc,476,138,2036,1154,1616,793,6,147122,11769,2038,1154,1665,2036,1151,1613,98,100,0,600,2066
tas2milc,476,139,2033,1153,1618,799,6,147119,11769,2036,1154,1662,2032,1152,1612,98,100,0,600,2066
tas2milc,476,140,2032,1153,1626,805,6,147116,11769,2033,1154,1663,2032,1152,1612,98,100,0,600,2066
tas2milc,476,141,2032,1152,1623,810,6,147114,11769,2032,1154,1659,2031,1151,1612,98,100,0,600,2066
tas2milc,476,142,2032,1153,1614,816,6,147111,11768,2032,1154,1663,2031,1152,1613,98,100,0,600,2066
tas2milc,476,143,2031,1153,1616,822,6,147108,11768,2032,1154,1661,2031,1152,1613,98,100,0,600,2063
tas2milc,476,144,2031,1153,1653,827,6,147106,11768,2032,1155,1666,2031,1151,1612,98,100,0,599,2060
tas2milc,476,145,2031,1154,1620,833,6,147103,11768,2032,1154,1661,2031,1151,1612,98,100,0,600,2058
tas2milc,476,146,2031,1153,1629,839,6,147101,11768,2032,1154,1662,2031,1152,1612,98,100,0,600,2060
tas2milc,476,147,2038,1154,1627,844,6,147101,11768,2038,1154,1671,2031,1152,1612,98,100,0,600,2077
tas2milc,476,148,2039,1154,1616,850,6,147103,11768,2043,1154,1661,2038,1152,1613,98,100,0,600,2063
tas2milc,476,149,2039,1154,1613,856,6,147105,11768,2043,1155,1673,2038,1152,1613,98,100,0,601,2063
tas2milc,476,150,2039,1155,1633,861,6,147114,11769,2039,1155,1670,2031,1153,1580,97,100,0,601,2083
tas2milc,476,151,2041,1153,1628,867,6,147107,11768,2045,1155,1677,2039,1152,1612,98,100,0,601,2063
tas2milc,476,152,2035,1153,1625,873,6,147106,11768,2041,1154,1665,2035,1152,1611,98,100,0,601,2066
tas2milc,476,153,2045,1154,1635,879,7,147112,11768,2045,1155,1679,2035,1152,1612,98,100,0,601,2083
tas2milc,476,154,2042,1154,1628,884,7,147113,11769,2046,1155,1666,2040,1153,1581,98,100,0,601,2069
tas2milc,476,155,2036,1154,1625,890,7,147112,11768,2042,1154,1664,2036,1152,1611,98,100,0,601,2066
tas2milc,476,156,2043,1153,1635,896,7,147126,11770,2043,1155,1678,2036,1152,1610,98,100,0,601,2077
tas2milc,476,157,2048,1154,1646,901,7,147132,11770,2048,1155,1676,2043,1152,1621,98,100,0,601,2083
tas2milc,476,158,2061,1155,1647,907,7,147135,11770,2061,1155,1693,2048,1153,1642,98,100,0,601,2103
tas2milc,476,159,2065,1154,1658,913,7,147148,11771,2065,1155,1695,2061,1153,1644,98,100,0,601,2100
tas2milc,476,160,2056,1154,1625,919,7,147157,11772,2066,1155,1694,2056,1153,1614,99,100,0,601,2069
tas2milc,476,161,2036,1153,1628,924,7,147153,11772,2056,1155,1667,2036,1153,1602,98,100,0,601,2060
tas2milc,476,162,2030,1153,1607,930,7,147149,11771,2036,1155,1669,2029,1152,1602,98,100,0,601,2063
tas2milc,476,163,2026,1154,1622,936,7,147144,11771,2030,1154,1669,2026,1152,1603,98,100,0,601,2055
tas2milc,476,164,2032,1153,1634,941,7,147141,11771,2032,1154,1670,2026,1152,1604,97,100,0,601,2075
tas2milc,476,165,2029,1153,1618,947,7,147146,11771,2034,1154,1666,2029,1152,1604,98,100,0,601,2060
tas2milc,476,166,2027,1154,1666,952,7,147133,11770,2029,1155,1668,2027,1152,1603,98,100,0,601,2055
tas2milc,476,167,2026,1155,1620,958,7,147128,11770,2027,1155,1666,2026,1152,1603,98,100,0,601,2058
tas2milc,476,168,2026,1154,1618,964,7,147124,11769,2026,1155,1665,2025,1153,1601,98,100,0,601,2055
tas2milc,476,169,2033,1154,1629,969,7,147122,11769,2033,1155,1679,2026,1152,1602,97,100,0,601,2075
tas2milc,476,170,2030,1154,1625,975,7,147119,11769,2034,1155,1669,2030,1152,1602,98,100,0,601,2063
tas2milc,476,171,2032,1154,1615,981,7,147117,11769,2035,1155,1677,2028,1152,1603,98,100,0,601,2055
tas2milc,476,172,2037,1154,1631,986,7,147118,11769,2037,1155,1678,2031,1153,1602,98,100,0,601,2075
tas2milc,476,173,2040,1153,1628,992,7,147120,11769,2040,1155,1677,2037,1153,1608,98,100,0,601,2075
tas2milc,476,174,2029,1154,1637,998,7,147125,11770,2040,1155,1665,2029,1153,1602,98,100,0,601,2052
tas2milc,476,175,2037,1153,1642,1003,8,147117,11769,2037,1155,1673,2028,1153,1602,97,100,0,601,2080
tas2milc,476,176,2037,1154,1628,1009,8,147117,11769,2040,1155,1663,2037,1153,1615,98,100,0,601,2066
tas2milc,476,177,2037,1154,1631,1015,8,147117,11769,2037,1155,1661,2036,1153,1615,98,100,0,601,2069
tas2milc,476,178,2036,1154,1629,1020,8,147116,11769,2037,1155,1665,2036,1152,1615,98,100,0,601,2069
tas2milc,476,179,2036,1154,1624,1026,8,147116,11769,2037,1155,1664,2036,1152,1616,98,100,0,601,2069
tas2milc,476,180,2036,1155,1622,1032,8,147116,11769,2037,1155,1665,2036,1153,1617,98,100,0,601,2069
tas2milc,476,181,2037,1154,1617,1038,8,147116,11769,2037,1155,1664,2036,1153,1616,98,100,0,601,2069
tas2milc,476,182,2036,1155,1620,1043,8,147116,11769,2037,1155,1664,2036,1153,1615,98,100,0,601,2069
tas2milc,476,183,2037,1153,1645,1049,8,147124,11769,2038,1155,1666,2036,1152,1615,98,100,0,601,2069
tas2milc,476,184,2037,1154,1625,1055,8,147117,11769,2038,1155,1665,2037,1153,1615,98,100,0,601,2063
tas2milc,476,185,2037,1155,1633,1060,8,147125,11770,2037,1155,1665,2037,1153,1614,98,100,0,601,2063
tas2milc,476,186,2038,1154,1629,1066,8,147117,11769,2038,1155,1660,2036,1153,1614,98,100,0,601,2069
tas2milc,476,187,2038,1154,1626,1072,8,147117,11769,2038,1155,1665,2037,1153,1614,98,100,0,601,2069
tas2milc,476,188,2039,1154,1629,1077,8,147117,11769,2039,1155,1673,2034,1153,1611,98,100,0,601,2077
tas2milc,476,189,2035,1155,1613,1083,8,147116,11769,2041,1155,1666,2035,1153,1611,98,100,0,601,2069
tas2milc,476,190,2032,1153,1619,1089,8,147114,11769,2035,1155,1663,2032,1153,1611,98,100,0,601,2060
tas2milc,476,191,2031,1154,1617,1094,8,147112,11769,2032,1155,1662,2031,1153,1611,98,100,0,601,2060
tas2milc,476,192,2031,1154,1624,1100,8,147110,11768,2032,1155,1660,2031,1152,1611,98,100,0,601,2066
tas2milc,476,193,2041,1154,1657,1106,8,147113,11769,2041,1155,1680,2031,1152,1613,98,100,0,601,2075
tas2milc,476,194,2035,1153,1633,1111,8,147112,11769,2042,1155,1670,2035,1152,1611,98,100,0,601,2060
tas2milc,476,195,2032,1154,1621,1117,8,147110,11768,2035,1155,1658,2032,1151,1612,98,100,0,601,2060
tas2milc,476,196,2032,1154,1616,1123,8,147108,11768,2032,1155,1662,2031,1152,1611,98,100,0,601,2063
tas2milc,476,197,2031,1154,1622,1128,9,147106,11768,2032,1155,1664,2030,1152,1612,98,100,0,601,2063
tas2milc,476,198,2037,1154,1633,1134,9,147106,11768,2037,1155,1675,2030,1152,1611,97,100,0,601,2080
tas2milc,476,199,2040,1153,1631,1140,9,147107,11768,2041,1155,1671,2037,1153,1581,98,100,0,601,2072
tas2milc,476,200,2041,1154,1625,1145,9,147116,11769,2041,1155,1678,2039,1152,1612,98,100,0,601,2072
tas2milc,476,201,2033,1155,1621,1151,9,147114,11769,2041,1155,1666,2033,1152,1603,98,100,0,600,2058
tas2milc,476,202,2029,1155,1623,1157,9,147104,11768,2033,1155,1664,2028,1153,1591,97,100,0,600,2075
tas2milc,476,203,2040,1154,1639,1162,9,147105,11768,2040,1155,1671,2029,1152,1610,98,100,0,600,2077
tas2milc,476,204,2043,1153,1628,1168,9,147108,11768,2046,1155,1676,2040,1153,1612,98,100,0,600,2072
tas2milc,476,205,2044,1154,1635,1174,9,147110,11768,2044,1155,1666,2039,1153,1610,97,100,0,600,2086
tas2milc,476,206,2054,1154,1685,1179,9,147117,11769,2054,1155,1693,2044,1153,1580,97,100,0,599,2097
tas2milc,476,207,2061,1155,1636,1185,9,147126,11770,2063,1155,1695,2054,1153,1633,98,100,0,600,2086
tas2milc,476,208,2055,1155,1673,1191,9,147132,11770,2061,1155,1679,2055,1153,1633,98,100,0,600,2083
tas2milc,476,209,1695,1156,1356,1196,9,147043,11763,2055,1156,1676,1695,1153,1355,98,100,0,601,1719
tas2milc,476,210,1879,1155,1501,1201,9,146991,11759,2044,1157,1672,1695,1153,1354,98,100,0,600,1907
tas2milc,476,211,2032,1154,1637,1207,9,146988,11759,2033,1155,1669,1879,1153,1498,98,100,0,600,2072
tas2milc,476,212,2034,1155,1616,1212,9,146987,11759,2034,1156,1662,2032,1153,1608,98,100,0,600,2069
tas2milc,476,213,2036,1154,1630,1218,9,146988,11759,2036,1155,1665,2033,1152,1610,98,100,0,600,2063
tas2milc,476,214,2036,1154,1629,1224,9,146988,11759,2038,1155,1670,2036,1153,1611,98,100,0,600,2069
tas2milc,476,215,2036,1154,1633,1229,9,146995,11759,2037,1156,1668,2035,1153,1607,98,100,0,600,2063
tas2milc,476,216,2045,1154,1616,1235,9,146973,11757,2047,1156,1668,1887,1153,1499,98,100,0,600,2069
tas2milc,476,217,2033,1154,1615,1241,9,146971,11757,2045,1155,1662,2033,1153,1602,99,100,0,600,2049
tas2milc,476,218,2035,1155,1627,1246,9,146971,11757,2035,1155,1669,2032,1153,1601,97,100,0,600,2077
tas2milc,476,219,2034,1155,1611,1252,10,146978,11758,2037,1155,1669,2034,1153,1605,98,100,0,599,2055
tas2milc,476,220,2026,1154,1628,1258,10,146968,11757,2034,1155,1655,2026,1153,1598,98,100,0,599,2060
tas2milc,476,221,2039,1154,1640,1263,10,146969,11757,2039,1155,1687,2024,1153,1598,96,100,0,600,2112
tas2milc,476,222,2047,1153,1643,1269,10,146975,11758,2049,1155,1673,2039,1153,1612,98,100,0,600,2075
tas2milc,476,223,2048,1154,1637,1275,10,146979,11758,2049,1155,1668,2047,1152,1612,98,100,0,600,2086
tas2milc,476,224,2056,1154,1628,1280,10,146986,11758,2056,1155,1675,2048,1153,1609,98,100,0,600,2089
tas2milc,476,225,2060,1155,1652,1286,10,146995,11759,2060,1155,1676,2056,1152,1620,98,100,0,600,2095
tas2milc,476,226,2047,1154,1624,1292,10,146997,11759,2060,1155,1676,2047,1153,1601,98,100,0,600,2075
tas2milc,476,227,2045,1154,1644,1298,10,147000,11760,2047,1155,1676,2045,1153,1609,98,100,0,600,2072
tas2milc,476,228,2050,1155,1633,1303,10,147005,11760,2050,1155,1680,2043,1153,1604,98,100,0,600,2086
tas2milc,476,229,2048,1154,1625,1309,10,147009,11760,2052,1156,1675,2048,1153,1604,98,100,0,600,2069
tas2milc,476,230,2056,1154,1633,1315,10,147022,11761,2056,1155,1679,2047,1153,1621,97,100,0,600,2100
tas2milc,476,231,2048,1155,1623,1320,10,147019,11761,2057,1155,1675,2048,1153,1611,98,100,0,600,2080
tas2milc,476,232,2051,1154,1660,1326,10,147024,11761,2051,1155,1678,2045,1153,1604,97,100,0,600,2097
tas2milc,476,233,2046,1155,1627,1332,10,147027,11762,2052,1155,1679,2046,1153,1606,98,100,0,599,2077
tas2milc,476,234,2053,1152,1667,1338,10,147033,11762,2053,1155,1668,2046,1152,1608,98,100,0,599,2086
tas2milc,476,235,2056,1155,1634,1343,10,147039,11763,2057,1155,1667,2053,1152,1617,98,100,0,600,2089
tas2milc,476,236,2050,1154,1632,1349,10,147043,11763,2056,1155,1669,2050,1153,1608,98,100,0,600,2080
tas2milc,476,237,2055,1154,1653,1355,10,147050,11764,2056,1155,1687,2050,1153,1618,98,100,0,600,2092
tas2milc,476,238,2041,1155,1618,1361,10,147052,11764,2057,1156,1686,2041,1153,1588,99,100,0,600,2049
tas2milc,476,239,2031,1153,1655,1366,10,147049,11763,2041,1156,1662,2030,1153,1589,98,100,0,599,2063
tas2milc,476,240,2024,1155,1614,1372,10,147044,11763,2032,1155,1655,2024,1153,1589,98,100,0,600,2052
tas2milc,476,241,2020,1154,1618,1377,11,147039,11763,2024,1155,1652,2019,1153,1577,98,100,0,600,2055
tas2milc,476,242,2017,1154,1606,1383,11,147040,11763,2020,1155,1653,2017,1153,1577,98,100,0,599,2049
tas2milc,476,243,2024,1154,1636,1389,11,147032,11762,2026,1155,1661,2017,1152,1590,98,100,0,599,2046
tas2milc,476,244,2030,1153,1631,1394,11,147030,11762,2030,1155,1659,2024,1152,1591,98,100,0,599,2060
tas2milc,476,245,2028,1153,1642,1400,11,147029,11762,2032,1155,1659,2028,1152,1584,98,100,0,600,2049
tas2milc,476,246,2022,1154,1638,1406,11,147024,11761,2028,1155,1648,2022,1152,1582,98,100,0,600,2052
tas2milc,476,247,2019,1153,1597,1411,11,147019,11761,2022,1155,1646,2019,1152,1578,98,100,0,600,2049
tas2milc,476,248,2019,1153,1622,1417,11,147014,11761,2019,1154,1648,2019,1152,1591,98,100,0,599,2052
tas2milc,476,249,2024,1154,1596,1423,11,147011,11760,2024,1155,1660,2018,1152,1591,97,100,0,600,2069
tas2milc,476,250,2026,1153,1596,1428,11,147009,11760,2030,1155,1660,2024,1153,1589,98,100,0,600,2052
tas2milc,476,251,2027,1154,1620,1434,11,147007,11760,2030,1155,1658,2025,1152,1589,98,100,0,600,2055
tas2milc,476,252,2021,1153,1596,1439,11,147002,11760,2027,1155,1646,2021,1152,1588,98,100,0,600,2052
tas2milc,476,253,2020,1153,1636,1445,11,147004,11760,2021,1155,1649,2019,1153,1589,98,100,0,600,2052
tas2milc,476,254,2024,1153,1644,1451,11,146994,11759,2024,1155,1661,2018,1152,1581,98,100,0,600,2063
tas2milc,476,255,2025,1155,1627,1456,11,146992,11759,2026,1156,1655,2022,1152,1579,98,100,0,600,2066
tas2milc,476,256,2037,1155,1607,1462,11,146999,11759,2037,1156,1656,2025,1153,1590,98,100,0,600,2075
tas2milc,476,257,2037,1153,1622,1468,11,146999,11759,2039,1155,1660,2035,1153,1588,98,100,0,600,2075
tas2milc,476,258,2033,1154,1616,1473,11,146993,11759,2038,1155,1654,2032,1153,1583,98,100,0,600,2060
tas2milc,476,259,2041,1155,1639,1479,11,146995,11759,2041,1155,1660,2031,1153,1581,98,100,0,600,2080
tas2milc,476,260,2038,1154,1633,1485,11,146996,11759,2043,1155,1659,2038,1153,1591,99,100,0,600,2058
tas2milc,476,261,2035,1155,1645,1490,11,147001,11760,2038,1155,1661,2033,1152,1582,98,100,0,600,2066
tas2milc,476,262,2042,1154,1645,1496,11,146998,11759,2042,1155,1661,2035,1153,1595,98,100,0,600,2075
tas2milc,476,263,2034,1154,1638,1502,12,146997,11759,2042,1155,1651,2034,1153,1590,98,100,0,600,2063
tas2milc,476,264,2035,1155,1617,1507,12,146998,11759,2038,1155,1658,2034,1152,1581,98,100,0,600,2063
tas2milc,476,265,2034,1155,1642,1513,12,146997,11759,2035,1155,1657,2030,1153,1581,98,100,0,600,2075
tas2milc,476,266,2037,1154,1617,1519,12,146997,11759,2037,1155,1655,2031,1152,1589,97,100,0,600,2080
tas2milc,476,267,2041,1154,1644,1525,12,146999,11759,2041,1155,1661,2037,1152,1599,98,100,0,600,2077
tas2milc,476,268,2035,1154,1627,1530,12,146999,11759,2041,1155,1655,2035,1153,1581,99,100,0,600,2055
tas2milc,476,269,2008,1155,1505,1536,12,146987,11759,2035,1155,1666,1884,1153,1497,98,100,0,600,2043
tas2milc,476,270,2018,1153,1611,1541,12,146969,11757,2018,1155,1654,1884,1152,1499,98,100,0,600,2055
tas2milc,476,271,2024,1154,1624,1547,12,146967,11757,2026,1156,1657,2018,1153,1599,99,100,0,599,2043
tas2milc,476,272,2024,1155,1609,1552,12,146969,11757,2026,1156,1660,2024,1153,1599,98,100,0,600,2052
tas2milc,476,273,2022,1155,1637,1558,12,146966,11757,2025,1156,1654,2022,1153,1599,98,100,0,600,2055
tas2milc,476,274,2027,1155,1616,1564,12,146959,11756,2027,1156,1668,2021,1154,1596,97,100,0,600,2069
tas2milc,476,275,2006,1155,1653,1569,12,146947,11755,2031,1156,1669,1891,1153,1503,96,100,0,600,2077
tas2milc,476,276,2019,1154,1604,1575,12,146944,11755,2019,1156,1656,2006,1153,1598,98,100,0,600,2058
tas2milc,476,277,2021,1154,1618,1581,12,146941,11755,2022,1155,1654,2019,1152,1599,98,100,0,599,2055
tas2milc,476,278,2030,1155,1623,1586,12,146940,11755,2030,1155,1667,2021,1153,1599,97,100,0,600,2072
tas2milc,476,279,2034,1155,1634,1592,12,146940,11755,2034,1155,1668,2030,1153,1608,98,100,0,600,2072
tas2milc,476,280,2040,1154,1656,1598,12,146947,11755,2040,1155,1687,2034,1153,1608,97,100,0,600,2086
tas2milc,476,281,2055,1153,1645,1603,12,146949,11755,2055,1155,1679,2040,1153,1617,98,100,0,600,2092
tas2milc,476,282,2059,1154,1640,1609,12,146955,11756,2060,1155,1679,2055,1152,1614,98,100,0,600,2092
tas2milc,476,283,2060,1153,1627,1615,12,146962,11756,2061,1155,1679,2059,1152,1616,98,100,0,600,2089
tas2milc,476,284,2060,1154,1626,1621,12,146969,11757,2061,1155,1670,2059,1150,1620,98,100,0,599,2089
tas2milc,476,285,2056,1154,1641,1626,13,146974,11757,2060,1155,1675,2056,1153,1601,98,100,0,599,2083
tas2milc,476,286,2050,1154,1623,1632,13,146982,11758,2057,1155,1672,2049,1152,1610,98,100,0,599,2086
tas2milc,476,287,2051,1155,1653,1638,13,146981,11758,2051,1155,1665,2048,1153,1609,98,100,0,600,2092
tas2milc,476,288,2054,1154,1655,1643,13,146986,11758,2056,1155,1684,2051,1153,1611,98,100,0,600,2080
tas2milc,476,289,2045,1153,1623,1649,13,146993,11759,2054,1155,1672,2045,1152,1606,98,100,0,600,2077
tas2milc,476,290,2055,1154,1655,1655,13,146994,11759,2055,1155,1674,2045,1152,1618,98,100,0,600,2086
tas2milc,476,291,2055,1152,1639,1661,13,146998,11759,2056,1154,1684,2054,1152,1612,98,100,0,600,2089
tas2milc,476,292,2057,1152,1659,1666,13,147004,11760,2058,1154,1683,2055,1151,1623,98,100,0,600,2089
tas2milc,476,293,2054,1152,1664,1672,13,147009,11760,2058,1153,1690,2053,1150,1611,98,100,0,600,2095
tas2milc,476,294,2056,1152,1639,1678,13,147014,11761,2057,1153,1674,2054,1151,1613,98,100,0,599,2095
tas2milc,476,295,2057,1152,1634,1683,13,147019,11761,2058,1153,1687,2056,1151,1619,98,100,0,599,2086
tas2milc,476,296,2052,1152,1634,1689,13,147023,11761,2057,1154,1675,2052,1151,1611,98,100,0,600,2077
tas2milc,476,297,2045,1152,1645,1695,13,147025,11762,2052,1154,1689,2045,1151,1604,98,100,0,600,2072
tas2milc,476,298,2030,1152,1612,1700,13,147023,11761,2045,1154,1669,2030,1151,1593,98,100,0,600,2052
tas2milc,476,299,2028,1152,1597,1706,13,147021,11761,2032,1153,1668,2028,1151,1592,98,100,0,599,2049
tas2milc,476,300,2020,1152,1625,1712,13,147017,11761,2028,1154,1656,2019,1151,1579,98,100,0,600,2052
tas2milc,476,301,2017,1153,1644,1717,13,147012,11761,2020,1154,1654,2017,1151,1578,98,100,0,600,2049
tas2milc,476,302,2018,1154,1593,1723,13,147012,11761,2018,1155,1648,2016,1152,1580,98,100,0,600,2055
tas2milc,476,303,2018,1154,1619,1729,13,147004,11760,2018,1155,1646,2017,1152,1589,98,100,0,600,2049
tas2milc,476,304,2018,1154,1620,1734,13,147000,11760,2019,1155,1648,2018,1152,1580,98,100,0,600,2043
tas2milc,476,305,2028,1154,1633,1740,13,146999,11759,2028,1155,1656,2017,1152,1589,98,100,0,600,2063
tas2milc,476,306,2033,1154,1604,1746,13,146998,11759,2033,1155,1657,2028,1151,1587,98,100,0,600,2069
tas2milc,476,307,2030,1154,1637,1751,14,146997,11759,2034,1155,1660,2030,1152,1592,98,100,0,599,2055
tas2milc,476,308,2029,1154,1651,1757,14,147000,11760,2030,1156,1659,2024,1153,1590,98,100,0,600,2069
tas2milc,476,309,2023,1155,1590,1762,14,146992,11759,2031,1156,1658,2023,1154,1583,98,100,0,600,2046
tas2milc,476,310,2020,1155,1617,1768,14,146988,11759,2023,1156,1647,2020,1153,1580,98,100,0,600,2052
tas2milc,476,311,2024,1155,1597,1774,14,146987,11758,2027,1156,1658,2020,1153,1588,98,100,0,600,2052
tas2milc,476,312,2027,1155,1616,1779,14,146990,11759,2029,1156,1654,2024,1153,1588,98,100,0,600,2052
tas2milc,476,313,2031,1154,1589,1785,14,146984,11758,2031,1156,1658,2026,1153,1589,98,100,0,600,2066
tas2milc,476,314,2030,1155,1640,1791,14,146983,11758,2031,1156,1659,2024,1153,1582,97,100,0,600,2077
tas2milc,476,315,2034,1154,1631,1796,14,146983,11758,2038,1156,1656,2030,1154,1590,99,100,0,600,2052
tas2milc,476,316,2037,1155,1616,1802,14,146984,11758,2037,1156,1659,2031,1154,1589,98,100,0,599,2072
tas2milc,476,317,2037,1155,1650,1808,14,146984,11758,2037,1156,1654,2034,1153,1583,98,100,0,600,2077
tas2milc,476,318,2037,1155,1593,1813,14,146985,11758,2041,1156,1653,2037,1154,1589,98,100,0,600,2069
tas2milc,476,319,2031,1155,1627,1819,14,146983,11758,2037,1156,1646,2031,1154,1589,98,100,0,599,2066
tas2milc,476,320,2040,1154,1615,1825,14,146985,11758,2040,1156,1657,2030,1154,1594,98,100,0,600,2080
tas2milc,476,321,2042,1154,1618,1830,14,146987,11758,2042,1156,1660,2040,1153,1590,98,100,0,600,2072
tas2milc,476,322,2034,1154,1638,1836,14,146986,11758,2043,1156,1656,2034,1154,1588,98,100,0,600,2060
tas2milc,476,323,2030,1154,1627,1842,14,146985,11758,2034,1156,1648,2030,1152,1589,98,100,0,600,2060
tas2milc,476,324,2027,1155,1635,1847,14,146983,11758,2030,1156,1644,2027,1153,1580,98,100,0,600,2055
tas2milc,476,325,2037,1154,1650,1853,14,146984,11758,2037,1155,1657,2027,1153,1588,98,100,0,600,2077
tas2milc,476,326,2037,1154,1634,1859,14,146984,11758,2039,1155,1659,2034,1153,1589,98,100,0,600,2072
tas2milc,476,327,2039,1154,1638,1864,14,146985,11758,2040,1155,1659,2037,1153,1594,98,100,0,600,2075
tas2milc,476,328,1892,1155,1512,1870,14,146978,11758,2041,1156,1658,1892,1153,1508,98,100,0,600,1921
tas2milc,476,329,2042,1155,1634,1876,15,146978,11758,2042,1156,1668,1892,1153,1511,98,100,0,600,2080
tas2milc,476,330,2053,1155,1627,1881,15,146983,11758,2053,1156,1680,2042,1154,1612,97,100,0,600,2100
tas2milc,476,331,2058,1155,1628,1887,15,146992,11759,2058,1156,1679,2053,1153,1617,98,100,0,600,2097
tas2milc,476,332,2052,1154,1619,1893,15,146996,11759,2058,1155,1677,2052,1153,1607,99,100,0,600,2069
tas2milc,476,333,2038,1155,1635,1899,15,146991,11759,2052,1155,1664,2038,1153,1608,98,100,0,601,2063
tas2milc,476,334,2038,1154,1629,1904,15,146991,11759,2038,1155,1669,2036,1153,1607,98,100,0,601,2063
tas2milc,476,335,2037,1155,1633,1910,15,146992,11759,2038,1156,1669,2037,1153,1609,98,100,0,601,2066
tas2milc,476,336,2036,1155,1629,1916,15,146992,11759,2038,1156,1671,2036,1153,1607,98,100,0,601,2060
tas2milc,476,337,2046,1154,1660,1921,15,146994,11759,2046,1155,1688,2034,1153,1562,97,100,0,601,2109
tas2milc,476,338,2053,1154,1642,1927,15,146983,11758,2053,1156,1671,1881,1153,1501,98,100,0,601,2092
tas2milc,476,339,2041,1155,1617,1933,15,146984,11758,2053,1155,1669,2041,1153,1611,98,100,0,601,2069
tas2milc,476,340,2040,1155,1622,1938,15,146989,11759,2041,1156,1669,2038,1154,1610,98,100,0,601,2077
tas2milc,476,341,2038,1155,1615,1944,15,146985,11758,2040,1156,1667,2038,1154,1609,98,100,0,601,2072
tas2milc,476,342,2035,1155,1618,1950,15,146985,11758,2039,1156,1666,2035,1154,1605,98,100,0,600,2060
tas2milc,476,343,1916,1156,1512,1955,15,146981,11758,2035,1156,1668,1916,1154,1507,97,100,0,600,1958
tas2milc,476,344,2030,1154,1612,1961,15,146974,11757,2035,1156,1660,1910,1153,1505,98,100,0,600,2052
tas2milc,476,345,2036,1155,1631,1966,15,146979,11758,2036,1156,1665,2029,1154,1600,98,100,0,600,2075
tas2milc,476,346,2038,1154,1629,1972,15,146975,11758,2038,1156,1668,2036,1154,1609,98,100,0,600,2069
tas2milc,476,347,2036,1155,1623,1978,15,146975,11758,2038,1155,1669,2034,1153,1602,98,100,0,599,2075
tas2milc,476,348,2038,1154,1633,1983,15,146976,11758,2038,1156,1670,2036,1153,1607,98,100,0,600,2075
tas2milc,476,349,2062,1154,1652,1989,15,146982,11758,2062,1155,1686,2038,1153,1612,97,100,0,600,2112
tas2milc,476,350,2071,1154,1650,1995,15,146991,11759,2073,1155,1690,2062,1152,1640,98,100,0,599,2097
tas2milc,476,351,2077,1154,1663,2001,16,147000,11760,2077,1155,1690,2070,1153,1641,98,100,0,600,2114
tas2milc,476,352,2069,1154,1631,2007,16,147006,11760,2078,1155,1688,2069,1153,1610,99,100,0,600,2075
tas2milc,476,353,2065,1153,1650,2012,16,147012,11761,2069,1155,1678,2062,1153,1616,98,100,0,600,2100
tas2milc,476,354,2061,1154,1658,2018,16,147017,11761,2066,1155,1677,2061,1153,1620,98,100,0,600,2092
tas2milc,476,355,2060,1154,1635,2024,16,147022,11761,2063,1155,1677,2060,1152,1617,98,100,0,600,2089
tas2milc,476,356,2056,1154,1649,2030,16,147026,11762,2061,1155,1666,2056,1153,1602,98,100,0,600,2083
tas2milc,476,357,2058,1155,1659,2035,16,147035,11762,2059,1155,1690,2055,1152,1621,98,100,0,600,2086
tas2milc,476,358,2059,1155,1641,2041,16,147036,11762,2061,1155,1687,2058,1153,1619,98,100,0,600,2086
tas2milc,476,359,2059,1155,1646,2047,16,147040,11763,2059,1155,1675,2057,1153,1609,98,100,0,600,2089
tas2milc,476,360,2058,1154,1654,2053,16,147045,11763,2061,1155,1683,2057,1153,1615,98,100,0,600,2095
tas2milc,476,361,2057,1154,1633,2058,16,147053,11764,2058,1155,1668,2056,1152,1618,98,100,0,600,2089
tas2milc,476,362,2057,1154,1638,2064,16,147053,11764,2058,1155,1677,2056,1152,1620,98,100,0,599,2095
tas2milc,476,363,2059,1153,1639,2070,16,147058,11764,2060,1155,1690,2057,1152,1619,98,100,0,600,2092
tas2milc,476,364,2050,1154,1632,2076,16,147060,11764,2059,1154,1674,2050,1152,1610,98,100,0,599,2077
tas2milc,476,365,2056,1153,1653,2081,16,147064,11765,2056,1154,1679,2049,1152,1613,98,100,0,600,2092
tas2milc,476,366,2056,1153,1633,2087,16,147072,11765,2057,1154,1669,2056,1152,1620,98,100,0,600,2086
tas2milc,476,367,2054,1153,1631,2093,16,147075,11766,2056,1154,1677,2050,1152,1609,97,100,0,600,2100
tas2milc,476,368,2055,1154,1628,2098,16,147079,11766,2057,1154,1684,2054,1152,1616,98,100,0,601,2080
tas2milc,476,369,2032,1153,1607,2104,16,147074,11765,2055,1155,1675,2032,1152,1589,99,100,0,601,2046
tas2milc,476,370,2028,1154,1640,2110,16,147072,11765,2032,1155,1664,2028,1152,1590,99,100,0,601,2046
tas2milc,476,371,2020,1154,1635,2115,16,147069,11765,2028,1155,1656,2020,1153,1589,98,100,0,601,2052
tas2milc,476,372,2027,1154,1642,2121,16,147071,11765,2028,1155,1667,2020,1153,1590,98,100,0,601,2055
tas2milc,476,373,2029,1153,1644,2127,17,147066,11765,2029,1155,1663,2027,1153,1588,98,100,0,601,2066
tas2milc,476,374,2028,1154,1636,2132,17,147065,11765,2030,1155,1659,2026,1152,1589,98,100,0,601,2066
tas2milc,476,375,2032,1155,1612,2138,17,147068,11765,2032,1155,1657,2028,1152,1598,98,100,0,601,2069
tas2milc,476,376,2028,1154,1589,2144,17,147062,11765,2032,1155,1659,2028,1153,1588,98,100,0,601,2049
tas2milc,476,377,2026,1154,1631,2149,17,147065,11765,2030,1155,1659,2026,1152,1577,99,100,0,601,2041
tas2milc,476,378,2026,1154,1601,2155,17,147059,11764,2029,1155,1652,2025,1153,1588,98,100,0,601,2052
tas2milc,476,379,2025,1154,1602,2161,17,147057,11764,2029,1155,1654,2024,1153,1589,98,100,0,601,2055
tas2milc,476,380,2018,1154,1590,2166,17,147053,11764,2025,1155,1645,2018,1153,1580,98,100,0,601,2049
tas2milc,476,381,2027,1154,1631,2172,17,147052,11764,2027,1155,1659,2018,1153,1589,98,100,0,601,2060
tas2milc,476,382,2028,1155,1632,2178,17,147055,11764,2030,1155,1657,2027,1153,1588,98,100,0,601,2052
tas2milc,476,383,2020,1154,1632,2183,17,147047,11763,2028,1155,1648,2020,1153,1588,98,100,0,601,2052
tas2milc,476,384,2018,1153,1641,2189,17,147044,11763,2020,1155,1648,2018,1153,1579,98,100,0,600,2046
tas2milc,476,385,2017,1153,1626,2194,17,147044,11763,2018,1155,1649,2016,1152,1581,98,100,0,600,2055
tas2milc,476,386,2027,1154,1637,2200,17,147039,11763,2027,1155,1657,2016,1151,1581,98,100,0,600,2063
tas2milc,476,387,2028,1153,1634,2206,17,147038,11763,2032,1154,1652,2027,1152,1590,98,100,0,599,2052
tas2milc,476,388,2033,1153,1626,2211,17,147038,11763,2036,1154,1658,2028,1152,1589,98,100,0,600,2063
tas2milc,476,389,2028,1154,1612,2217,17,147036,11762,2033,1155,1646,2028,1152,1582,98,100,0,600,2058
tas2milc,476,390,2034,1153,1621,2223,17,147040,11763,2037,1154,1661,2028,1152,1591,98,100,0,599,2066
tas2milc,476,391,2030,1153,1632,2228,17,147035,11762,2034,1154,1649,2030,1152,1592,98,100,0,599,2063
tas2milc,476,392,2039,1153,1647,2234,17,147036,11762,2039,1154,1661,2030,1151,1593,98,100,0,600,2077
tas2milc,476,393,2038,1153,1642,2240,17,147036,11762,2040,1154,1659,2034,1151,1584,98,100,0,600,2072
tas2milc,476,394,2043,1151,1643,2245,17,147038,11763,2043,1153,1664,2038,1150,1605,98,100,0,600,2077
tas2milc,476,395,2032,1153,1638,2251,18,147037,11762,2043,1153,1656,2032,1151,1584,98,100,0,600,2055
tas2milc,476,396,2029,1152,1601,2257,18,147035,11762,2032,1153,1648,2028,1151,1584,98,100,0,600,2066
tas2milc,476,397,2028,1152,1628,2262,18,147037,11763,2029,1154,1649,2027,1151,1592,98,100,0,600,2060
tas2milc,476,398,2034,1153,1623,2268,18,147037,11763,2034,1154,1661,2027,1151,1593,97,100,0,600,2077
tas2milc,476,399,2031,1152,1630,2274,18,147033,11762,2037,1154,1656,2031,1152,1583,98,100,0,600,2060
tas2milc,476,400,1916,1154,1515,2279,18,147017,11761,2031,1154,1669,1886,1152,1500,99,100,0,600,1921
tas2milc,476,401,2028,1153,1607,2285,18,147013,11761,2035,1154,1654,1913,1152,1513,98,100,0,600,2052
tas2milc,476,402,2025,1153,1616,2290,18,147011,11760,2028,1154,1657,2024,1151,1603,98,100,0,600,2055
tas2milc,476,403,2023,1153,1610,2296,18,147008,11760,2025,1154,1659,2023,1150,1602,98,100,0,600,2055
tas2milc,476,404,2033,1152,1623,2302,18,147008,11760,2033,1154,1670,2023,1151,1605,98,100,0,600,2060
tas2milc,476,405,2027,1152,1619,2307,18,147007,11760,2034,1154,1668,2027,1151,1601,98,100,0,600,2058
tas2milc,476,406,2042,1153,1608,2313,18,147002,11760,2044,1154,1669,1919,1152,1508,99,100,0,600,2058
tas2milc,476,407,2037,1151,1629,2318,18,146998,11759,2042,1153,1668,2037,1151,1602,98,100,0,600,2069
tas2milc,476,408,2037,1153,1619,2324,18,146999,11759,2038,1153,1669,2037,1151,1612,98,100,0,600,2069
tas2milc,476,409,2034,1153,1617,2330,18,146999,11759,2037,1153,1667,2034,1151,1606,99,100,0,600,2052
tas2milc,476,410,2035,1153,1623,2336,18,146999,11759,2035,1154,1669,2032,1151,1605,98,100,0,600,2066
tas2milc,476,411,2037,1152,1640,2341,18,146998,11759,2037,1153,1677,2028,1151,1599,97,100,0,600,2095
tas2milc,476,412,2055,1152,1649,2347,18,147003,11760,2055,1153,1679,2037,1151,1640,98,100,0,600,2095
tas2milc,476,413,2070,1152,1654,2353,18,147010,11760,2070,1153,1690,2055,1151,1640,98,100,0,600,2109
tas2milc,476,414,2071,1151,1655,2359,18,147017,11761,2075,1153,1692,2070,1150,1642,98,100,0,600,2095
tas2milc,476,415,2060,1152,1666,2364,18,147020,11761,2071,1153,1681,2057,1150,1613,98,100,0,600,2092
tas2milc,476,416,2053,1152,1652,2370,18,147023,11761,2062,1153,1682,2053,1151,1611,98,100,0,600,2075
tas2milc,476,417,2049,1152,1663,2375,19,147025,11762,2053,1153,1668,2049,1150,1609,98,100,0,600,2086
tas2milc,476,418,2049,1153,1647,2381,19,147027,11762,2049,1153,1666,2047,1152,1611,98,100,0,600,2083
tas2milc,476,419,2042,1153,1612,2387,19,147028,11762,2049,1153,1679,2042,1151,1591,98,100,0,600,2080
tas2milc,476,420,2042,1152,1625,2393,19,147029,11762,2043,1153,1677,2041,1151,1610,98,100,0,600,2069
tas2milc,476,421,2043,1151,1635,2398,19,147030,11762,2044,1153,1672,2042,1150,1609,98,100,0,600,2072
tas2milc,476,422,2045,1151,1641,2404,19,147032,11762,2045,1152,1671,2043,1150,1608,98,100,0,600,2080
tas2milc,476,423,2042,1151,1631,2410,19,147033,11762,2045,1152,1671,2042,1150,1608,98,100,0,600,2072
tas2milc,476,424,2045,1151,1628,2415,19,147035,11762,2045,1152,1669,2042,1150,1613,98,100,0,600,2072
tas2milc,476,425,2049,1151,1643,2421,19,147037,11762,2049,1152,1683,2043,1150,1613,98,100,0,600,2080
tas2milc,476,426,2053,1152,1655,2427,19,147040,11763,2055,1152,1683,2049,1149,1618,98,100,0,600,2083
tas2milc,476,427,2049,1152,1641,2433,19,147043,11763,2055,1153,1675,2049,1150,1612,99,100,0,600,2063
tas2milc,476,428,2052,1152,1648,2438,19,147045,11763,2052,1153,1692,2047,1151,1613,97,100,0,599,2095
tas2milc,476,429,2050,1152,1622,2444,19,147048,11763,2054,1153,1678,2050,1151,1612,98,100,0,600,2083
tas2milc,476,430,2044,1152,1623,2450,19,147049,11763,2050,1153,1680,2044,1151,1607,98,100,0,600,2072
tas2milc,476,431,2051,1152,1608,2455,19,147055,11764,2053,1153,1686,2044,1150,1606,99,100,0,600,2063
tas2milc,476,432,2028,1152,1610,2461,19,147049,11763,2051,1153,1668,2028,1150,1593,98,100,0,600,2052
tas2milc,476,433,2020,1152,1597,2467,19,147046,11763,2028,1153,1657,2020,1151,1592,98,100,0,599,2046
tas2milc,476,434,2018,1151,1634,2472,19,147043,11763,2021,1153,1657,2016,1151,1580,98,100,0,600,2049
tas2milc,476,435,2026,1150,1639,2478,19,147042,11763,2026,1153,1668,2017,1150,1592,98,100,0,600,2058
tas2milc,476,436,2019,1152,1614,2484,19,147039,11763,2026,1153,1650,2019,1150,1582,98,100,0,600,2046
tas2milc,476,437,2018,1151,1609,2489,19,147036,11762,2019,1152,1647,2018,1150,1592,98,100,0,600,2052
tas2milc,476,438,2018,1151,1608,2495,19,147033,11762,2019,1152,1653,2018,1149,1593,98,100,0,600,2049
tas2milc,476,439,2017,1151,1618,2500,20,147030,11762,2018,1152,1651,2017,1150,1584,98,100,0,600,2052
tas2milc,476,440,2022,1151,1627,2506,20,147028,11762,2022,1152,1661,2016,1150,1581,97,100,0,600,2066
tas2milc,476,441,2028,1151,1622,2512,20,147027,11762,2028,1152,1663,2022,1149,1594,98,100,0,600,2063
tas2milc,476,442,2023,1151,1634,2517,20,147025,11762,2029,1152,1659,2023,1149,1593,98,100,0,600,2052
tas2milc,476,443,2024,1152,1604,2523,20,147023,11761,2027,1152,1662,2021,1150,1593,98,100,0,600,2052
tas2milc,476,444,2018,1151,1631,2529,20,147020,11761,2024,1152,1651,2018,1149,1584,98,100,0,600,2046
tas2milc,476,445,2023,1152,1637,2534,20,147018,11761,2023,1152,1664,2017,1149,1592,98,100,0,600,2058
tas2milc,476,446,2027,1151,1650,2540,20,147017,11761,2027,1152,1662,2023,1150,1593,97,100,0,600,2069
tas2milc,476,447,2028,1151,1611,2545,20,147015,11761,2028,1152,1664,2025,1150,1583,98,100,0,600,2063
tas2milc,476,448,2026,1150,1632,2551,20,147014,11761,2031,1152,1658,2026,1150,1585,99,100,0,599,2046
tas2milc,476,449,2037,1151,1642,2557,20,147018,11761,2037,1152,1669,2026,1149,1594,98,100,0,600,2069
tas2milc,476,450,2030,1150,1634,2562,20,147014,11761,2037,1152,1654,2030,1150,1595,98,100,0,600,2063
tas2milc,476,451,2038,1150,1619,2568,20,147014,11761,2038,1152,1661,2030,1149,1596,97,100,0,600,2080
tas2milc,476,452,2037,1151,1609,2574,20,147015,11761,2040,1152,1662,2034,1150,1586,98,100,0,600,2072
tas2milc,476,453,2036,1151,1611,2580,20,147015,11761,2039,1152,1664,2036,1150,1595,98,100,0,600,2063
tas2milc,476,454,2030,1151,1636,2585,20,147013,11761,2036,1152,1651,2030,1149,1586,98,100,0,600,2063
tas2milc,476,455,2028,1150,1634,2591,20,147012,11761,2030,1152,1652,2028,1149,1586,98,100,0,600,2052
tas2milc,476,456,2028,1150,1636,2596,20,147011,11760,2028,1152,1649,2027,1149,1593,98,100,0,600,2058
tas2milc,476,457,2027,1150,1640,2602,20,147009,11760,2028,1152,1647,2026,1149,1593,98,100,0,600,2060
tas2milc,476,458,2027,1151,1600,2608,20,147008,11760,2027,1152,1650,2026,1149,1585,98,100,0,600,2060
tas2milc,476,459,2033,1150,1646,2613,20,147008,11760,2033,1151,1665,2026,1149,1589,97,100,0,600,2080
tas2milc,476,460,2039,1150,1601,2619,20,147009,11760,2040,1151,1662,2033,1149,1600,98,100,0,600,2063
tas2milc,476,461,2037,1150,1631,2625,21,147012,11760,2039,1151,1660,2033,1149,1596,98,100,0,600,2072
tas2milc,476,462,2035,1150,1521,2630,21,147008,11760,2042,1151,1665,2035,1148,1516,99,100,0,600,2041
tas2milc,476,463,2053,1149,1643,2636,21,147005,11760,2053,1151,1684,1892,1149,1515,98,100,0,600,2086
tas2milc,476,464,2060,1150,1652,2642,21,147012,11761,2061,1150,1687,2053,1149,1627,98,100,0,600,2086
tas2milc,476,465,2057,1150,1639,2648,21,147012,11761,2060,1151,1686,2057,1148,1621,98,100,0,599,2083
tas2milc,476,466,2053,1149,1662,2653,21,147015,11761,2057,1150,1679,2052,1148,1615,98,100,0,600,2083
tas2milc,476,467,2040,1150,1626,2659,21,147015,11761,2053,1150,1670,2040,1148,1616,98,100,0,600,2072
tas2milc,476,468,2039,1150,1634,2665,21,147018,11761,2040,1151,1673,2038,1148,1616,98,100,0,600,2072
tas2milc,476,469,2038,1149,1626,2670,21,147019,11761,2040,1150,1674,2038,1147,1615,98,100,0,600,2066
tas2milc,476,470,2036,1149,1638,2676,21,147016,11761,2038,1150,1677,2036,1148,1614,98,100,0,599,2066
tas2milc,476,471,2040,1149,1665,2682,21,147017,11761,2040,1150,1692,2036,1147,1569,97,100,0,600,2095
tas2milc,476,472,2067,1149,1664,2687,21,147023,11761,2067,1150,1694,2040,1147,1655,97,100,0,600,2112
tas2milc,476,473,2076,1149,1672,2693,21,147030,11762,2076,1150,1694,2067,1147,1655,98,100,0,600,2112
tas2milc,476,474,2080,1148,1670,2699,21,147037,11762,2080,1150,1699,2076,1147,1656,98,100,0,600,2112
tas2milc,476,475,1694,1149,1362,2704,21,147011,11760,2080,1151,1690,1693,1148,1360,98,100,0,600,1716
Processed 476 lines from power meter
There were 0 errors in reading from the meter
