Processed 0 lines from power meter
There were 0 errors in reading from the meter
RunId,NumDataLines,SeqNum,Watts,Amps,WattHours,Cost,MoKWh,MoCost,MaxWatts,MaxVolts,MaxAmps,MinWatts,MinVolts,MinAmps,Factor,DutyCycle,PowerCycle
tas2hmmer,484,0,1888,1143,1526,9,0,133316,10665,1889,1146,1597,1783,1143,1420,99,100,0,600,1907
tas2hmmer,484,1,1889,1143,1518,15,0,134889,10791,1892,1145,1595,1888,1142,1508,98,100,0,601,1910
tas2hmmer,484,2,1904,1143,1535,20,0,135281,10822,1904,1144,1613,1889,1142,1518,98,100,0,601,1938
tas2hmmer,484,3,1901,1143,1518,25,0,135704,10856,1908,1144,1597,1901,1141,1512,99,100,0,601,1915
tas2hmmer,484,4,1896,1143,1595,31,0,136043,10883,1950,1144,1606,1888,1141,1511,98,100,0,601,1932
tas2hmmer,484,5,1896,1143,1520,36,0,136210,10896,1906,1144,1618,1896,1142,1512,99,100,0,601,1913
tas2hmmer,484,6,1897,1144,1538,41,0,136315,10905,1897,1144,1584,1894,1141,1516,98,100,0,601,1924
tas2hmmer,484,7,1904,1143,1567,46,0,136470,10917,1904,1144,1601,1897,1141,1520,97,100,0,601,1947
tas2hmmer,484,8,1895,1143,1522,52,0,136607,10928,1962,1144,1626,1895,1141,1516,98,100,0,601,1918
tas2hmmer,484,9,1907,1143,1530,57,0,136719,10937,1907,1145,1623,1893,1142,1513,97,100,0,601,1947
tas2hmmer,484,10,1892,1144,1540,62,0,136694,10935,1907,1144,1576,1892,1142,1512,99,100,0,601,1910
tas2hmmer,484,11,1895,1143,1525,68,0,136720,10937,1897,1144,1577,1892,1141,1515,98,100,0,601,1921
tas2hmmer,484,12,1901,1144,1534,73,0,136879,10950,1902,1144,1612,1895,1141,1525,98,100,0,601,1935
tas2hmmer,484,13,1902,1145,1540,78,0,136831,10946,1903,1145,1597,1901,1142,1520,98,100,0,601,1932
tas2hmmer,484,14,1905,1145,1537,84,0,136877,10950,1906,1146,1603,1899,1143,1514,98,100,0,601,1932
tas2hmmer,484,15,1899,1146,1523,89,0,136902,10952,1907,1146,1591,1899,1144,1516,98,100,0,601,1924
tas2hmmer,484,16,1902,1145,1545,94,0,136952,10956,1907,1147,1615,1899,1144,1513,98,100,0,600,1932
tas2hmmer,484,17,1905,1146,1533,99,0,136982,10958,1905,1146,1594,1899,1144,1514,98,100,0,600,1938
tas2hmmer,484,18,1907,1146,1565,105,0,137035,10962,1914,1146,1598,1903,1144,1515,99,100,0,600,1924
tas2hmmer,484,19,1903,1145,1565,110,0,137055,10964,1907,1146,1607,1902,1144,1518,98,100,0,600,1935
tas2hmmer,484,20,1902,1146,1538,115,0,137062,10965,1904,1146,1605,1900,1144,1512,98,100,0,600,1924
tas2hmmer,484,21,1980,1145,1609,121,0,137126,10970,1980,1146,1612,1900,1143,1515,98,100,0,600,2009
tas2hmmer,484,22,1913,1146,1532,126,1,137290,10983,1986,1146,1625,1913,1143,1527,99,100,0,600,1932
tas2hmmer,484,23,1908,1146,1536,131,1,137247,10979,1913,1146,1591,1907,1143,1516,98,100,0,600,1941
tas2hmmer,484,24,1900,1145,1520,137,1,137246,10979,1908,1146,1602,1900,1143,1519,99,100,0,600,1915
tas2hmmer,484,25,1987,1144,1581,142,1,137322,10985,1987,1145,1622,1899,1142,1520,98,100,0,600,2009
tas2hmmer,484,26,1896,1144,1524,147,1,137326,10986,1987,1145,1615,1886,1142,1517,98,100,0,600,1927
tas2hmmer,484,27,1904,1143,1543,153,1,137341,10987,1904,1145,1609,1896,1142,1517,98,100,0,600,1927
tas2hmmer,484,28,1898,1145,1523,158,1,137328,10986,1904,1145,1577,1897,1142,1517,98,100,0,600,1932
tas2hmmer,484,29,1904,1144,1579,163,1,137340,10987,1904,1146,1606,1897,1143,1518,98,100,0,600,1938
tas2hmmer,484,30,1903,1143,1547,169,1,137347,10987,1908,1146,1606,1902,1143,1516,98,100,0,600,1932
tas2hmmer,484,31,1903,1144,1527,174,1,137350,10988,1906,1146,1594,1900,1143,1522,97,100,0,600,1944
tas2hmmer,484,32,1899,1145,1543,179,1,137347,10987,1905,1146,1590,1898,1143,1519,98,100,0,601,1927
tas2hmmer,484,33,1896,1143,1529,185,1,137334,10986,1900,1145,1554,1896,1143,1520,98,100,0,601,1921
tas2hmmer,484,34,1899,1144,1531,190,1,137333,10986,1900,1145,1600,1896,1143,1519,98,100,0,601,1930
tas2hmmer,484,35,1905,1144,1540,195,1,137340,10987,1905,1146,1578,1898,1142,1517,97,100,0,601,1952
tas2hmmer,484,36,1902,1143,1533,200,1,137342,10987,1906,1145,1578,1902,1143,1519,98,100,0,601,1924
tas2hmmer,484,37,1894,1144,1520,206,1,137369,10989,1908,1145,1615,1894,1141,1518,99,100,0,600,1910
tas2hmmer,484,38,1889,1144,1518,211,1,137312,10985,1894,1145,1537,1889,1142,1517,98,100,0,601,1913
tas2hmmer,484,39,1893,1143,1531,216,1,137301,10984,1893,1145,1548,1889,1142,1518,98,100,0,601,1924
tas2hmmer,484,40,1886,1143,1521,222,1,137271,10981,1893,1145,1534,1886,1141,1514,98,100,0,601,1913
tas2hmmer,484,41,1886,1144,1519,227,1,137251,10980,1890,1145,1546,1886,1142,1516,98,100,0,601,1910
tas2hmmer,484,42,1886,1143,1520,232,1,137232,10978,1889,1144,1532,1886,1142,1517,98,100,0,601,1913
tas2hmmer,484,43,1893,1144,1531,237,1,137225,10978,1893,1144,1537,1886,1142,1519,98,100,0,600,1924
tas2hmmer,484,44,1888,1142,1520,242,1,137208,10976,1893,1144,1539,1888,1142,1518,98,100,0,600,1910
tas2hmmer,484,45,1892,1143,1531,248,1,137200,10976,1892,1145,1535,1888,1142,1520,98,100,0,600,1924
tas2hmmer,484,46,1890,1144,1529,253,2,137183,10974,1892,1144,1533,1887,1141,1518,98,100,0,601,1924
tas2hmmer,484,47,1887,1144,1518,258,2,137166,10973,1892,1145,1532,1887,1142,1516,98,100,0,601,1910
tas2hmmer,484,48,1892,1144,1528,264,2,137159,10972,1892,1145,1532,1887,1143,1517,98,100,0,601,1924
tas2hmmer,484,49,1890,1144,1530,269,2,137145,10971,1892,1145,1531,1887,1143,1517,98,100,0,600,1924
tas2hmmer,484,50,1893,1144,1528,274,2,137138,10971,1893,1145,1533,1890,1142,1524,98,100,0,600,1924
tas2hmmer,484,51,1891,1145,1527,279,2,137125,10970,1893,1146,1530,1888,1143,1517,98,100,0,600,1924
tas2hmmer,484,52,1890,1145,1527,285,2,137113,10969,1891,1146,1542,1887,1144,1516,98,100,0,600,1924
tas2hmmer,484,53,1893,1146,1527,290,2,137108,10968,1893,1146,1529,1890,1144,1521,98,100,0,600,1924
tas2hmmer,484,54,1890,1145,1529,295,2,137095,10967,1893,1146,1529,1888,1144,1515,98,100,0,599,1924
tas2hmmer,484,55,1894,1145,1528,301,2,137092,10967,1894,1146,1546,1890,1144,1522,98,100,0,600,1924
tas2hmmer,484,56,1891,1144,1529,306,2,137080,10966,1894,1145,1532,1889,1142,1515,98,100,0,600,1924
tas2hmmer,484,57,1893,1144,1528,311,2,137076,10966,1893,1145,1530,1891,1143,1520,98,100,0,600,1924
tas2hmmer,484,58,1888,1145,1515,316,2,137065,10965,1894,1146,1529,1888,1144,1514,98,100,0,600,1910
tas2hmmer,484,59,1892,1145,1526,322,2,137083,10966,1892,1146,1530,1888,1144,1515,98,100,0,600,1924
tas2hmmer,484,60,1894,1146,1527,327,2,137056,10964,1894,1147,1529,1892,1144,1520,98,100,0,600,1924
tas2hmmer,484,61,1891,1146,1526,332,2,137046,10963,1894,1146,1530,1888,1144,1514,98,100,0,600,1924
tas2hmmer,484,62,1892,1145,1532,337,2,137040,10963,1892,1146,1533,1887,1144,1514,98,100,0,600,1930
tas2hmmer,484,63,1896,1145,1530,343,2,137041,10963,1896,1146,1533,1892,1144,1525,98,100,0,600,1930
tas2hmmer,484,64,1897,1144,1532,348,2,137042,10963,1897,1146,1534,1896,1143,1525,98,100,0,600,1930
tas2hmmer,484,65,1897,1144,1532,353,2,137042,10963,1897,1145,1534,1897,1143,1525,98,100,0,600,1927
tas2hmmer,484,66,1893,1143,1523,358,2,137038,10963,1898,1145,1536,1893,1142,1521,98,100,0,600,1915
tas2hmmer,484,67,1891,1144,1522,364,2,137033,10962,1895,1145,1534,1891,1143,1519,98,100,0,599,1913
tas2hmmer,484,68,1888,1144,1518,369,2,137026,10962,1894,1145,1538,1888,1143,1517,98,100,0,600,1910
tas2hmmer,484,69,1892,1144,1530,374,3,137022,10961,1892,1144,1532,1888,1142,1518,98,100,0,600,1921
tas2hmmer,484,70,1889,1144,1517,380,3,137015,10961,1893,1145,1566,1889,1143,1509,98,100,0,600,1910
tas2hmmer,484,71,1887,1144,1518,385,3,137007,10960,1891,1145,1533,1887,1143,1515,98,100,0,601,1907
tas2hmmer,484,72,1892,1144,1530,390,3,137005,10960,1892,1145,1532,1887,1143,1518,98,100,0,601,1924
tas2hmmer,484,73,1884,1144,1519,395,3,136991,10959,1892,1145,1530,1884,1142,1513,98,100,0,601,1910
tas2hmmer,484,74,1891,1143,1528,401,3,136988,10959,1891,1144,1540,1884,1142,1519,98,100,0,601,1924
tas2hmmer,484,75,1893,1144,1528,406,3,137004,10960,1893,1145,1531,1891,1142,1523,98,100,0,601,1921
tas2hmmer,484,76,1891,1144,1529,411,3,136997,10959,1893,1145,1534,1888,1142,1517,98,100,0,601,1924
tas2hmmer,484,77,1888,1144,1519,417,3,136972,10957,1892,1145,1532,1888,1143,1518,98,100,0,601,1910
tas2hmmer,484,78,1889,1143,1529,422,3,136964,10957,1889,1144,1532,1884,1142,1517,98,100,0,601,1924
tas2hmmer,484,79,1893,1143,1531,427,3,136963,10957,1893,1145,1532,1889,1142,1524,98,100,0,601,1921
tas2hmmer,484,80,1888,1144,1518,432,3,136956,10956,1893,1145,1533,1888,1142,1516,99,100,0,601,1907
tas2hmmer,484,81,1889,1142,1532,437,3,136966,10957,1889,1144,1535,1885,1140,1517,98,100,0,601,1924
tas2hmmer,484,82,1890,1143,1530,443,3,136944,10955,1890,1144,1544,1886,1141,1519,98,100,0,601,1924
tas2hmmer,484,83,1890,1143,1531,448,3,136937,10955,1890,1144,1546,1887,1142,1515,98,100,0,601,1924
tas2hmmer,484,84,1893,1143,1530,453,3,136953,10956,1893,1144,1540,1890,1142,1526,98,100,0,601,1924
tas2hmmer,484,85,1890,1144,1530,459,3,136930,10954,1893,1144,1532,1888,1142,1517,98,100,0,601,1921
tas2hmmer,484,86,1893,1143,1532,464,3,136929,10954,1893,1144,1535,1890,1142,1523,98,100,0,601,1924
tas2hmmer,484,87,1894,1143,1531,469,3,136944,10955,1894,1144,1534,1893,1142,1525,98,100,0,601,1924
tas2hmmer,484,88,1894,1143,1531,474,3,136927,10954,1894,1144,1533,1893,1141,1525,98,100,0,601,1924
tas2hmmer,484,89,1889,1144,1519,480,3,136922,10953,1894,1145,1534,1889,1142,1518,98,100,0,601,1910
tas2hmmer,484,90,1887,1143,1521,485,3,136932,10954,1891,1144,1532,1887,1142,1518,98,100,0,601,1907
tas2hmmer,484,91,1892,1143,1531,490,3,136916,10953,1892,1144,1533,1887,1142,1519,98,100,0,601,1921
tas2hmmer,484,92,1893,1143,1532,496,3,136915,10953,1893,1144,1534,1892,1142,1524,98,100,0,601,1921
tas2hmmer,484,93,1893,1143,1530,501,4,136914,10953,1894,1144,1538,1893,1142,1526,98,100,0,601,1921
tas2hmmer,484,94,1888,1143,1520,506,4,136908,10952,1893,1143,1533,1888,1141,1518,99,100,0,601,1907
tas2hmmer,484,95,1886,1143,1519,511,4,136902,10952,1890,1144,1532,1886,1141,1517,98,100,0,601,1910
tas2hmmer,484,96,1887,1143,1531,517,4,136895,10951,1887,1143,1532,1883,1141,1518,98,100,0,601,1921
tas2hmmer,484,97,1882,1143,1521,522,4,136885,10950,1888,1143,1532,1882,1140,1517,98,100,0,601,1910
tas2hmmer,484,98,1884,1143,1520,527,4,136879,10950,1887,1143,1533,1882,1141,1518,98,100,0,601,1907
tas2hmmer,484,99,1887,1142,1531,532,4,136873,10949,1887,1143,1534,1882,1141,1518,98,100,0,601,1921
tas2hmmer,484,100,1887,1142,1519,538,4,136869,10949,1890,1144,1535,1887,1141,1519,98,100,0,601,1910
tas2hmmer,484,101,1886,1143,1520,543,4,136864,10949,1890,1143,1533,1886,1141,1519,98,100,0,600,1907
tas2hmmer,484,102,1886,1142,1521,548,4,136859,10948,1889,1144,1533,1886,1141,1518,98,100,0,600,1907
tas2hmmer,484,103,1886,1143,1520,553,4,136854,10948,1890,1143,1533,1886,1141,1517,98,100,0,600,1910
tas2hmmer,484,104,1891,1142,1532,559,4,136853,10948,1891,1143,1535,1886,1141,1519,98,100,0,599,1924
tas2hmmer,484,105,1888,1142,1521,564,4,136849,10947,1892,1143,1534,1888,1140,1519,98,100,0,600,1910
tas2hmmer,484,106,1892,1142,1531,569,4,136849,10947,1892,1144,1534,1887,1141,1520,98,100,0,601,1924
tas2hmmer,484,107,1893,1143,1531,575,4,136849,10947,1894,1144,1533,1892,1141,1525,98,100,0,601,1924
tas2hmmer,484,108,1894,1142,1532,580,4,136849,10947,1894,1143,1533,1893,1142,1525,98,100,0,601,1924
tas2hmmer,484,109,1894,1143,1533,585,4,136861,10948,1894,1143,1536,1894,1140,1527,98,100,0,601,1924
tas2hmmer,484,110,1888,1142,1522,590,4,136844,10947,1894,1143,1534,1888,1141,1520,98,100,0,601,1910
tas2hmmer,484,111,1887,1142,1519,596,4,136840,10947,1891,1144,1533,1887,1142,1517,98,100,0,600,1910
tas2hmmer,484,112,1888,1143,1530,601,4,136848,10947,1888,1145,1541,1884,1141,1518,98,100,0,600,1921
tas2hmmer,484,113,1887,1143,1518,606,4,136832,10946,1891,1145,1530,1887,1142,1516,98,100,0,600,1910
tas2hmmer,484,114,1892,1144,1530,611,4,136832,10946,1892,1145,1545,1887,1143,1517,98,100,0,599,1924
tas2hmmer,484,115,1894,1144,1530,617,4,136844,10947,1894,1145,1545,1892,1141,1523,98,100,0,600,1924
tas2hmmer,484,116,1894,1145,1529,622,4,136833,10946,1894,1146,1543,1894,1142,1523,98,100,0,600,1924
tas2hmmer,484,117,1894,1144,1529,627,5,136832,10946,1895,1146,1531,1894,1143,1522,98,100,0,600,1924
tas2hmmer,484,118,1687,1145,1364,632,5,136750,10940,1894,1147,1531,1687,1143,1362,98,100,0,600,1714
tas2hmmer,484,119,1878,1146,1531,637,5,136706,10936,1878,1147,1551,1687,1145,1361,98,100,0,600,1913
tas2hmmer,484,120,1889,1143,1520,643,5,136706,10936,1889,1146,1569,1878,1143,1511,98,100,0,599,1921
tas2hmmer,484,121,1886,1142,1523,648,5,136701,10936,1889,1144,1563,1882,1141,1504,98,100,0,600,1915
tas2hmmer,484,122,1885,1143,1508,653,5,136697,10935,1887,1145,1553,1885,1141,1507,98,100,0,600,1907
tas2hmmer,484,123,1880,1143,1522,658,5,136690,10935,1885,1144,1544,1880,1142,1505,98,100,0,600,1901
tas2hmmer,484,124,1886,1142,1522,663,5,136699,10935,1887,1144,1555,1880,1142,1511,98,100,0,600,1913
tas2hmmer,484,125,1882,1143,1522,669,5,136681,10934,1886,1144,1538,1880,1141,1505,98,100,0,600,1913
tas2hmmer,484,126,1878,1143,1512,674,5,136684,10934,1883,1144,1547,1878,1142,1508,98,100,0,600,1898
tas2hmmer,484,127,1884,1144,1510,679,5,136670,10933,1885,1145,1556,1877,1142,1504,98,100,0,600,1907
tas2hmmer,484,128,1887,1142,1528,685,5,136667,10933,1887,1145,1561,1881,1141,1503,97,100,0,600,1935
tas2hmmer,484,129,1883,1142,1530,690,5,136663,10933,1890,1144,1557,1883,1141,1505,99,100,0,600,1901
tas2hmmer,484,130,1884,1145,1509,695,5,136661,10932,1891,1145,1560,1883,1142,1506,99,100,0,600,1898
tas2hmmer,484,131,1881,1144,1528,700,5,136656,10932,1885,1145,1544,1881,1143,1503,98,100,0,600,1910
tas2hmmer,484,132,1886,1144,1521,706,5,136664,10933,1887,1145,1546,1881,1143,1504,98,100,0,600,1918
tas2hmmer,484,133,1886,1144,1521,711,5,136649,10931,1886,1145,1555,1881,1143,1505,97,100,0,600,1938
tas2hmmer,484,134,1882,1144,1507,716,5,136645,10931,1887,1145,1542,1882,1143,1506,99,100,0,600,1895
tas2hmmer,484,135,1886,1145,1522,721,5,136642,10931,1886,1145,1548,1879,1143,1504,98,100,0,599,1924
tas2hmmer,484,136,1880,1144,1509,726,5,136636,10930,1887,1145,1560,1880,1144,1500,99,100,0,600,1898
tas2hmmer,484,137,1881,1145,1520,732,5,136629,10930,1881,1145,1543,1875,1143,1507,98,100,0,600,1915
tas2hmmer,484,138,1877,1145,1521,737,5,136621,10929,1881,1145,1534,1877,1144,1504,98,100,0,600,1898
tas2hmmer,484,139,1880,1145,1519,742,5,136616,10929,1880,1145,1544,1877,1143,1503,98,100,0,600,1918
tas2hmmer,484,140,1875,1145,1507,748,5,136607,10928,1881,1146,1529,1875,1144,1500,98,100,0,600,1898
tas2hmmer,484,141,1881,1145,1517,753,6,136613,10929,1881,1146,1540,1875,1144,1501,98,100,0,600,1910
tas2hmmer,484,142,1885,1145,1532,758,6,136601,10928,1885,1146,1556,1881,1144,1506,98,100,0,600,1910
tas2hmmer,484,143,1889,1146,1526,763,6,136600,10928,1889,1146,1549,1883,1144,1505,97,100,0,600,1930
tas2hmmer,484,144,1890,1145,1542,768,6,136600,10928,1891,1147,1551,1887,1145,1504,97,100,0,600,1944
tas2hmmer,484,145,1883,1146,1505,774,6,136596,10927,1893,1147,1551,1883,1145,1502,99,100,0,600,1898
tas2hmmer,484,146,1874,1147,1507,779,6,136587,10926,1883,1147,1527,1874,1145,1502,98,100,0,600,1893
tas2hmmer,484,147,1878,1147,1502,784,6,136582,10926,1880,1148,1549,1874,1146,1497,98,100,0,600,1901
tas2hmmer,484,148,1884,1146,1540,789,6,136578,10926,1884,1147,1551,1875,1145,1500,97,100,0,600,1932
tas2hmmer,484,149,1884,1147,1506,795,6,136577,10926,1890,1147,1557,1884,1145,1502,99,100,0,600,1895
tas2hmmer,484,150,1880,1145,1518,800,6,136581,10926,1884,1147,1539,1880,1145,1502,98,100,0,600,1907
tas2hmmer,484,151,1879,1146,1505,805,6,136567,10925,1883,1147,1537,1879,1145,1500,98,100,0,600,1898
tas2hmmer,484,152,1879,1146,1516,810,6,136570,10925,1879,1147,1525,1875,1145,1501,98,100,0,600,1913
tas2hmmer,484,153,1880,1146,1507,816,6,136557,10924,1883,1147,1546,1879,1145,1500,98,100,0,600,1901
tas2hmmer,484,154,1882,1145,1525,821,6,136553,10924,1882,1147,1546,1876,1145,1504,97,100,0,600,1932
tas2hmmer,484,155,1885,1146,1519,826,6,136559,10924,1885,1147,1549,1882,1145,1509,98,100,0,600,1918
tas2hmmer,484,156,1882,1147,1515,831,6,136546,10923,1885,1147,1531,1879,1144,1502,98,100,0,600,1913
tas2hmmer,484,157,1883,1147,1517,837,6,136542,10923,1883,1147,1555,1878,1145,1502,98,100,0,600,1918
tas2hmmer,484,158,1882,1147,1515,842,6,136537,10923,1884,1147,1550,1878,1145,1504,98,100,0,600,1913
tas2hmmer,484,159,1882,1145,1521,847,6,136533,10922,1882,1147,1538,1879,1144,1502,98,100,0,600,1913
tas2hmmer,484,160,1882,1146,1518,852,6,136529,10922,1883,1147,1552,1879,1145,1504,98,100,0,600,1913
tas2hmmer,484,161,1876,1147,1508,858,6,136530,10922,1882,1147,1532,1876,1145,1500,98,100,0,600,1898
tas2hmmer,484,162,1874,1146,1506,863,6,136515,10921,1876,1147,1533,1874,1144,1501,98,100,0,600,1895
tas2hmmer,484,163,1882,1146,1515,868,6,136512,10920,1882,1147,1550,1873,1145,1503,98,100,0,600,1915
tas2hmmer,484,164,1884,1146,1517,873,6,136510,10920,1884,1147,1545,1882,1145,1502,98,100,0,600,1910
tas2hmmer,484,165,1887,1146,1521,878,7,136517,10921,1887,1147,1546,1883,1144,1509,98,100,0,600,1915
tas2hmmer,484,166,1882,1146,1505,884,7,136505,10920,1887,1147,1544,1882,1145,1500,99,100,0,600,1901
tas2hmmer,484,167,1879,1146,1507,889,7,136509,10920,1883,1146,1540,1879,1144,1504,99,100,0,600,1895
tas2hmmer,484,168,1883,1146,1509,894,7,136499,10919,1887,1146,1552,1878,1144,1502,99,100,0,600,1901
tas2hmmer,484,169,1890,1146,1521,900,7,136500,10920,1890,1146,1558,1882,1144,1506,98,100,0,600,1927
tas2hmmer,484,170,1885,1144,1517,905,7,136505,10920,1890,1146,1545,1884,1144,1505,98,100,0,600,1913
tas2hmmer,484,171,1888,1145,1520,910,7,136498,10919,1888,1146,1559,1885,1143,1510,98,100,0,600,1918
tas2hmmer,484,172,1883,1146,1507,915,7,136503,10920,1888,1146,1544,1883,1145,1500,99,100,0,600,1901
tas2hmmer,484,173,1886,1146,1517,921,7,136494,10919,1887,1147,1551,1882,1144,1506,98,100,0,600,1913
tas2hmmer,484,174,1883,1145,1524,926,7,136490,10919,1886,1146,1554,1880,1143,1502,98,100,0,601,1918
tas2hmmer,484,175,1884,1145,1504,931,7,136489,10919,1888,1146,1549,1883,1144,1499,99,100,0,601,1898
tas2hmmer,484,176,1880,1146,1521,936,7,136485,10918,1884,1146,1547,1879,1143,1502,98,100,0,601,1901
tas2hmmer,484,177,1884,1144,1521,942,7,136491,10919,1884,1146,1542,1880,1143,1503,98,100,0,601,1913
tas2hmmer,484,178,1879,1146,1506,947,7,136479,10918,1885,1146,1544,1878,1143,1503,98,100,0,601,1898
tas2hmmer,484,179,1878,1145,1514,952,7,136475,10918,1881,1146,1535,1878,1144,1503,98,100,0,601,1898
tas2hmmer,484,180,1876,1146,1506,957,7,136469,10917,1879,1146,1544,1875,1144,1503,98,100,0,601,1901
tas2hmmer,484,181,1880,1145,1508,963,7,136474,10917,1881,1146,1545,1875,1144,1504,98,100,0,601,1904
tas2hmmer,484,182,1887,1144,1542,968,7,136466,10917,1887,1146,1561,1879,1143,1508,97,100,0,601,1930
tas2hmmer,484,183,1882,1145,1506,973,7,136463,10917,1889,1146,1547,1882,1144,1503,99,100,0,601,1901
tas2hmmer,484,184,1883,1146,1519,978,7,136460,10916,1885,1147,1546,1880,1144,1503,98,100,0,601,1915
tas2hmmer,484,185,1881,1146,1526,984,7,136465,10917,1884,1147,1549,1881,1144,1504,98,100,0,601,1901
tas2hmmer,484,186,1895,1145,1545,989,7,136461,10916,1895,1146,1553,1881,1144,1508,97,100,0,601,1938
tas2hmmer,484,187,1897,1145,1511,994,7,136466,10917,1904,1146,1549,1895,1143,1510,99,100,0,601,1904
tas2hmmer,484,188,1886,1146,1506,999,7,136463,10917,1897,1146,1540,1886,1143,1503,98,100,0,601,1907
tas2hmmer,484,189,1884,1145,1518,1005,8,136461,10916,1886,1146,1553,1884,1144,1506,98,100,0,601,1910
tas2hmmer,484,190,1883,1145,1524,1010,8,136459,10916,1885,1147,1543,1882,1144,1505,98,100,0,601,1921
tas2hmmer,484,191,1883,1146,1517,1015,8,136463,10917,1883,1147,1550,1879,1145,1501,98,100,0,601,1910
tas2hmmer,484,192,1881,1146,1518,1020,8,136453,10916,1883,1147,1540,1878,1145,1504,98,100,0,601,1913
tas2hmmer,484,193,1879,1146,1507,1026,8,136450,10916,1883,1147,1540,1879,1144,1501,98,100,0,601,1898
tas2hmmer,484,194,1879,1145,1515,1031,8,136447,10915,1883,1147,1557,1878,1143,1504,98,100,0,601,1901
tas2hmmer,484,195,1882,1145,1518,1036,8,136445,10915,1883,1146,1543,1879,1144,1504,98,100,0,601,1913
tas2hmmer,484,196,1884,1146,1531,1041,8,136444,10915,1884,1147,1541,1882,1144,1513,98,100,0,601,1910
tas2hmmer,484,197,1885,1145,1530,1047,8,136442,10915,1885,1147,1545,1884,1145,1501,98,100,0,601,1918
tas2hmmer,484,198,1886,1146,1552,1052,8,136441,10915,1886,1146,1560,1882,1144,1506,97,100,0,601,1927
tas2hmmer,484,199,1891,1146,1517,1057,8,136444,10915,1898,1147,1556,1886,1144,1513,98,100,0,601,1913
tas2hmmer,484,200,1886,1145,1508,1062,8,136442,10915,1891,1146,1550,1886,1144,1507,99,100,0,601,1904
tas2hmmer,484,201,1887,1145,1523,1068,8,136442,10915,1888,1146,1551,1886,1144,1507,98,100,0,601,1915
tas2hmmer,484,202,1881,1146,1522,1073,8,136439,10915,1888,1147,1575,1881,1144,1498,98,100,0,601,1910
tas2hmmer,484,203,1884,1146,1524,1078,8,136437,10914,1884,1147,1549,1879,1144,1504,97,100,0,601,1932
tas2hmmer,484,204,1884,1145,1505,1083,8,136436,10914,1889,1146,1553,1884,1144,1504,98,100,0,601,1910
tas2hmmer,484,205,1882,1146,1512,1089,8,136434,10914,1885,1146,1553,1882,1144,1502,99,100,0,601,1901
tas2hmmer,484,206,1879,1144,1522,1094,8,136436,10914,1882,1146,1530,1876,1142,1502,98,100,0,601,1913
tas2hmmer,484,207,1875,1145,1515,1099,8,136425,10914,1881,1145,1543,1875,1143,1505,98,100,0,601,1901
tas2hmmer,484,208,1879,1145,1508,1104,8,136422,10913,1881,1145,1548,1874,1143,1506,99,100,0,601,1895
tas2hmmer,484,209,1885,1145,1520,1110,8,136422,10913,1885,1147,1556,1877,1145,1505,98,100,0,601,1913
tas2hmmer,484,210,1882,1145,1523,1115,8,136419,10913,1885,1146,1556,1878,1144,1503,98,100,0,601,1913
tas2hmmer,484,211,1880,1145,1519,1120,8,136416,10913,1884,1146,1551,1880,1144,1505,99,100,0,601,1898
tas2hmmer,484,212,1880,1145,1518,1125,9,136412,10913,1880,1147,1537,1877,1144,1502,98,100,0,601,1910
tas2hmmer,484,213,1884,1145,1520,1131,9,136411,10912,1884,1146,1558,1879,1144,1502,98,100,0,601,1913
tas2hmmer,484,214,1886,1146,1533,1136,9,136411,10912,1886,1146,1547,1884,1144,1508,98,100,0,601,1915
tas2hmmer,484,215,1887,1146,1518,1141,9,136410,10912,1887,1147,1549,1885,1144,1512,98,100,0,600,1918
tas2hmmer,484,216,1882,1146,1518,1146,9,136413,10913,1887,1146,1540,1880,1144,1503,98,100,0,600,1913
tas2hmmer,484,217,1883,1145,1518,1152,9,136412,10913,1887,1146,1551,1882,1144,1505,98,100,0,601,1904
tas2hmmer,484,218,1881,1145,1506,1157,9,136404,10912,1887,1147,1546,1881,1143,1503,99,100,0,601,1898
tas2hmmer,484,219,1880,1145,1519,1162,9,136401,10912,1881,1146,1538,1877,1144,1503,98,100,0,600,1913
tas2hmmer,484,220,1883,1146,1518,1167,9,136399,10911,1883,1147,1542,1879,1144,1501,98,100,0,600,1910
tas2hmmer,484,221,1885,1146,1526,1172,9,136399,10911,1885,1147,1538,1883,1143,1510,98,100,0,600,1915
tas2hmmer,484,222,1882,1146,1507,1178,9,136397,10911,1886,1147,1537,1882,1144,1503,99,100,0,600,1898
tas2hmmer,484,223,1879,1145,1510,1183,9,136394,10911,1883,1147,1534,1879,1144,1504,98,100,0,601,1904
tas2hmmer,484,224,1885,1146,1517,1188,9,136400,10912,1885,1146,1547,1879,1143,1505,98,100,0,600,1913
tas2hmmer,484,225,1886,1144,1519,1194,9,136398,10911,1886,1146,1554,1880,1143,1504,98,100,0,600,1924
tas2hmmer,484,226,1883,1146,1517,1199,9,136390,10911,1886,1146,1537,1881,1143,1502,98,100,0,600,1913
tas2hmmer,484,227,1886,1144,1523,1204,9,136395,10911,1886,1147,1551,1883,1144,1508,98,100,0,601,1910
tas2hmmer,484,228,1878,1145,1514,1209,9,136392,10911,1886,1146,1539,1878,1143,1504,98,100,0,601,1898
tas2hmmer,484,229,1885,1145,1517,1214,9,136385,10910,1885,1146,1544,1877,1144,1507,98,100,0,601,1915
tas2hmmer,484,230,1885,1144,1522,1220,9,136385,10910,1886,1146,1542,1883,1142,1502,98,100,0,600,1915
tas2hmmer,484,231,1884,1143,1523,1225,9,136389,10911,1885,1146,1546,1882,1143,1505,98,100,0,600,1915
tas2hmmer,484,232,1883,1144,1510,1230,9,136382,10910,1888,1145,1602,1883,1142,1503,99,100,0,600,1901
tas2hmmer,484,233,1888,1145,1511,1236,9,136382,10910,1888,1147,1557,1881,1143,1506,98,100,0,600,1910
tas2hmmer,484,234,1878,1144,1507,1241,9,136379,10910,1888,1145,1524,1878,1143,1505,99,100,0,599,1893
tas2hmmer,484,235,1880,1144,1517,1246,9,136377,10910,1880,1145,1542,1877,1143,1506,98,100,0,600,1910
tas2hmmer,484,236,1880,1143,1521,1251,10,136375,10910,1881,1145,1526,1880,1143,1511,98,100,0,600,1910
tas2hmmer,484,237,1881,1143,1518,1257,10,136373,10909,1881,1145,1537,1880,1143,1512,98,100,0,600,1910
tas2hmmer,484,238,1878,1143,1519,1262,10,136369,10909,1881,1144,1523,1875,1142,1504,98,100,0,601,1910
tas2hmmer,484,239,1879,1143,1523,1267,10,136372,10909,1879,1145,1532,1878,1142,1511,98,100,0,601,1907
tas2hmmer,484,240,1880,1143,1529,1272,10,136364,10909,1880,1145,1529,1879,1141,1513,98,100,0,601,1910
tas2hmmer,484,241,1876,1143,1508,1277,10,136361,10908,1881,1145,1529,1876,1143,1506,98,100,0,601,1895
tas2hmmer,484,242,1879,1143,1519,1283,10,136359,10908,1879,1144,1524,1875,1142,1507,98,100,0,601,1910
tas2hmmer,484,243,1880,1144,1519,1288,10,136357,10908,1880,1144,1522,1879,1142,1513,98,100,0,601,1910
tas2hmmer,484,244,1881,1143,1519,1293,10,136355,10908,1881,1144,1522,1880,1142,1513,98,100,0,601,1910
tas2hmmer,484,245,1877,1144,1518,1298,10,136351,10908,1881,1144,1522,1875,1142,1507,98,100,0,601,1907
tas2hmmer,484,246,1879,1145,1517,1304,10,136349,10907,1879,1145,1521,1877,1143,1510,98,100,0,601,1907
tas2hmmer,484,247,1877,1145,1517,1309,10,136346,10907,1879,1145,1520,1874,1143,1505,98,100,0,601,1907
tas2hmmer,484,248,1875,1144,1508,1314,10,136342,10907,1878,1145,1519,1875,1143,1505,98,100,0,600,1895
tas2hmmer,484,249,1878,1145,1517,1319,10,136340,10907,1878,1146,1520,1874,1143,1505,98,100,0,600,1910
tas2hmmer,484,250,1880,1144,1517,1325,10,136338,10907,1880,1146,1520,1878,1144,1511,98,100,0,600,1910
tas2hmmer,484,251,1877,1145,1516,1330,10,136335,10906,1880,1146,1519,1874,1143,1502,98,100,0,600,1907
tas2hmmer,484,252,1879,1142,1520,1335,10,136333,10906,1879,1145,1521,1877,1142,1511,98,100,0,600,1910
tas2hmmer,484,253,1880,1143,1519,1340,10,136331,10906,1880,1144,1521,1879,1142,1510,98,100,0,600,1907
tas2hmmer,484,254,1880,1145,1515,1346,10,136328,10906,1880,1146,1521,1879,1143,1510,98,100,0,600,1910
tas2hmmer,484,255,1876,1145,1514,1351,10,136325,10906,1880,1146,1518,1874,1144,1503,98,100,0,600,1907
tas2hmmer,484,256,1875,1144,1505,1356,10,136321,10905,1878,1146,1519,1875,1143,1504,98,100,0,600,1895
tas2hmmer,484,257,1874,1145,1505,1361,10,136323,10905,1876,1146,1520,1873,1143,1504,98,100,0,600,1895
tas2hmmer,484,258,1873,1145,1504,1367,10,136315,10905,1876,1146,1518,1873,1144,1503,98,100,0,600,1893
tas2hmmer,484,259,1873,1145,1508,1372,10,136310,10904,1873,1146,1519,1870,1144,1504,98,100,0,600,1898
tas2hmmer,484,260,1874,1145,1516,1377,11,136307,10904,1874,1146,1518,1870,1144,1504,98,100,0,600,1910
tas2hmmer,484,261,1879,1145,1517,1382,11,136305,10904,1879,1146,1520,1874,1143,1509,98,100,0,600,1907
tas2hmmer,484,262,1880,1144,1517,1387,11,136309,10904,1881,1146,1532,1879,1143,1511,98,100,0,600,1910
tas2hmmer,484,263,1881,1143,1519,1392,11,136302,10904,1881,1145,1530,1880,1142,1511,98,100,0,600,1910
tas2hmmer,484,264,1881,1143,1519,1398,11,136301,10904,1882,1145,1522,1881,1142,1515,98,100,0,600,1910
tas2hmmer,484,265,1882,1144,1519,1403,11,136299,10903,1882,1145,1534,1881,1142,1513,98,100,0,600,1913
tas2hmmer,484,266,1878,1144,1518,1408,11,136297,10903,1882,1145,1520,1876,1143,1503,98,100,0,600,1910
tas2hmmer,484,267,1880,1145,1518,1414,11,136295,10903,1880,1145,1521,1878,1143,1511,98,100,0,600,1910
tas2hmmer,484,268,1877,1144,1508,1419,11,136292,10903,1881,1145,1521,1877,1142,1507,99,100,0,600,1895
tas2hmmer,484,269,1875,1143,1509,1424,11,136290,10903,1878,1144,1521,1875,1142,1507,98,100,0,600,1895
tas2hmmer,484,270,1879,1143,1521,1429,11,136288,10903,1879,1144,1524,1874,1142,1508,98,100,0,600,1913
tas2hmmer,484,271,1876,1144,1507,1435,11,136286,10902,1881,1144,1522,1876,1141,1506,98,100,0,600,1895
tas2hmmer,484,272,1876,1143,1519,1440,11,136282,10902,1876,1144,1522,1872,1142,1507,98,100,0,600,1910
tas2hmmer,484,273,1876,1144,1518,1445,11,136280,10902,1877,1144,1523,1873,1140,1508,98,100,0,600,1910
tas2hmmer,484,274,1877,1143,1520,1450,11,136277,10902,1877,1145,1523,1874,1142,1505,98,100,0,599,1910
tas2hmmer,484,275,1877,1142,1521,1455,11,136274,10901,1878,1144,1522,1874,1141,1507,98,100,0,600,1913
tas2hmmer,484,276,1877,1142,1510,1461,11,136272,10901,1880,1144,1522,1877,1142,1508,98,100,0,599,1898
tas2hmmer,484,277,1875,1143,1510,1466,11,136269,10901,1878,1144,1523,1875,1141,1508,98,100,0,600,1898
tas2hmmer,484,278,1876,1142,1513,1471,11,136267,10901,1878,1144,1528,1875,1141,1508,98,100,0,600,1901
tas2hmmer,484,279,1877,1143,1509,1476,11,136265,10901,1880,1144,1523,1876,1142,1509,98,100,0,600,1898
tas2hmmer,484,280,1877,1144,1509,1482,11,136263,10901,1880,1144,1524,1876,1142,1508,98,100,0,600,1898
tas2hmmer,484,281,1877,1144,1508,1487,11,136261,10900,1880,1145,1522,1876,1143,1508,98,100,0,600,1898
tas2hmmer,484,282,1882,1144,1522,1492,11,136265,10901,1882,1144,1525,1876,1142,1508,98,100,0,600,1913
tas2hmmer,484,283,1880,1144,1521,1497,11,136258,10900,1882,1144,1523,1877,1142,1508,98,100,0,600,1913
tas2hmmer,484,284,1873,1143,1508,1503,12,136254,10900,1881,1144,1521,1873,1142,1505,98,100,0,599,1895
tas2hmmer,484,285,1874,1142,1511,1508,12,136252,10900,1877,1144,1522,1873,1141,1507,98,100,0,600,1895
tas2hmmer,484,286,1875,1141,1523,1513,12,136249,10899,1875,1144,1524,1871,1140,1507,98,100,0,600,1910
tas2hmmer,484,287,1875,1141,1511,1518,12,136246,10899,1878,1143,1524,1875,1140,1508,98,100,0,600,1898
tas2hmmer,484,288,1875,1143,1509,1523,12,136244,10899,1878,1144,1524,1875,1141,1509,98,100,0,600,1895
tas2hmmer,484,289,1879,1142,1520,1529,12,136243,10899,1879,1143,1525,1874,1141,1509,98,100,0,600,1913
tas2hmmer,484,290,1878,1142,1523,1534,12,136241,10899,1880,1143,1524,1875,1141,1508,98,100,0,600,1913
tas2hmmer,484,291,1882,1143,1523,1539,12,136240,10899,1882,1143,1524,1878,1141,1515,98,100,0,600,1913
tas2hmmer,484,292,1879,1143,1521,1544,12,136238,10899,1882,1144,1533,1877,1141,1509,98,100,0,600,1910
tas2hmmer,484,293,1878,1143,1521,1550,12,136235,10898,1880,1144,1522,1875,1142,1508,98,100,0,601,1910
tas2hmmer,484,294,1875,1143,1508,1555,12,136233,10898,1879,1144,1533,1875,1142,1508,98,100,0,601,1895
tas2hmmer,484,295,1880,1142,1521,1560,12,136232,10898,1880,1144,1537,1874,1141,1507,98,100,0,601,1910
tas2hmmer,484,296,1881,1142,1521,1565,12,136235,10898,1881,1144,1530,1880,1142,1515,98,100,0,601,1910
tas2hmmer,484,297,1881,1143,1522,1570,12,136230,10898,1881,1143,1524,1880,1140,1514,98,100,0,601,1910
tas2hmmer,484,298,1877,1142,1510,1576,12,136228,10898,1881,1143,1567,1877,1140,1502,98,100,0,601,1898
tas2hmmer,484,299,1876,1143,1511,1581,12,136225,10898,1879,1143,1524,1876,1142,1509,98,100,0,601,1895
tas2hmmer,484,300,1880,1143,1521,1586,12,136224,10897,1880,1144,1538,1875,1142,1509,98,100,0,601,1910
tas2hmmer,484,301,1878,1143,1521,1591,12,136222,10897,1880,1144,1527,1875,1142,1504,98,100,0,601,1910
tas2hmmer,484,302,1881,1143,1520,1597,12,136221,10897,1881,1144,1529,1878,1141,1514,98,100,0,600,1910
tas2hmmer,484,303,1882,1143,1523,1602,12,136221,10897,1882,1144,1528,1881,1142,1515,98,100,0,600,1913
tas2hmmer,484,304,1879,1142,1522,1607,12,136218,10897,1882,1143,1524,1877,1141,1509,98,100,0,600,1910
tas2hmmer,484,305,1873,1144,1509,1613,12,136215,10897,1879,1144,1523,1873,1141,1508,98,100,0,600,1898
tas2hmmer,484,306,1876,1144,1520,1618,12,136213,10897,1876,1144,1522,1871,1142,1508,98,100,0,599,1910
tas2hmmer,484,307,1881,1143,1520,1623,12,136212,10897,1881,1144,1523,1876,1142,1514,98,100,0,600,1913
tas2hmmer,484,308,1879,1141,1523,1628,13,136215,10897,1881,1144,1525,1877,1141,1507,98,100,0,600,1913
tas2hmmer,484,309,1877,1143,1510,1633,13,136213,10897,1881,1143,1524,1877,1141,1509,98,100,0,600,1898
tas2hmmer,484,310,1881,1143,1522,1639,13,136208,10896,1881,1143,1525,1876,1140,1510,98,100,0,599,1913
tas2hmmer,484,311,1883,1142,1523,1644,13,136207,10896,1883,1143,1525,1881,1141,1516,98,100,0,600,1910
tas2hmmer,484,312,1875,1141,1512,1649,13,136204,10896,1883,1143,1523,1875,1140,1510,98,100,0,600,1898
tas2hmmer,484,313,1881,1141,1524,1654,13,136208,10896,1881,1143,1525,1874,1141,1510,98,100,0,599,1913
tas2hmmer,484,314,1877,1142,1510,1660,13,136202,10896,1882,1144,1525,1877,1141,1508,98,100,0,600,1898
tas2hmmer,484,315,1881,1143,1520,1665,13,136205,10896,1881,1144,1525,1876,1142,1509,98,100,0,599,1913
tas2hmmer,484,316,1883,1143,1521,1670,13,136201,10896,1883,1144,1524,1881,1142,1514,98,100,0,600,1910
tas2hmmer,484,317,1879,1144,1509,1675,13,136199,10895,1883,1145,1524,1879,1142,1507,98,100,0,600,1898
tas2hmmer,484,318,1882,1144,1521,1680,13,136199,10895,1882,1145,1522,1878,1143,1508,98,100,0,600,1913
tas2hmmer,484,319,1880,1144,1520,1686,13,136197,10895,1882,1144,1523,1877,1142,1508,98,100,0,600,1913
tas2hmmer,484,320,1883,1144,1520,1691,13,136197,10895,1883,1145,1522,1880,1143,1514,98,100,0,600,1913
tas2hmmer,484,321,1880,1143,1520,1696,13,136195,10895,1883,1144,1522,1877,1142,1508,98,100,0,600,1913
tas2hmmer,484,322,1879,1144,1520,1701,13,136193,10895,1880,1144,1533,1876,1142,1508,98,100,0,600,1913
tas2hmmer,484,323,1877,1145,1508,1707,13,136192,10895,1881,1145,1523,1877,1142,1506,98,100,0,600,1898
tas2hmmer,484,324,1881,1144,1519,1712,13,136195,10895,1881,1145,1521,1877,1143,1507,98,100,0,600,1910
tas2hmmer,484,325,1878,1144,1509,1717,13,136190,10895,1883,1145,1537,1878,1143,1507,98,100,0,599,1898
tas2hmmer,484,326,1881,1144,1519,1723,13,136189,10895,1881,1145,1530,1877,1142,1507,98,100,0,600,1910
tas2hmmer,484,327,1877,1145,1506,1728,13,136187,10895,1882,1145,1521,1877,1143,1506,99,100,0,600,1895
tas2hmmer,484,328,1877,1144,1519,1733,13,136185,10894,1877,1146,1520,1874,1143,1505,98,100,0,600,1913
tas2hmmer,484,329,1880,1145,1517,1738,13,136184,10894,1880,1146,1520,1877,1143,1512,98,100,0,600,1910
tas2hmmer,484,330,1881,1145,1517,1743,13,136183,10894,1881,1146,1519,1880,1144,1510,98,100,0,600,1910
tas2hmmer,484,331,1876,1144,1506,1749,13,136186,10894,1881,1145,1520,1876,1143,1506,98,100,0,600,1898
tas2hmmer,484,332,1874,1145,1506,1754,14,136179,10894,1878,1146,1522,1874,1143,1505,98,100,0,601,1898
tas2hmmer,484,333,1874,1145,1506,1759,14,136181,10894,1877,1146,1519,1874,1144,1505,98,100,0,600,1895
tas2hmmer,484,334,1878,1145,1518,1764,14,136180,10894,1878,1146,1520,1873,1144,1505,98,100,0,601,1913
tas2hmmer,484,335,1880,1145,1517,1770,14,136175,10894,1880,1145,1520,1878,1144,1511,98,100,0,601,1907
tas2hmmer,484,336,1877,1145,1519,1775,14,136173,10893,1880,1146,1520,1875,1143,1505,98,100,0,601,1910
tas2hmmer,484,337,1875,1145,1506,1780,14,136171,10893,1879,1146,1520,1875,1144,1504,99,100,0,601,1893
tas2hmmer,484,338,1879,1144,1519,1785,14,136171,10893,1879,1145,1523,1874,1142,1506,98,100,0,601,1913
tas2hmmer,484,339,1876,1144,1508,1791,14,136169,10893,1881,1145,1524,1876,1142,1507,99,100,0,601,1893
tas2hmmer,484,340,1875,1144,1508,1796,14,136167,10893,1878,1145,1522,1875,1143,1507,98,100,0,601,1898
tas2hmmer,484,341,1874,1144,1507,1801,14,136165,10893,1878,1145,1521,1874,1143,1506,98,100,0,601,1895
tas2hmmer,484,342,1874,1145,1507,1806,14,136167,10893,1877,1146,1522,1874,1143,1505,98,100,0,601,1893
tas2hmmer,484,343,1874,1145,1507,1811,14,136161,10892,1877,1146,1519,1874,1144,1505,98,100,0,600,1895
tas2hmmer,484,344,1880,1145,1517,1817,14,136164,10893,1880,1146,1525,1873,1145,1505,98,100,0,600,1910
tas2hmmer,484,345,1878,1146,1517,1822,14,136163,10893,1880,1147,1520,1875,1144,1504,98,100,0,600,1910
tas2hmmer,484,346,1872,1145,1507,1827,14,136160,10892,1879,1147,1518,1872,1144,1505,98,100,0,600,1895
tas2hmmer,484,347,1874,1146,1506,1832,14,136154,10892,1877,1146,1520,1872,1144,1505,98,100,0,601,1895
tas2hmmer,484,348,1879,1145,1518,1838,14,136153,10892,1879,1146,1522,1874,1144,1506,98,100,0,601,1913
tas2hmmer,484,349,1878,1146,1518,1843,14,136152,10892,1879,1146,1520,1875,1145,1505,98,100,0,601,1913
tas2hmmer,484,350,1880,1145,1518,1848,14,136151,10892,1881,1146,1526,1878,1143,1511,98,100,0,600,1910
tas2hmmer,484,351,1878,1146,1516,1853,14,136149,10891,1880,1146,1520,1875,1143,1505,98,100,0,600,1910
tas2hmmer,484,352,1880,1145,1518,1858,14,136149,10891,1880,1146,1537,1878,1144,1508,98,100,0,600,1910
tas2hmmer,484,353,1881,1145,1518,1864,14,136148,10891,1882,1146,1522,1880,1143,1512,98,100,0,600,1910
tas2hmmer,484,354,1877,1144,1509,1869,14,136147,10891,1882,1146,1520,1877,1143,1507,99,100,0,600,1895
tas2hmmer,484,355,1881,1144,1521,1874,14,136146,10891,1881,1145,1535,1877,1143,1508,98,100,0,601,1910
tas2hmmer,484,356,1878,1144,1510,1879,15,136149,10891,1882,1144,1529,1878,1142,1508,98,100,0,600,1898
tas2hmmer,484,357,1880,1144,1520,1885,15,136144,10891,1880,1145,1523,1877,1141,1509,98,100,0,600,1913
tas2hmmer,484,358,1881,1143,1521,1890,15,136144,10891,1882,1144,1523,1880,1142,1514,98,100,0,600,1913
tas2hmmer,484,359,1877,1144,1509,1895,15,136142,10891,1882,1145,1524,1877,1142,1507,98,100,0,600,1898
tas2hmmer,484,360,1876,1144,1520,1901,15,136140,10891,1877,1145,1523,1873,1142,1508,98,100,0,600,1913
tas2hmmer,484,361,1877,1143,1522,1906,15,136139,10891,1877,1145,1523,1874,1141,1507,98,100,0,601,1910
tas2hmmer,484,362,1881,1143,1521,1911,15,136138,10891,1881,1144,1525,1877,1140,1519,98,100,0,601,1910
tas2hmmer,484,363,1881,1143,1521,1916,15,136138,10891,1881,1144,1523,1881,1142,1515,98,100,0,601,1910
tas2hmmer,484,364,1879,1143,1521,1921,15,136136,10890,1881,1144,1557,1876,1141,1503,98,100,0,601,1913
tas2hmmer,484,365,1881,1144,1520,1927,15,136136,10890,1881,1144,1537,1879,1142,1514,98,100,0,601,1910
tas2hmmer,484,366,1882,1143,1521,1932,15,136135,10890,1882,1144,1532,1881,1142,1513,98,100,0,601,1910
tas2hmmer,484,367,1882,1144,1520,1937,15,136135,10890,1882,1144,1534,1881,1142,1515,98,100,0,601,1910
tas2hmmer,484,368,1879,1144,1520,1942,15,136133,10890,1882,1144,1523,1877,1143,1508,98,100,0,601,1913
tas2hmmer,484,369,1878,1143,1518,1948,15,136132,10890,1879,1145,1522,1875,1143,1504,98,100,0,601,1910
tas2hmmer,484,370,1881,1145,1520,1953,15,136131,10890,1881,1145,1524,1878,1142,1513,98,100,0,601,1913
tas2hmmer,484,371,1878,1144,1509,1958,15,136130,10890,1882,1145,1524,1878,1143,1508,99,100,0,601,1895
tas2hmmer,484,372,1881,1144,1519,1963,15,136130,10890,1881,1145,1524,1877,1143,1508,98,100,0,601,1913
tas2hmmer,484,373,1878,1145,1509,1969,15,136128,10890,1882,1145,1525,1878,1141,1507,98,100,0,601,1898
tas2hmmer,484,374,1881,1145,1519,1974,15,136128,10890,1881,1146,1522,1877,1144,1506,98,100,0,600,1910
tas2hmmer,484,375,1882,1144,1520,1979,15,136127,10890,1882,1145,1521,1881,1143,1513,98,100,0,600,1910
tas2hmmer,484,376,1883,1144,1521,1984,15,136127,10890,1883,1145,1523,1882,1142,1514,98,100,0,600,1913
tas2hmmer,484,377,1883,1143,1522,1989,15,136131,10890,1883,1144,1523,1883,1142,1515,98,100,0,600,1913
tas2hmmer,484,378,1883,1145,1519,1995,15,136130,10890,1883,1146,1522,1883,1143,1514,98,100,0,600,1910
tas2hmmer,484,379,1879,1145,1519,2000,16,136125,10890,1883,1146,1520,1877,1144,1505,98,100,0,600,1913
tas2hmmer,484,380,1877,1146,1516,2005,16,136124,10889,1879,1146,1521,1875,1144,1505,98,100,0,600,1913
tas2hmmer,484,381,1877,1146,1517,2011,16,136122,10889,1878,1146,1520,1874,1144,1505,98,100,0,600,1910
tas2hmmer,484,382,1880,1145,1517,2016,16,136125,10890,1880,1146,1532,1877,1144,1512,98,100,0,600,1910
tas2hmmer,484,383,1881,1144,1536,2021,16,136121,10889,1882,1146,1537,1880,1144,1513,98,100,0,600,1910
tas2hmmer,484,384,1883,1145,1521,2026,16,136121,10889,1883,1145,1536,1881,1143,1513,98,100,0,599,1913
tas2hmmer,484,385,1884,1143,1522,2031,16,136121,10889,1884,1145,1536,1883,1142,1514,98,100,0,599,1913
tas2hmmer,484,386,1879,1145,1507,2037,16,136120,10889,1884,1146,1529,1879,1142,1506,99,100,0,600,1895
tas2hmmer,484,387,1876,1143,1509,2042,16,136119,10889,1879,1146,1521,1876,1143,1505,98,100,0,600,1898
tas2hmmer,484,388,1880,1143,1521,2047,16,136121,10889,1880,1145,1524,1875,1142,1509,98,100,0,600,1910
tas2hmmer,484,389,1877,1146,1507,2052,16,136117,10889,1881,1146,1521,1877,1143,1505,99,100,0,600,1895
tas2hmmer,484,390,1876,1145,1517,2058,16,136115,10889,1877,1146,1522,1872,1143,1506,98,100,0,601,1910
tas2hmmer,484,391,1877,1146,1517,2063,16,136114,10889,1878,1147,1521,1875,1144,1506,98,100,0,601,1913
tas2hmmer,484,392,1877,1145,1507,2068,16,136113,10889,1880,1147,1519,1877,1145,1505,98,100,0,601,1898
tas2hmmer,484,393,1880,1145,1518,2073,16,136112,10889,1880,1146,1526,1876,1143,1507,98,100,0,601,1910
tas2hmmer,484,394,1882,1145,1518,2079,16,136112,10888,1882,1146,1525,1880,1144,1512,98,100,0,601,1913
tas2hmmer,484,395,1882,1145,1517,2084,16,136115,10889,1882,1147,1519,1881,1145,1511,98,100,0,601,1913
tas2hmmer,484,396,1879,1146,1517,2089,16,136110,10888,1882,1147,1520,1877,1145,1504,98,100,0,601,1913
tas2hmmer,484,397,1878,1147,1517,2094,16,136109,10888,1879,1147,1519,1875,1145,1505,98,100,0,601,1913
tas2hmmer,484,398,1882,1146,1517,2099,16,136109,10888,1882,1147,1521,1878,1144,1513,98,100,0,601,1910
tas2hmmer,484,399,1878,1146,1507,2105,16,136108,10888,1882,1146,1521,1878,1143,1506,98,100,0,600,1898
tas2hmmer,484,400,1881,1146,1518,2110,16,136107,10888,1881,1146,1521,1877,1144,1506,98,100,0,600,1910
tas2hmmer,484,401,1882,1145,1518,2115,16,136107,10888,1882,1147,1522,1881,1144,1512,98,100,0,600,1913
tas2hmmer,484,402,1883,1144,1519,2121,16,136110,10888,1883,1146,1521,1882,1144,1517,98,100,0,600,1913
tas2hmmer,484,403,1883,1145,1518,2126,17,136107,10888,1883,1146,1525,1882,1144,1513,98,100,0,600,1910
tas2hmmer,484,404,1873,1145,1507,2131,17,136104,10888,1883,1146,1519,1873,1143,1504,98,100,0,600,1895
tas2hmmer,484,405,1878,1145,1517,2136,17,136104,10888,1878,1146,1520,1872,1143,1506,98,100,0,600,1907
tas2hmmer,484,406,1877,1145,1518,2141,17,136102,10888,1879,1146,1519,1874,1144,1505,98,100,0,600,1910
tas2hmmer,484,407,1880,1145,1517,2147,17,136101,10888,1880,1146,1520,1877,1144,1511,98,100,0,600,1907
tas2hmmer,484,408,1877,1145,1518,2152,17,136100,10888,1880,1146,1521,1874,1143,1506,98,100,0,601,1910
tas2hmmer,484,409,1876,1145,1506,2157,17,136099,10887,1879,1146,1521,1876,1143,1505,98,100,0,600,1895
tas2hmmer,484,410,1874,1145,1507,2162,17,136097,10887,1878,1146,1522,1874,1143,1505,98,100,0,601,1895
tas2hmmer,484,411,1875,1146,1517,2168,17,136095,10887,1875,1146,1519,1871,1144,1505,98,100,0,600,1910
tas2hmmer,484,412,1876,1146,1515,2173,17,136094,10887,1876,1147,1519,1873,1145,1502,98,100,0,600,1910
tas2hmmer,484,413,1880,1145,1516,2178,17,136097,10887,1880,1147,1519,1876,1144,1509,98,100,0,600,1910
tas2hmmer,484,414,1877,1145,1525,2183,17,136092,10887,1880,1147,1525,1875,1145,1504,98,100,0,600,1910
tas2hmmer,484,415,1877,1145,1507,2189,17,136091,10887,1881,1146,1533,1877,1144,1505,99,100,0,600,1895
tas2hmmer,484,416,1880,1146,1517,2194,17,136091,10887,1880,1146,1527,1876,1144,1506,98,100,0,600,1910
tas2hmmer,484,417,1881,1145,1518,2199,17,136090,10887,1881,1146,1519,1880,1144,1511,98,100,0,600,1913
tas2hmmer,484,418,1878,1145,1507,2204,17,136089,10887,1882,1146,1520,1878,1144,1506,98,100,0,600,1898
tas2hmmer,484,419,1876,1145,1507,2209,17,136088,10887,1879,1146,1522,1876,1144,1505,98,100,0,600,1895
tas2hmmer,484,420,1879,1144,1518,2215,17,136088,10887,1879,1146,1519,1875,1144,1505,98,100,0,600,1910
tas2hmmer,484,421,1878,1144,1518,2220,17,136086,10886,1880,1146,1521,1875,1143,1506,98,100,0,600,1913
tas2hmmer,484,422,1877,1146,1507,2225,17,136085,10886,1881,1146,1521,1877,1143,1506,98,100,0,600,1898
tas2hmmer,484,423,1881,1145,1520,2230,17,136088,10887,1881,1146,1521,1876,1144,1506,98,100,0,599,1910
tas2hmmer,484,424,1883,1145,1519,2236,17,136085,10886,1883,1146,1521,1881,1143,1513,98,100,0,600,1910
tas2hmmer,484,425,1879,1144,1509,2241,17,136084,10886,1883,1145,1521,1879,1143,1508,98,100,0,600,1898
tas2hmmer,484,426,1877,1143,1510,2246,17,136083,10886,1880,1145,1524,1877,1142,1507,98,100,0,600,1898
tas2hmmer,484,427,1876,1144,1509,2251,18,136085,10886,1879,1144,1523,1875,1142,1508,98,100,0,600,1895
tas2hmmer,484,428,1877,1144,1521,2257,18,136080,10886,1877,1145,1525,1873,1142,1507,98,100,0,600,1913
tas2hmmer,484,429,1879,1144,1522,2262,18,136080,10886,1879,1145,1524,1876,1142,1508,98,100,0,600,1913
tas2hmmer,484,430,1883,1144,1520,2267,18,136080,10886,1883,1145,1572,1879,1142,1514,98,100,0,600,1913
tas2hmmer,484,431,1884,1144,1519,2272,18,136080,10886,1884,1145,1524,1883,1142,1517,98,100,0,600,1910
tas2hmmer,484,432,1884,1144,1520,2278,18,136080,10886,1884,1145,1522,1883,1142,1516,98,100,0,600,1913
tas2hmmer,484,433,1874,1144,1508,2283,18,136081,10886,1884,1145,1525,1874,1141,1505,98,100,0,600,1895
tas2hmmer,484,434,1879,1143,1520,2288,18,136078,10886,1879,1144,1536,1873,1142,1508,98,100,0,600,1910
tas2hmmer,484,435,1877,1146,1505,2293,18,136077,10886,1881,1146,1522,1877,1142,1505,99,100,0,600,1895
tas2hmmer,484,436,1876,1146,1506,2299,18,136075,10886,1879,1147,1521,1875,1145,1504,98,100,0,600,1898
tas2hmmer,484,437,1875,1146,1505,2304,18,136074,10885,1879,1147,1521,1875,1144,1504,98,100,0,601,1898
tas2hmmer,484,438,1875,1145,1507,2309,18,136076,10886,1878,1146,1521,1875,1143,1505,98,100,0,601,1895
tas2hmmer,484,439,1875,1146,1516,2314,18,136074,10885,1875,1147,1518,1871,1145,1504,98,100,0,600,1910
tas2hmmer,484,440,1877,1146,1518,2319,18,136070,10885,1877,1147,1519,1874,1145,1503,98,100,0,600,1913
tas2hmmer,484,441,1877,1144,1520,2325,18,136069,10885,1878,1147,1521,1874,1143,1505,98,100,0,600,1910
tas2hmmer,484,442,1877,1142,1511,2330,18,136068,10885,1881,1145,1533,1877,1142,1506,98,100,0,600,1901
tas2hmmer,484,443,1881,1143,1521,2335,18,136068,10885,1881,1145,1529,1876,1141,1511,98,100,0,600,1915
tas2hmmer,484,444,1879,1143,1521,2340,18,136067,10885,1881,1145,1523,1876,1142,1508,98,100,0,600,1913
tas2hmmer,484,445,1878,1146,1518,2346,18,136066,10885,1880,1146,1523,1875,1142,1503,98,100,0,600,1910
tas2hmmer,484,446,1877,1145,1508,2351,18,136065,10885,1881,1146,1531,1877,1143,1506,98,100,0,600,1898
tas2hmmer,484,447,1880,1145,1518,2356,18,136064,10885,1880,1146,1521,1875,1143,1506,98,100,0,600,1910
tas2hmmer,484,448,1877,1145,1508,2361,18,136063,10885,1881,1145,1520,1877,1144,1507,98,100,0,600,1898
tas2hmmer,484,449,1876,1144,1509,2367,18,136062,10885,1879,1145,1523,1876,1142,1507,98,100,0,600,1898
tas2hmmer,484,450,1879,1144,1520,2372,18,136062,10884,1879,1145,1523,1875,1142,1507,98,100,0,600,1913
tas2hmmer,484,451,1878,1143,1521,2377,19,136061,10884,1880,1144,1523,1875,1142,1509,98,100,0,600,1913
tas2hmmer,484,452,1877,1144,1518,2382,19,136063,10885,1879,1145,1523,1874,1142,1505,98,100,0,600,1910
tas2hmmer,484,453,1880,1142,1520,2387,19,136062,10885,1880,1145,1523,1877,1142,1514,98,100,0,600,1910
tas2hmmer,484,454,1881,1144,1519,2393,19,136059,10884,1881,1145,1522,1880,1142,1515,98,100,0,600,1913
tas2hmmer,484,455,1881,1144,1520,2398,19,136059,10884,1882,1145,1522,1881,1143,1513,98,100,0,600,1910
tas2hmmer,484,456,1878,1143,1509,2403,19,136061,10884,1882,1144,1524,1878,1141,1509,98,100,0,600,1898
tas2hmmer,484,457,1876,1143,1511,2408,19,136057,10884,1879,1144,1523,1876,1141,1508,98,100,0,600,1895
tas2hmmer,484,458,1881,1142,1522,2414,19,136057,10884,1881,1144,1525,1875,1141,1509,98,100,0,600,1913
tas2hmmer,484,459,1879,1143,1520,2419,19,136056,10884,1881,1144,1524,1876,1141,1509,98,100,0,600,1913
tas2hmmer,484,460,1878,1144,1520,2424,19,136055,10884,1879,1145,1523,1875,1142,1508,98,100,0,600,1910
tas2hmmer,484,461,1877,1144,1510,2429,19,136054,10884,1881,1145,1524,1877,1142,1508,98,100,0,600,1898
tas2hmmer,484,462,1880,1145,1519,2435,19,136054,10884,1880,1145,1522,1875,1142,1508,98,100,0,600,1910
tas2hmmer,484,463,1882,1145,1518,2440,19,136053,10884,1882,1146,1521,1880,1143,1512,98,100,0,600,1913
tas2hmmer,484,464,1873,1145,1506,2445,19,136052,10884,1882,1146,1519,1873,1144,1504,98,100,0,600,1895
tas2hmmer,484,465,1878,1145,1517,2450,19,136051,10884,1878,1146,1520,1872,1144,1505,98,100,0,600,1910
tas2hmmer,484,466,1876,1146,1517,2455,19,136050,10884,1879,1147,1519,1874,1145,1503,98,100,0,600,1910
tas2hmmer,484,467,1877,1145,1519,2461,19,136049,10883,1878,1146,1530,1873,1144,1504,98,100,0,600,1913
tas2hmmer,484,468,1878,1145,1519,2466,19,136048,10883,1878,1146,1524,1875,1144,1507,98,100,0,600,1913
tas2hmmer,484,469,1878,1145,1519,2471,19,136047,10883,1879,1146,1521,1875,1144,1506,98,100,0,600,1913
tas2hmmer,484,470,1877,1145,1508,2477,19,136046,10883,1880,1146,1520,1877,1144,1506,99,100,0,600,1895
tas2hmmer,484,471,1880,1145,1518,2482,19,136046,10883,1880,1146,1521,1876,1144,1507,98,100,0,600,1910
tas2hmmer,484,472,1879,1144,1519,2487,19,136045,10883,1881,1147,1522,1876,1144,1503,98,100,0,600,1913
tas2hmmer,484,473,1878,1145,1519,2492,19,136044,10883,1879,1146,1532,1875,1144,1503,98,100,0,600,1913
tas2hmmer,484,474,1882,1145,1518,2497,19,136044,10883,1882,1146,1533,1878,1143,1512,98,100,0,600,1913
tas2hmmer,484,475,1882,1145,1517,2503,20,136044,10883,1882,1146,1522,1881,1143,1512,98,100,0,600,1913
tas2hmmer,484,476,1873,1145,1508,2508,20,136042,10883,1882,1146,1518,1873,1144,1505,98,100,0,600,1898
tas2hmmer,484,477,1879,1145,1517,2513,20,136042,10883,1879,1146,1521,1873,1143,1506,98,100,0,600,1910
tas2hmmer,484,478,1882,1145,1518,2518,20,136041,10883,1882,1146,1520,1879,1143,1512,98,100,0,600,1913
tas2hmmer,484,479,1878,1145,1517,2524,20,136040,10883,1882,1146,1520,1876,1144,1506,98,100,0,599,1913
tas2hmmer,484,480,1878,1144,1518,2529,20,136040,10883,1879,1146,1529,1875,1144,1507,98,100,0,600,1910
tas2hmmer,484,481,1877,1144,1519,2534,20,136039,10883,1879,1146,1520,1875,1143,1506,98,100,0,600,1910
tas2hmmer,484,482,1877,1146,1518,2539,20,136038,10883,1878,1146,1524,1874,1144,1506,98,100,0,601,1913
tas2hmmer,484,483,1755,1147,1367,2544,20,136013,10881,1878,1147,1545,1689,1145,1361,98,100,0,600,1785
Processed 484 lines from power meter
There were 0 errors in reading from the meter
