RunId,NumDataLines,SeqNum,Watts,Amps,WattHours,Cost,MoKWh,MoCost,MaxWatts,MaxVolts,MaxAmps,MinWatts,MinVolts,MinAmps,Factor,DutyCycle,PowerCycle
base2idle3,23,0,1683,1142,1362,9,0,121595,9727,1686,1143,1553,1681,1140,1362,98,100,0,600,1705
base2idle3,23,1,1681,1143,1362,13,0,121533,9722,1683,1143,1374,1680,1140,1361,98,100,0,600,1708
base2idle3,23,2,1680,1142,1363,18,0,121498,9719,1681,1143,1369,1680,1141,1361,98,100,0,599,1705
base2idle3,23,3,1683,1143,1363,23,0,121803,9744,1685,1143,1550,1680,1141,1361,98,100,0,600,1705
base2idle3,23,4,1680,1142,1363,27,0,121530,9722,1683,1143,1370,1680,1141,1361,98,100,0,600,1705
base2idle3,23,5,1679,1141,1363,32,0,121681,9734,1680,1143,1369,1679,1139,1361,98,100,0,599,1705
base2idle3,23,6,1683,1142,1363,37,0,121525,9722,1684,1143,1553,1679,1140,1361,98,100,0,600,1705
base2idle3,23,7,1680,1142,1361,41,0,121507,9720,1683,1143,1364,1680,1141,1361,98,100,0,600,1705
base2idle3,23,8,1679,1142,1361,46,0,121488,9719,1680,1144,1363,1679,1141,1360,98,100,0,600,1708
base2idle3,23,9,1684,1142,1362,51,0,121617,9729,1684,1144,1552,1679,1139,1360,98,100,0,600,1705
base2idle3,23,10,1681,1142,1363,56,0,121500,9720,1684,1143,1421,1681,1141,1360,98,100,0,600,1705
base2idle3,23,11,1680,1142,1363,60,0,121496,9719,1681,1143,1364,1680,1141,1361,98,100,0,600,1705
base2idle3,23,12,1686,1143,1363,65,0,121511,9720,1686,1143,1551,1680,1141,1362,96,100,0,600,1756
base2idle3,23,13,1681,1142,1364,70,0,121508,9720,1686,1143,1373,1681,1141,1361,98,100,0,600,1705
base2idle3,23,14,1680,1143,1362,74,0,121504,9720,1681,1143,1371,1680,1141,1361,98,100,0,600,1708
base2idle3,23,15,1679,1140,1550,79,0,121513,9721,1680,1143,1552,1679,1140,1361,98,100,0,599,1705
base2idle3,23,16,1681,1143,1362,84,0,121511,9720,1685,1143,1550,1679,1140,1362,98,100,0,599,1708
base2idle3,23,17,1680,1142,1362,88,0,121507,9720,1681,1143,1366,1680,1141,1361,98,100,0,599,1705
base2idle3,23,18,1680,1142,1363,93,0,121503,9720,1680,1143,1364,1680,1141,1361,98,100,0,599,1708
base2idle3,23,19,1682,1143,1362,98,0,121574,9725,1685,1143,1541,1680,1141,1361,98,100,0,599,1708
base2idle3,23,20,1680,1143,1362,102,0,121511,9720,1682,1144,1365,1680,1141,1361,98,100,0,600,1708
base2idle3,23,21,1680,1143,1363,107,0,121507,9720,1680,1143,1364,1680,1141,1361,98,100,0,600,1705
base2idle3,23,22,1681,1142,1368,112,0,121516,9721,1685,1143,1551,1680,1141,1361,98,100,0,600,1708
Processed 23 lines from power meter
There were 0 errors in reading from the meter
RunId,NumDataLines,SeqNum,Watts,Amps,WattHours,Cost,MoKWh,MoCost,MaxWatts,MaxVolts,MaxAmps,MinWatts,MinVolts,MinAmps,Factor,DutyCycle,PowerCycle
base2idle3,23,0,1883,1143,1524,10,0,135379,10830,1884,1144,1536,1880,1141,1511,98,100,0,600,1915
base2idle3,23,1,1883,1142,1528,15,0,135578,10846,1883,1143,1541,1879,1141,1512,98,100,0,600,1918
base2idle3,23,2,1882,1143,1515,20,0,135718,10857,1888,1144,1641,1882,1142,1513,98,100,0,600,1904
base2idle3,23,3,1886,1143,1528,25,0,136130,10890,1886,1144,1540,1882,1141,1514,98,100,0,600,1918
base2idle3,23,4,1885,1143,1527,31,0,135887,10870,1886,1144,1532,1881,1142,1513,98,100,0,600,1921
base2idle3,23,5,1884,1142,1517,36,0,135951,10876,1891,1144,1643,1884,1141,1514,98,100,0,600,1907
base2idle3,23,6,1889,1143,1528,41,0,136029,10882,1889,1143,1532,1884,1141,1515,98,100,0,600,1921
base2idle3,23,7,1882,1143,1517,46,0,136000,10880,1889,1144,1531,1882,1142,1515,98,100,0,600,1904
base2idle3,23,8,1885,1142,1517,52,0,136178,10894,1890,1143,1650,1882,1141,1516,98,100,0,600,1907
base2idle3,23,9,1884,1142,1517,57,0,136054,10884,1888,1143,1532,1884,1141,1516,98,100,0,600,1904
base2idle3,23,10,1884,1143,1518,62,0,136066,10885,1887,1143,1533,1884,1141,1516,98,100,0,600,1907
base2idle3,23,11,1885,1143,1517,67,0,136091,10887,1891,1143,1647,1884,1141,1511,99,100,0,600,1904
base2idle3,23,12,1884,1142,1518,73,0,136195,10895,1888,1143,1533,1884,1141,1516,98,100,0,601,1904
base2idle3,23,13,1883,1141,1520,78,0,136103,10888,1887,1143,1533,1883,1140,1517,98,100,0,601,1907
base2idle3,23,14,1886,1142,1520,83,0,136118,10889,1889,1142,1648,1883,1140,1512,99,100,0,601,1904
base2idle3,23,15,1890,1142,1533,88,0,136153,10892,1890,1143,1535,1886,1141,1519,98,100,0,601,1924
base2idle3,23,16,1886,1143,1518,94,0,136156,10892,1892,1144,1534,1886,1141,1516,98,100,0,601,1907
base2idle3,23,17,1887,1143,1519,99,0,136172,10893,1889,1143,1638,1885,1141,1512,98,100,0,601,1910
base2idle3,23,18,1885,1143,1519,104,0,136179,10894,1890,1144,1545,1885,1141,1517,98,100,0,601,1907
base2idle3,23,19,1885,1143,1519,110,0,136185,10894,1889,1143,1534,1885,1141,1518,98,100,0,601,1907
base2idle3,23,20,1891,1143,1532,115,0,136211,10896,1891,1144,1652,1885,1140,1515,98,100,0,601,1921
base2idle3,23,21,1890,1143,1532,120,0,136217,10897,1891,1144,1534,1886,1142,1515,98,100,0,601,1924
base2idle3,23,22,1893,1143,1532,125,1,136243,10899,1893,1144,1540,1889,1142,1522,98,100,0,601,1924
Processed 23 lines from power meter
There were 0 errors in reading from the meter
