Time CPU_0_Temp CPU_1_Temp Ambient_Temp0 Ambient_Temp1 Blower_Fan_0 Blower_Fan_1 Axial_Fan_0 Axial_Fan_1
0 41 47 33 44 3645.600 3567.200 9656 9656
5 41 47 33 44 3645.600 3567.200 9656 9656
10 41 47 33 44 3645.600 3645.600 9656 9656
15 41 47 33 44 3645.600 3645.600 9656 9656
20 41 47 33 44 3645.600 3645.600 9656 9656
25 41 47 33 44 3645.600 3567.200 9656 9656
30 41 47 33 44 3567.200 3645.600 9656 9656
35 41 47 33 44 3645.600 3567.200 9656 9656
40 41 48 32 44 3645.600 3645.600 9656 9656
45 41 47 32 44 3645.600 3567.200 9372 9372
50 41 47 32 44 3645.600 3645.600 9656 9656
55 41 47 33 44 3645.600 3645.600 9656 9372
60 41 47 33 44 3567.200 3567.200 9656 9656
65 41 47 33 44 3645.600 3645.600 9656 9656
70 41 47 33 44 3645.600 3645.600 9372 9656
75 41 48 32 44 3645.600 3567.200 9372 9372
80 41 48 33 44 3645.600 3645.600 9656 9656
85 41 48 33 44 3567.200 3645.600 9372 9656
90 41 47 33 44 3645.600 3645.600 9656 9656
95 41 47 33 44 3645.600 3645.600 9656 9656
100 41 48 33 44 3645.600 3567.200 9656 9656
105 41 47 33 44 3645.600 3645.600 9656 9656
110 41 47 32 44 3645.600 3645.600 9372 9372
115 41 47 32 44 3645.600 3645.600 9656 9656
120 41 47 32 44 3724 3645.600 9656 9656
125 41 48 33 44 3645.600 3645.600 9656 9656
130 41 47 33 44 3645.600 3567.200 9656 9656
135 41 47 33 44 3645.600 3645.600 9656 9372
140 41 48 32 44 3567.200 3645.600 9656 9656
145 41 47 33 44 3645.600 3567.200 9656 9656
150 41 47 33 44 3645.600 3567.200 9656 9656
155 41 47 33 44 3645.600 3645.600 9656 9656
160 41 47 32 44 3645.600 3567.200 9656 9656
165 41 47 33 44 3567.200 3645.600 9372 9372
170 41 47 32 44 3567.200 3645.600 9656 9656
175 41 47 33 44 3645.600 3645.600 9372 9656
180 41 47 32 44 3645.600 3567.200 9656 9656
185 41 47 32 44 3645.600 3567.200 9656 9656
190 41 47 32 44 3645.600 3645.600 9372 9656
195 41 47 32 44 3645.600 3645.600 9656 9656
200 41 47 32 44 3645.600 3645.600 9656 9656
205 41 47 32 44 3567.200 3645.600 9656 9656
210 41 47 32 44 3645.600 3567.200 9656 9656
215 41 47 32 44 3645.600 3645.600 9656 9656
220 41 47 32 44 3645.600 3645.600 9656 9372
225 41 47 32 44 3645.600 3645.600 9656 9656
230 41 47 32 44 3645.600 3645.600 9656 9656
235 41 47 32 44 3645.600 3567.200 9372 9656
240 41 47 32 44 3645.600 3645.600 9656 9656
245 41 47 32 44 3645.600 3645.600 9372 9656
250 41 47 32 44 3645.600 3645.600 9656 9372
255 41 48 32 44 3645.600 3567.200 9656 9656
260 41 47 32 44 3645.600 3567.200 9656 9656
265 41 48 33 44 3645.600 3567.200 9656 9656
270 43 48 32 44 3645.600 3645.600 9656 9656
275 43 48 32 44 3645.600 3645.600 9372 9372
280 44 48 32 44 3645.600 3645.600 9656 9656
285 44 48 33 44 3645.600 3567.200 9372 9656
290 44 47 32 44 3567.200 3567.200 9656 9656
295 44 48 33 44 3645.600 3645.600 9656 9656
300 45 48 33 44 3645.600 3567.200 9656 9656
305 45 48 33 44 3645.600 3645.600 9372 9656
310 45 48 33 44 3645.600 3567.200 9656 9656
315 45 48 33 44 3645.600 3645.600 9656 9656
320 45 48 33 44 3645.600 3567.200 9656 9656
325 46 48 33 44 3645.600 3645.600 9656 9372
330 45 48 33 44 3645.600 3645.600 9656 9656
335 46 49 33 44 3645.600 3567.200 9656 9656
340 46 49 33 44 3645.600 3567.200 9656 9656
345 46 48 33 44 3645.600 3645.600 9372 9656
350 46 48 33 44 3645.600 3645.600 9656 9656
355 47 48 33 44 3645.600 3645.600 9656 9656
360 47 49 33 44 3645.600 3645.600 9656 9656
365 47 48 33 44 3645.600 3567.200 9372 9656
370 47 48 33 44 3567.200 3645.600 9656 9656
375 47 48 34 44 3645.600 3645.600 9656 9656
380 47 48 34 44 3567.200 3645.600 9372 9656
385 47 49 34 44 3645.600 3645.600 9372 9656
390 47 48 34 44 3645.600 3645.600 9656 9656
395 47 48 34 44 3645.600 3645.600 9656 9372
400 47 48 34 44 3645.600 3567.200 9656 9656
405 47 48 34 44 3645.600 3567.200 9656 9656
410 48 49 34 44 3645.600 3645.600 9656 9372
415 48 48 34 44 3645.600 3645.600 9656 9656
420 48 48 34 44 3645.600 3645.600 9656 9656
425 48 48 34 44 3645.600 3645.600 9656 9656
430 47 48 34 44 3645.600 3567.200 9656 9656
435 48 48 34 44 3645.600 3645.600 9656 9372
440 48 48 34 44 3645.600 3567.200 9656 9656
445 48 48 34 44 3645.600 3645.600 9656 9656
450 48 48 34 44 3724 3567.200 9656 9656
455 48 48 34 44 3645.600 3645.600 9656 9372
460 48 48 34 44 3645.600 3567.200 9656 9372
465 48 48 34 44 3645.600 3567.200 9372 9656
470 48 48 34 44 3567.200 3645.600 9656 9656
475 48 48 35 44 3724 3567.200 9372 9656
480 48 48 35 44 3645.600 3567.200 9656 9656
485 48 48 35 44 3567.200 3645.600 9656 9656
490 48 49 35 44 3645.600 3567.200 9372 9656
495 48 48 35 44 3645.600 3645.600 9372 9656
500 48 49 35 44 3645.600 3645.600 9372 9656
505 48 48 35 44 3645.600 3645.600 9656 9372
510 48 48 35 44 3645.600 3645.600 9656 9656
515 48 48 35 44 3645.600 3645.600 9372 9372
520 48 48 35 44 3567.200 3645.600 9656 9656
525 48 49 35 44 3645.600 3567.200 9656 9656
530 48 49 35 44 3645.600 3567.200 9656 9656
535 48 49 35 44 3645.600 3645.600 9656 9656
540 48 48 35 44 3645.600 3567.200 9656 9656
545 48 48 35 44 3567.200 3645.600 9656 9372
550 48 48 35 45 3645.600 3567.200 9656 9656
555 48 48 35 44 3645.600 3567.200 9656 9656
560 48 48 35 44 3645.600 3645.600 9656 9656
565 48 49 35 44 3645.600 3567.200 9656 9656
570 48 48 35 44 3645.600 3645.600 9656 9656
575 48 48 35 44 3645.600 3645.600 9656 9656
580 48 48 35 44 3645.600 3567.200 9656 9656
585 48 48 35 44 3645.600 3567.200 9656 9656
590 48 48 35 44 3645.600 3567.200 9656 9656
595 48 48 35 44 3645.600 3645.600 9656 9656
600 48 48 35 44 3645.600 3645.600 9656 9372
605 48 48 35 44 3567.200 3645.600 9656 9656
610 48 48 35 44 3645.600 3645.600 9656 9372
615 48 48 35 44 3645.600 3645.600 9372 9372
620 48 48 35 44 3645.600 3645.600 9656 9372
625 48 48 35 44 3645.600 3567.200 9656 9372
630 48 49 35 44 3724 3567.200 9656 9656
635 49 48 35 44 3645.600 3645.600 9656 9656
640 49 48 35 44 3645.600 3645.600 9372 9656
645 48 49 35 44 3645.600 3567.200 9656 9656
650 49 48 35 44 3645.600 3567.200 9372 9372
655 48 49 35 44 3645.600 3645.600 9656 9372
660 49 48 35 44 3567.200 3645.600 9656 9656
665 48 48 35 44 3567.200 3567.200 9656 9656
670 49 48 35 44 3645.600 3645.600 9656 9656
675 48 49 35 44 3645.600 3645.600 9656 9656
680 49 48 35 44 3645.600 3645.600 9656 9372
685 48 49 35 44 3645.600 3645.600 9656 9656
690 49 48 35 44 3645.600 3645.600 9656 9656
695 48 48 35 44 3645.600 3567.200 9656 9656
700 48 49 35 44 3567.200 3645.600 9656 9372
705 48 49 35 45 3645.600 3645.600 9656 9656
710 48 48 35 45 3645.600 3567.200 9656 9656
715 48 49 35 45 3645.600 3567.200 9656 9656
720 48 49 35 44 3645.600 3645.600 9656 9656
725 48 48 35 45 3645.600 3645.600 9656 9372
730 49 48 35 44 3645.600 3645.600 9656 9656
735 48 48 36 44 3645.600 3645.600 9656 9656
740 48 48 35 44 3645.600 3645.600 9656 9656
745 49 48 36 44 3645.600 3645.600 9372 9656
750 49 48 35 44 3645.600 3645.600 9372 9656
755 48 48 36 45 3645.600 3645.600 9656 9656
760 48 48 36 44 3645.600 3567.200 9656 9656
765 49 48 36 44 3645.600 3645.600 9656 9372
770 49 48 36 44 3645.600 3645.600 9372 9656
775 48 49 35 44 3645.600 3567.200 9656 9656
780 49 48 36 45 3645.600 3567.200 9656 9656
785 48 49 36 44 3724 3645.600 9656 9656
790 49 49 36 44 3645.600 3567.200 9656 9656
795 49 48 36 44 3645.600 3645.600 9656 9656
800 49 48 36 45 3645.600 3567.200 9656 9656
805 49 48 36 44 3567.200 3645.600 9656 9656
810 49 48 36 45 3645.600 3645.600 9656 9656
815 49 48 36 45 3645.600 3645.600 9656 9656
820 49 48 36 45 3645.600 3645.600 9656 9656
825 49 48 36 44 3645.600 3645.600 9656 9656
830 49 48 36 45 3645.600 3645.600 9372 9656
835 49 48 36 45 3645.600 3645.600 9372 9372
840 48 49 36 44 3645.600 3567.200 9656 9656
845 49 48 36 45 3724 3645.600 9656 9372
850 48 49 36 44 3567.200 3645.600 9656 9656
855 49 48 36 44 3645.600 3645.600 9656 9656
860 48 48 36 44 3645.600 3645.600 9656 9656
865 48 49 36 44 3645.600 3645.600 9372 9372
870 48 48 36 44 3645.600 3645.600 9656 9656
875 48 48 36 45 3567.200 3645.600 9656 9656
880 48 48 36 44 3645.600 3645.600 9656 9656
885 49 48 36 44 3645.600 3645.600 9656 9656
890 48 48 36 44 3645.600 3567.200 9656 9656
895 49 48 36 45 3645.600 3645.600 9656 9656
900 48 49 36 45 3645.600 3567.200 9656 9372
905 48 48 36 44 3645.600 3645.600 9656 9372
910 48 48 36 45 3645.600 3567.200 9656 9372
915 48 48 36 45 3645.600 3567.200 9656 9372
920 48 48 36 45 3645.600 3645.600 9656 9372
925 49 48 36 44 3645.600 3645.600 9656 9656
930 48 48 36 45 3645.600 3645.600 9656 9656
935 48 49 36 45 3645.600 3567.200 9656 9656
940 49 48 36 45 3645.600 3645.600 9656 9656
945 48 48 36 44 3645.600 3567.200 9656 9656
950 48 49 36 44 3645.600 3567.200 9656 9656
955 48 49 36 44 3645.600 3645.600 9656 9656
960 48 49 36 44 3645.600 3645.600 9656 9656
965 48 49 36 44 3645.600 3645.600 9656 9656
970 48 49 36 45 3645.600 3567.200 9656 9656
975 49 48 36 45 3645.600 3645.600 9656 9656
980 48 48 36 45 3645.600 3645.600 9656 9372
985 49 48 36 44 3567.200 3645.600 9656 9656
990 49 49 36 44 3645.600 3645.600 9372 9656
995 49 48 36 44 3645.600 3645.600 9656 9656
1000 49 49 36 45 3645.600 3645.600 9372 9656
1005 48 48 36 45 3567.200 3645.600 9656 9372
1010 48 49 36 44 3567.200 3645.600 9372 9372
1015 48 48 36 45 3645.600 3645.600 9656 9656
1020 49 48 36 45 3645.600 3645.600 9656 9656
1025 48 48 36 45 3724 3567.200 9656 9372
1030 48 48 36 45 3567.200 3645.600 9372 9372
1035 48 48 36 45 3645.600 3567.200 9656 9656
1040 48 49 36 45 3567.200 3645.600 9656 9656
1045 48 48 36 45 3645.600 3645.600 9656 9656
1050 49 48 36 44 3645.600 3645.600 9656 9656
1055 48 48 36 45 3645.600 3645.600 9656 9372
1060 48 48 36 45 3645.600 3645.600 9372 9656
1065 49 48 36 44 3645.600 3567.200 9656 9656
1070 49 48 36 45 3645.600 3567.200 9656 9656
1075 48 49 36 44 3567.200 3645.600 9656 9656
1080 49 48 36 44 3645.600 3645.600 9656 9656
1085 49 48 36 45 3645.600 3645.600 9372 9656
1090 48 48 36 45 3645.600 3645.600 9656 9656
1095 48 48 36 44 3645.600 3645.600 9656 9656
1100 48 49 36 45 3645.600 3645.600 9656 9656
1105 48 49 36 45 3645.600 3645.600 9372 9372
1110 48 49 36 45 3645.600 3567.200 9656 9656
1115 48 48 36 45 3645.600 3645.600 9656 9656
1120 48 48 36 45 3724 3567.200 9656 9656
1125 48 48 36 45 3567.200 3645.600 9656 9656
1130 47 48 36 45 3724 3645.600 9656 9372
1135 47 48 36 44 3645.600 3645.600 9656 9656
1140 47 48 36 45 3645.600 3567.200 9656 9656
1145 47 48 36 44 3645.600 3645.600 9656 9656
1150 47 48 36 44 3645.600 3645.600 9372 9656
1155 47 48 36 45 3645.600 3645.600 9656 9656
1160 47 48 36 44 3645.600 3567.200 9656 9372
1165 47 48 36 44 3645.600 3567.200 9656 9656
1170 47 48 36 45 3645.600 3645.600 9656 9656
1175 46 48 36 44 3645.600 3567.200 9372 9372
1180 46 48 36 45 3645.600 3645.600 9656 9372
1185 47 48 36 45 3645.600 3567.200 9656 9656
1190 46 47 36 45 3567.200 3645.600 9372 9656
1195 46 48 35 44 3567.200 3645.600 9656 9656
1200 46 48 35 44 3645.600 3645.600 9372 9656
1205 46 48 35 44 3567.200 3645.600 9656 9656
1210 46 48 35 44 3567.200 3567.200 9656 9656
1215 46 47 35 44 3645.600 3567.200 9656 9656
1220 46 48 35 44 3645.600 3645.600 9656 9656
1225 46 47 35 44 3645.600 3645.600 9656 9656
1230 46 48 35 44 3645.600 3645.600 9656 9656
1235 46 48 35 44 3645.600 3567.200 9656 9656
1240 46 48 35 45 3724 3645.600 9656 9656
1245 46 48 35 44 3724 3645.600 9656 9372
1250 46 47 35 44 3645.600 3567.200 9656 9656
1255 46 48 35 44 3645.600 3645.600 9656 9656
1260 46 47 35 44 3645.600 3645.600 9656 9656
1265 46 47 35 44 3645.600 3645.600 9656 9656
1270 46 48 35 44 3645.600 3645.600 9656 9656
1275 46 48 35 44 3645.600 3645.600 9656 9372
1280 46 47 35 44 3645.600 3645.600 9656 9656
1285 46 48 35 44 3645.600 3567.200 9656 9656
1290 46 48 35 44 3645.600 3567.200 9656 9372
1295 46 48 35 44 3645.600 3645.600 9656 9372
1300 46 47 35 44 3645.600 3645.600 9656 9656
1305 46 47 35 44 3724 3645.600 9372 9656
1310 46 48 35 44 3724 3645.600 9372 9656
1315 46 47 35 44 3645.600 3567.200 9656 9656
1320 46 47 35 44 3645.600 3567.200 9656 9372
1325 46 47 35 44 3645.600 3567.200 9656 9656
1330 46 48 35 44 3645.600 3645.600 9372 9656
1335 46 48 35 44 3645.600 3567.200 9656 9656
1340 46 48 35 44 3645.600 3645.600 9372 9656
1345 45 48 35 44 3567.200 3567.200 9656 9656
1350 46 47 35 44 3567.200 3567.200 9656 9656
1355 46 47 35 44 3645.600 3645.600 9656 9656
1360 46 47 35 44 3645.600 3567.200 9656 9656
1365 46 48 35 44 3645.600 3645.600 9656 9656
1370 46 47 35 44 3645.600 3567.200 9372 9656
1375 46 48 35 44 3645.600 3567.200 9656 9656
1380 46 48 35 44 3645.600 3645.600 9656 9656
1385 46 47 35 44 3645.600 3645.600 9656 9372
1390 46 48 35 44 3645.600 3567.200 9656 9656
1395 46 47 35 44 3645.600 3645.600 9656 9656
1400 46 47 35 44 3645.600 3645.600 9656 9656
1405 45 48 35 44 3645.600 3645.600 9656 9372
1410 45 48 35 44 3724 3645.600 9372 9656
1415 46 48 35 44 3645.600 3645.600 9656 9656
1420 46 48 35 44 3645.600 3567.200 9656 9656
1425 44 48 35 44 3567.200 3645.600 9656 9656
1430 44 48 35 44 3645.600 3645.600 9656 9656
1435 44 47 35 44 3645.600 3645.600 9372 9656
1440 44 48 35 44 3645.600 3645.600 9656 9656
1445 44 47 35 44 3645.600 3645.600 9656 9656
1450 43 48 35 44 3645.600 3645.600 9656 9656
1455 43 47 35 44 3645.600 3645.600 9656 9656
1460 43 48 35 44 3645.600 3567.200 9372 9656
1465 43 47 35 44 3645.600 3567.200 9656 9656
1470 43 48 34 44 3645.600 3645.600 9656 9656
1475 43 47 34 44 3645.600 3645.600 9372 9656
1480 42 48 34 44 3645.600 3567.200 9656 9372
1485 42 47 34 44 3645.600 3567.200 9656 9656
1490 42 48 34 44 3645.600 3645.600 9656 9372
1495 42 47 34 44 3645.600 3645.600 9656 9656
1500 42 48 34 44 3645.600 3567.200 9372 9656
1505 42 47 34 44 3645.600 3567.200 9372 9656
1510 42 48 34 44 3567.200 3645.600 9656 9656
1515 42 47 34 44 3645.600 3567.200 9656 9656
1520 42 47 34 44 3645.600 3567.200 9656 9656
1525 42 47 34 44 3645.600 3645.600 9656 9656
1530 42 48 34 44 3645.600 3645.600 9656 9656
1535 42 47 34 44 3645.600 3645.600 9656 9656
1540 42 47 34 44 3645.600 3645.600 9656 9656
1545 42 47 34 44 3645.600 3645.600 9656 9372
1550 42 47 34 44 3645.600 3567.200 9656 9656
1555 42 47 34 44 3645.600 3567.200 9656 9656
1560 41 48 34 44 3645.600 3645.600 9656 9372
1565 41 47 34 44 3645.600 3645.600 9656 9656
1570 41 48 34 44 3645.600 3567.200 9656 9656
1575 41 47 34 44 3645.600 3645.600 9656 9656
1580 42 47 34 44 3724 3645.600 9656 9656
1585 41 48 34 44 3645.600 3645.600 9656 9372
1590 41 47 34 44 3567.200 3567.200 9656 9656
1595 41 47 33 44 3645.600 3567.200 9656 9656
1600 41 47 34 44 3724 3645.600 9372 9372
1605 41 48 33 44 3645.600 3645.600 9656 9372
1610 41 47 33 44 3645.600 3645.600 9656 9656
1615 41 48 33 44 3645.600 3645.600 9656 9656
1620 41 48 33 44 3645.600 3567.200 9656 9656
1625 41 47 33 44 3645.600 3645.600 9372 9656
1630 41 47 33 44 3567.200 3645.600 9656 9656
1635 41 47 33 44 3645.600 3645.600 9656 9656
1640 41 47 33 44 3724 3645.600 9656 9656
1645 41 48 33 44 3645.600 3567.200 9656 9656
1650 41 47 33 44 3567.200 3645.600 9372 9372
1655 41 48 33 44 3645.600 3645.600 9656 9656
1660 41 47 33 44 3724 3645.600 9372 9372
1665 41 47 33 44 3645.600 3645.600 9656 9656
1670 41 48 33 44 3645.600 3645.600 9656 9656
1675 41 47 33 44 3645.600 3645.600 9656 9656
1680 41 47 33 44 3645.600 3645.600 9656 9372
1685 41 48 33 44 3645.600 3567.200 9656 9656
1690 41 47 33 44 3645.600 3645.600 9656 9656
1695 41 47 33 44 3645.600 3567.200 9656 9656
1700 41 47 33 44 3567.200 3645.600 9656 9372
1705 41 47 33 44 3645.600 3567.200 9656 9656
1710 41 47 33 44 3645.600 3645.600 9656 9656
1715 41 47 33 44 3645.600 3645.600 9656 9656
1720 41 47 33 44 3645.600 3567.200 9656 9656
1725 41 47 33 44 3645.600 3645.600 9656 9656
1730 41 48 33 44 3645.600 3645.600 9372 9656
1735 41 48 33 44 3645.600 3645.600 9656 9656
1740 41 47 33 44 3645.600 3567.200 9656 9656
1745 41 47 33 44 3645.600 3645.600 9656 9656
1750 41 47 33 44 3645.600 3567.200 9656 9656
1755 41 47 33 44 3645.600 3567.200 9656 9656
1760 41 47 33 44 3567.200 3567.200 9656 9372
1765 41 47 33 44 3645.600 3645.600 9656 9656
1770 41 47 33 44 3645.600 3567.200 9656 9656
1775 41 47 33 44 3645.600 3645.600 9656 9656
1780 41 47 33 44 3645.600 3567.200 9372 9372
1785 41 48 33 44 3645.600 3645.600 9656 9656
1790 41 48 33 44 3567.200 3645.600 9372 9656
1795 41 48 33 44 3645.600 3567.200 9372 9656
1800 41 47 33 44 3645.600 3645.600 9656 9656
1805 41 47 33 44 3645.600 3645.600 9656 9656
1810 41 47 33 44 3645.600 3567.200 9656 9656
1815 41 47 33 44 3645.600 3567.200 9656 9656
1820 41 47 33 44 3645.600 3645.600 9656 9656
1825 41 48 33 44 3645.600 3645.600 9656 9656
1830 41 47 33 44 3645.600 3645.600 9656 9372
1835 41 47 33 44 3645.600 3567.200 9656 9656
1840 41 47 33 44 3645.600 3567.200 9656 9656
1845 41 47 33 44 3645.600 3645.600 9656 9372
1850 41 47 33 44 3567.200 3645.600 9656 9656
1855 41 47 33 44 3645.600 3567.200 9656 9656
1860 41 47 33 44 3645.600 3567.200 9656 9656
1865 41 47 33 44 3645.600 3645.600 9656 9656
1870 41 47 33 44 3645.600 3645.600 9656 9656
1875 41 47 33 44 3567.200 3567.200 9656 9656
1880 41 47 33 44 3645.600 3645.600 9372 9656
1885 41 47 33 44 3645.600 3645.600 9656 9372
1890 41 47 33 44 3645.600 3645.600 9372 9372
1895 41 47 33 44 3645.600 3645.600 9656 9656
1900 41 47 33 44 3567.200 3645.600 9940 9372
1905 41 48 33 44 3645.600 3567.200 9372 9656
1910 41 47 33 44 3645.600 3645.600 9656 9656
1915 41 47 33 44 3645.600 3567.200 9656 9656
1920 41 47 33 44 3567.200 3645.600 9656 9372
1925 41 47 33 44 3645.600 3645.600 9372 9656
1930 41 47 33 44 3645.600 3645.600 9656 9656
1935 41 47 33 44 3645.600 3645.600 9656 9656
1940 41 47 33 44 3645.600 3567.200 9656 9656
1945 41 47 33 44 3645.600 3645.600 9656 9656
1950 41 47 33 44 3645.600 3567.200 9656 9656
1955 41 47 33 44 3645.600 3645.600 9656 9656
1960 41 47 33 44 3724 3645.600 9372 9372
