Time CPU_0_Temp CPU_1_Temp Ambient_Temp0 Ambient_Temp1 Blower_Fan_0 Blower_Fan_1 Axial_Fan_0 Axial_Fan_1
0 41 48 33 44 3645.600 3645.600 9656 9656
5 41 47 33 44 3645.600 3645.600 9656 9372
10 41 47 33 44 3724 3645.600 9656 9656
15 41 47 33 44 3645.600 3645.600 9656 9372
20 41 48 33 44 3645.600 3645.600 9656 9372
25 41 48 33 44 3645.600 3645.600 9656 9656
30 41 47 33 44 3567.200 3645.600 9372 9372
35 41 48 33 44 3645.600 3645.600 9656 9656
40 41 47 33 44 3645.600 3567.200 9656 9372
45 41 47 33 44 3645.600 3645.600 9372 9372
50 41 47 33 44 3645.600 3567.200 9656 9656
55 41 47 33 44 3645.600 3645.600 9656 9656
60 41 47 33 44 3645.600 3645.600 9656 9656
65 41 47 33 44 3645.600 3567.200 9656 9656
70 41 47 33 44 3645.600 3567.200 9656 9656
75 41 47 33 44 3645.600 3567.200 9656 9656
80 41 47 33 44 3645.600 3567.200 9656 9656
85 41 47 33 44 3645.600 3645.600 9656 9656
90 41 47 33 44 3724 3645.600 9372 9656
95 41 48 33 44 3645.600 3645.600 9656 9656
100 41 47 33 44 3567.200 3567.200 9656 9372
105 41 48 33 44 3645.600 3645.600 9656 9656
110 41 47 33 44 3645.600 3567.200 9656 9656
115 41 47 33 44 3724 3567.200 9372 9656
120 41 47 33 44 3645.600 3567.200 9372 9372
125 41 47 33 44 3645.600 3567.200 9656 9372
130 41 47 33 44 3645.600 3645.600 9656 9656
135 41 47 33 44 3645.600 3645.600 9372 9656
140 41 47 33 44 3567.200 3567.200 9656 9656
145 41 47 33 44 3645.600 3567.200 9656 9656
150 41 48 33 44 3645.600 3645.600 9656 9656
155 41 47 33 44 3724 3567.200 9656 9656
160 41 47 33 44 3645.600 3645.600 9656 9656
165 41 47 33 44 3645.600 3567.200 9656 9656
170 41 47 33 44 3645.600 3567.200 9372 9656
175 41 47 33 44 3645.600 3567.200 9656 9656
180 41 47 33 44 3645.600 3567.200 9656 9656
185 41 47 33 44 3645.600 3645.600 9656 9656
190 41 47 33 44 3645.600 3567.200 9372 9656
195 41 48 33 44 3724 3567.200 9656 9656
200 41 47 33 44 3645.600 3645.600 9656 9656
205 41 47 33 44 3645.600 3645.600 9656 9656
210 41 47 33 44 3645.600 3645.600 9656 9656
215 41 47 32 44 3567.200 3645.600 9656 9372
220 41 48 33 44 3645.600 3567.200 9656 9656
225 41 47 33 44 3645.600 3567.200 9372 9372
230 41 47 33 44 3645.600 3567.200 9656 9656
235 41 47 33 44 3645.600 3645.600 9656 9372
240 41 48 33 44 3645.600 3645.600 9656 9656
245 41 47 33 44 3645.600 3567.200 9656 9656
250 41 48 33 43 3645.600 3645.600 9372 9656
255 41 47 33 44 3724 3567.200 9656 9656
260 41 47 33 44 3645.600 3645.600 9656 9372
265 41 48 33 44 3645.600 3567.200 9656 9656
270 42 49 32 44 3645.600 3645.600 9656 9656
275 43 49 33 44 3645.600 3645.600 9656 9372
280 43 50 33 44 3645.600 3645.600 9656 9656
285 43 50 33 44 3645.600 3645.600 9372 9656
290 43 50 33 45 3645.600 3645.600 9372 9656
295 44 50 33 45 3645.600 3567.200 9656 9656
300 43 50 33 45 3645.600 3645.600 9656 9656
305 44 50 33 45 3645.600 3645.600 9656 9656
310 44 51 33 45 3645.600 3567.200 9656 9372
315 44 51 33 45 3645.600 3645.600 9656 9372
320 44 52 33 45 3645.600 3567.200 9656 9656
325 44 52 33 46 3645.600 3645.600 9656 9656
330 44 52 33 46 3645.600 3645.600 9656 9372
335 44 52 33 46 3645.600 3645.600 9372 9656
340 45 52 34 45 3645.600 3645.600 9372 9656
345 44 51 34 46 3645.600 3567.200 9372 9656
350 45 52 34 46 3645.600 3645.600 9656 9372
355 45 52 34 46 3645.600 3567.200 9656 9656
360 45 53 34 46 3645.600 3645.600 9372 9656
365 45 52 34 46 3567.200 3567.200 9656 9656
370 45 52 34 46 3645.600 3645.600 9656 9656
375 45 52 34 46 3567.200 3645.600 9656 9656
380 45 53 34 47 3645.600 3567.200 9656 9656
385 45 53 34 47 3645.600 3645.600 9656 9372
390 45 53 34 47 3645.600 3567.200 9372 9656
395 45 53 34 47 3645.600 3645.600 9656 9372
400 46 53 34 47 3567.200 3645.600 9656 9656
405 46 52 35 47 3645.600 3645.600 9372 9656
410 46 53 35 47 3645.600 3645.600 9656 9656
415 46 53 35 47 3645.600 3645.600 9372 9656
420 46 53 35 47 3645.600 3567.200 9372 9656
425 46 53 35 47 3645.600 3567.200 9372 9656
430 46 53 35 47 3645.600 3645.600 9372 9656
435 46 53 35 47 3645.600 3645.600 9372 9656
440 46 53 35 47 3645.600 3567.200 9656 9656
445 46 54 35 47 3645.600 3567.200 9372 9656
450 46 53 35 48 3645.600 3567.200 9656 9656
455 46 53 35 48 3645.600 3567.200 9656 9372
460 46 54 35 48 3645.600 3645.600 9656 9656
465 46 53 35 48 3645.600 3567.200 9656 9656
470 46 54 35 48 3645.600 3645.600 9656 9656
475 46 53 35 48 3645.600 3645.600 9656 9656
480 46 54 35 48 3724 3645.600 9656 9656
485 46 54 35 48 3567.200 3645.600 9656 9656
490 46 54 35 48 3645.600 3567.200 9656 9656
495 46 54 35 48 3645.600 3645.600 9656 9656
500 46 54 35 48 3645.600 3567.200 9372 9656
505 46 54 35 48 3645.600 3645.600 9372 9372
510 46 53 36 48 3645.600 3567.200 9656 9656
515 46 54 35 48 3645.600 3645.600 9656 9372
520 46 54 36 48 3645.600 3567.200 9656 9656
525 46 54 36 48 3645.600 3645.600 9656 9656
530 46 54 36 48 3645.600 3567.200 9656 9656
535 46 53 36 48 3645.600 3567.200 9372 9656
540 46 54 36 48 3645.600 3567.200 9372 9372
545 46 54 36 48 3645.600 3645.600 9656 9656
550 46 53 36 48 3645.600 3645.600 9656 9372
555 46 53 36 48 3645.600 3567.200 9656 9656
560 46 54 36 48 3724 3645.600 9656 9656
565 46 54 36 48 3567.200 3567.200 9656 9656
570 46 54 36 48 3645.600 3567.200 9656 9656
575 46 54 36 49 3567.200 3645.600 9372 9656
580 46 54 36 49 3645.600 3645.600 9372 9656
585 46 54 36 49 3645.600 3645.600 9372 9656
590 46 54 36 49 3645.600 3567.200 9372 9656
595 46 54 36 49 3567.200 3645.600 9656 9656
600 46 54 36 49 3645.600 3567.200 9656 9656
605 46 54 36 48 3645.600 3645.600 9656 9656
610 46 54 36 49 3645.600 3645.600 9656 9656
615 46 54 36 49 3724 3645.600 9656 9656
620 46 54 36 49 3645.600 3645.600 9656 9656
625 46 54 36 49 3567.200 3567.200 9656 9656
630 46 54 36 49 3645.600 3645.600 9656 9656
635 46 54 36 49 3645.600 3645.600 9656 9656
640 46 54 36 49 3645.600 3645.600 9372 9656
645 46 54 36 49 3567.200 3567.200 9656 9656
650 46 54 36 49 3645.600 3567.200 9372 9372
655 46 54 36 49 3724 3645.600 9656 9656
660 46 54 36 49 3567.200 3645.600 9656 9656
665 46 54 36 49 3645.600 3567.200 9656 9656
670 46 54 36 49 3645.600 3567.200 9372 9656
675 46 54 36 49 3645.600 3645.600 9656 9372
680 46 54 36 49 3645.600 3645.600 9656 9372
685 46 55 36 49 3645.600 3645.600 9372 9656
690 46 54 36 49 3645.600 3567.200 9656 9372
695 46 55 36 49 3645.600 3645.600 9656 9656
700 46 54 36 49 3645.600 3567.200 9372 9656
705 46 54 36 49 3645.600 3645.600 9656 9656
710 46 54 36 49 3645.600 3567.200 9656 9656
715 46 54 36 49 3567.200 3645.600 9656 9656
720 46 54 36 49 3567.200 3645.600 9656 9656
725 46 55 36 49 3645.600 3645.600 9656 9656
730 46 54 36 49 3645.600 3645.600 9656 9656
735 46 54 36 49 3645.600 3645.600 9656 9656
740 46 54 36 49 3645.600 3567.200 9656 9656
745 46 54 36 49 3645.600 3645.600 9656 9656
750 46 54 36 49 3645.600 3645.600 9656 9656
755 46 55 36 49 3645.600 3567.200 9372 9656
760 46 55 36 49 3645.600 3645.600 9656 9656
765 46 54 36 49 3645.600 3567.200 9656 9656
770 46 54 36 49 3645.600 3645.600 9656 9656
775 46 55 36 49 3645.600 3567.200 9656 9656
780 46 54 36 49 3645.600 3645.600 9656 9372
785 46 54 36 49 3645.600 3567.200 9656 9656
790 46 55 36 49 3645.600 3645.600 9372 9656
795 46 54 36 49 3645.600 3567.200 9656 9372
800 46 54 36 49 3645.600 3645.600 9656 9656
805 46 54 37 49 3645.600 3645.600 9656 9372
810 46 55 36 49 3645.600 3645.600 9656 9656
815 46 54 36 49 3645.600 3645.600 9372 9656
820 46 55 37 49 3645.600 3645.600 9656 9372
825 46 55 37 49 3645.600 3645.600 9656 9656
830 46 55 36 49 3645.600 3645.600 9372 9656
835 46 55 36 49 3645.600 3645.600 9656 9656
840 46 54 37 49 3567.200 3645.600 9372 9656
845 46 54 37 49 3645.600 3645.600 9656 9656
850 46 55 37 49 3567.200 3645.600 9656 9656
855 46 54 37 50 3645.600 3567.200 9656 9656
860 46 55 37 49 3645.600 3567.200 9656 9656
865 46 55 37 49 3645.600 3645.600 9656 9656
870 46 55 37 49 3645.600 3567.200 9656 9656
875 46 55 37 49 3645.600 3645.600 9656 9656
880 46 55 37 49 3645.600 3567.200 9372 9656
885 46 54 37 49 3645.600 3567.200 9656 9656
890 46 55 37 49 3645.600 3645.600 9372 9372
895 46 54 37 49 3645.600 3567.200 9656 9656
900 46 54 37 49 3645.600 3645.600 9656 9656
905 46 55 37 49 3645.600 3567.200 9372 9656
910 46 55 37 49 3645.600 3567.200 9372 9372
915 46 54 37 49 3645.600 3567.200 9372 9656
920 46 55 37 49 3645.600 3567.200 9656 9656
925 46 54 37 49 3645.600 3645.600 9372 9656
930 46 54 37 49 3645.600 3645.600 9656 9372
935 46 55 37 49 3645.600 3645.600 9372 9656
940 46 54 37 49 3645.600 3645.600 9656 9656
945 46 54 37 49 3645.600 3645.600 9372 9656
950 46 54 37 49 3645.600 3567.200 9656 9656
955 46 55 37 49 3645.600 3645.600 9656 9656
960 46 55 37 49 3645.600 3567.200 9656 9372
965 46 54 37 49 3645.600 3567.200 9372 9656
970 46 54 37 49 3645.600 3645.600 9656 9656
975 46 55 37 49 3645.600 3645.600 9656 9656
980 46 55 37 50 3567.200 3645.600 9656 9656
985 45 53 37 49 3645.600 3567.200 9656 9372
990 45 52 37 49 3645.600 3645.600 9372 9656
995 44 53 37 49 3645.600 3645.600 9372 9656
1000 44 52 37 49 3645.600 3645.600 9372 9656
1005 44 52 36 49 3645.600 3645.600 9372 9656
1010 44 51 36 49 3645.600 3645.600 9656 9656
1015 44 51 36 49 3724 3645.600 9656 9656
1020 43 51 36 48 3645.600 3567.200 9372 9656
1025 43 51 36 48 3645.600 3645.600 9656 9656
1030 43 50 36 48 3645.600 3645.600 9656 9656
1035 43 50 36 48 3645.600 3567.200 9656 9656
1040 43 51 36 48 3724 3645.600 9372 9656
1045 43 51 36 48 3645.600 3567.200 9656 9656
1050 43 50 36 48 3567.200 3645.600 9656 9656
1055 42 50 36 48 3645.600 3567.200 9372 9656
1060 42 50 36 48 3645.600 3645.600 9656 9372
1065 42 50 36 47 3645.600 3645.600 9656 9656
1070 42 50 35 47 3645.600 3645.600 9372 9656
1075 42 49 35 47 3645.600 3567.200 9372 9656
1080 42 50 35 47 3645.600 3567.200 9656 9656
1085 42 50 35 47 3645.600 3645.600 9372 9656
1090 42 49 35 47 3724 3567.200 9656 9656
1095 42 50 35 47 3724 3645.600 9656 9656
1100 42 49 35 47 3645.600 3567.200 9656 9656
1105 42 49 35 46 3645.600 3645.600 9656 9656
1110 42 49 35 46 3645.600 3645.600 9656 9656
1115 42 49 35 46 3567.200 3645.600 9656 9656
1120 41 49 35 46 3645.600 3645.600 9656 9656
1125 42 48 35 46 3645.600 3645.600 9656 9656
1130 41 48 35 46 3645.600 3645.600 9656 9656
1135 42 48 35 46 3567.200 3645.600 9372 9656
1140 42 48 35 46 3645.600 3645.600 9656 9656
1145 41 48 35 46 3645.600 3645.600 9656 9656
1150 42 48 35 46 3645.600 3567.200 9656 9656
1155 42 48 35 46 3645.600 3645.600 9656 9656
1160 42 48 34 46 3645.600 3645.600 9656 9656
1165 41 49 34 46 3645.600 3567.200 9656 9656
1170 42 48 34 46 3645.600 3645.600 9656 9656
1175 41 49 34 46 3645.600 3645.600 9656 9656
1180 41 48 34 46 3645.600 3645.600 9656 9656
1185 41 48 34 45 3645.600 3645.600 9372 9656
1190 41 48 34 45 3645.600 3645.600 9656 9656
1195 41 48 34 45 3645.600 3645.600 9372 9656
1200 41 48 34 45 3645.600 3645.600 9656 9656
1205 41 48 34 45 3645.600 3567.200 9372 9656
1210 41 48 34 45 3645.600 3567.200 9656 9656
1215 41 48 34 45 3645.600 3567.200 9372 9656
1220 41 48 34 45 3645.600 3645.600 9372 9656
1225 41 48 34 45 3645.600 3645.600 9656 9372
1230 41 48 34 45 3724 3567.200 9656 9656
1235 41 48 34 45 3645.600 3567.200 9656 9656
1240 41 47 34 45 3645.600 3567.200 9656 9656
1245 41 48 34 45 3645.600 3645.600 9656 9656
1250 41 47 34 45 3645.600 3645.600 9656 9656
1255 41 48 34 45 3645.600 3567.200 9656 9656
1260 41 48 34 45 3645.600 3567.200 9656 9656
1265 41 48 34 45 3567.200 3645.600 9656 9656
1270 41 47 34 45 3645.600 3645.600 9656 9656
1275 41 48 34 45 3645.600 3567.200 9656 9656
1280 41 48 34 45 3645.600 3645.600 9656 9656
1285 41 48 34 45 3645.600 3567.200 9372 9656
1290 41 48 33 45 3645.600 3645.600 9656 9656
1295 41 48 33 45 3645.600 3567.200 9372 9656
1300 41 47 33 45 3645.600 3645.600 9656 9656
1305 41 47 33 45 3645.600 3567.200 9656 9656
1310 41 48 33 45 3645.600 3567.200 9656 9656
1315 41 47 33 45 3645.600 3567.200 9656 9656
1320 41 47 33 45 3645.600 3645.600 9656 9656
1325 41 47 33 45 3645.600 3567.200 9656 9656
1330 41 48 33 45 3645.600 3645.600 9372 9656
1335 41 48 33 45 3567.200 3645.600 9656 9656
1340 41 48 33 44 3645.600 3567.200 9656 9656
1345 41 48 33 44 3645.600 3645.600 9372 9656
1350 41 47 33 45 3645.600 3645.600 9656 9656
1355 41 48 33 44 3645.600 3567.200 9656 9656
1360 41 47 33 44 3645.600 3645.600 9656 9656
1365 41 48 33 44 3645.600 3567.200 9656 9372
1370 41 47 33 45 3645.600 3645.600 9656 9656
1375 41 48 33 45 3645.600 3645.600 9656 9372
1380 41 47 33 44 3645.600 3567.200 9656 9372
1385 41 48 33 44 3645.600 3567.200 9656 9656
1390 41 47 33 44 3645.600 3645.600 9372 9656
1395 41 47 33 44 3645.600 3645.600 9656 9656
1400 41 47 33 44 3724 3645.600 9656 9656
1405 41 47 33 44 3645.600 3645.600 9372 9656
1410 41 47 33 44 3645.600 3645.600 9656 9656
1415 41 48 33 44 3645.600 3645.600 9372 9656
1420 41 48 33 44 3645.600 3645.600 9656 9656
1425 41 47 33 44 3645.600 3567.200 9656 9656
1430 41 48 33 44 3645.600 3567.200 9656 9372
1435 41 47 33 44 3645.600 3645.600 9372 9656
1440 41 47 33 44 3645.600 3567.200 9372 9656
1445 41 48 33 44 3645.600 3645.600 9656 9656
1450 41 47 33 44 3645.600 3645.600 9656 9656
1455 41 48 33 44 3645.600 3645.600 9656 9372
1460 41 47 33 44 3645.600 3645.600 9656 9372
1465 41 47 33 44 3645.600 3645.600 9656 9656
1470 41 47 33 44 3645.600 3567.200 9656 9656
1475 41 47 33 44 3645.600 3645.600 9372 9656
1480 41 47 33 44 3645.600 3567.200 9656 9656
1485 41 48 33 44 3645.600 3645.600 9656 9656
1490 41 47 33 44 3645.600 3645.600 12567 12567
1495 41 48 33 44 3724 3645.600 9656 9656
1500 41 47 33 44 3645.600 3567.200 9372 9372
1505 41 48 33 44 3724 3645.600 9372 9656
1510 41 48 33 44 3645.600 3645.600 9656 9656
1515 41 47 33 44 3645.600 3645.600 9656 9656
1520 41 47 33 44 3645.600 3645.600 9372 9656
