RunId,NumDataLines,SeqNum,Watts,Amps,WattHours,Cost,MoKWh,MoCost,MaxWatts,MaxVolts,MaxAmps,MinWatts,MinVolts,MinAmps,Factor,DutyCycle,PowerCycle
base1scimark2,8,0,2064,1159,1653,10,0,144880,11590,2064,1160,1690,1888,1157,1497,98,100,0,600,2097
base1scimark2,8,1,2025,1158,1635,16,0,143948,11515,2064,1161,1667,1693,1157,1351,97,100,0,600,2086
base1scimark2,8,2,2056,1158,1634,21,0,143709,11496,2056,1159,1679,1906,1156,1503,98,100,0,600,2089
base1scimark2,8,3,2011,1158,1599,27,0,143379,11470,2056,1160,1679,1693,1156,1351,97,100,0,599,2055
base1scimark2,8,4,1897,1159,1499,32,0,143381,11470,2025,1160,1643,1897,1157,1494,99,100,0,600,1910
base1scimark2,8,5,1693,1159,1560,38,0,143212,11457,2072,1161,1691,1693,1157,1352,98,100,0,600,1719
base1scimark2,8,6,2023,1159,1507,43,0,143764,11501,2023,1160,1651,1693,1157,1494,97,100,0,599,2075
base1scimark2,8,7,2065,1160,1632,49,0,143646,11491,2070,1160,1688,1888,1157,1505,99,100,0,600,2077
Processed 8 lines from power meter
There were 0 errors in reading from the meter
