RunId,NumDataLines,SeqNum,Watts,Amps,WattHours,Cost,MoKWh,MoCost,MaxWatts,MaxVolts,MaxAmps,MinWatts,MinVolts,MinAmps,Factor,DutyCycle,PowerCycle
base1scimark3,8,0,2060,1159,1620,10,0,144198,11535,2060,1160,1687,1891,1157,1494,98,100,0,600,2100
base1scimark3,8,1,2009,1160,1615,16,0,143193,11455,2060,1162,1672,1688,1157,1348,97,100,0,600,2063
base1scimark3,8,2,2065,1158,1637,21,0,143017,11441,2065,1161,1687,1877,1157,1488,98,100,0,601,2097
base1scimark3,8,3,1993,1159,1594,27,0,142892,11431,2065,1162,1688,1720,1157,1348,96,100,0,601,2060
base1scimark3,8,4,1877,1160,1506,32,0,142861,11428,2012,1161,1641,1877,1158,1489,98,100,0,601,1904
base1scimark3,8,5,1694,1158,1627,38,0,142771,11421,2041,1162,1686,1691,1158,1347,98,100,0,601,1722
base1scimark3,8,6,1969,1160,1502,43,0,143202,11456,2035,1161,1652,1694,1158,1495,97,100,0,600,2018
base1scimark3,8,7,2061,1160,1638,49,0,143319,11465,2064,1161,1688,1885,1157,1497,98,100,0,600,2089
Processed 8 lines from power meter
There were 0 errors in reading from the meter
