RunId,NumDataLines,SeqNum,Watts,Amps,WattHours,Cost,MoKWh,MoCost,MaxWatts,MaxVolts,MaxAmps,MinWatts,MinVolts,MinAmps,Factor,DutyCycle,PowerCycle
base1scimark1,8,0,2061,1159,1649,10,0,143742,11499,2062,1160,1688,1877,1158,1491,98,100,0,600,2100
base1scimark1,8,1,2026,1158,1630,16,0,143226,11458,2061,1162,1677,1691,1158,1348,97,100,0,600,2086
base1scimark1,8,2,2060,1158,1656,21,0,143154,11452,2060,1160,1685,1890,1157,1492,98,100,0,600,2095
base1scimark1,8,3,2019,1159,1606,27,0,143374,11469,2061,1161,1689,1693,1157,1350,97,100,0,599,2069
base1scimark1,8,4,1899,1160,1505,32,0,143205,11456,2033,1161,1655,1899,1158,1492,99,100,0,599,1910
base1scimark1,8,5,1695,1159,1545,38,0,143054,11444,2067,1162,1690,1695,1158,1350,98,100,0,600,1722
base1scimark1,8,6,2022,1159,1510,43,0,143617,11489,2022,1161,1644,1695,1157,1503,97,100,0,600,2072
base1scimark1,8,7,2064,1158,1638,49,0,143516,11481,2067,1160,1692,1890,1156,1505,99,100,0,600,2077
Processed 8 lines from power meter
There were 0 errors in reading from the meter
