RunId,NumDataLines,SeqNum,Watts,Amps,WattHours,Cost,MoKWh,MoCost,MaxWatts,MaxVolts,MaxAmps,MinWatts,MinVolts,MinAmps,Factor,DutyCycle,PowerCycle
tas1scimark1,8,0,2047,1143,1637,10,0,144506,11560,2047,1144,1699,1890,1141,1526,98,100,0,600,2086
tas1scimark1,8,1,2019,1143,1648,16,0,144005,11520,2047,1146,1687,1691,1141,1364,97,100,0,601,2066
tas1scimark1,8,2,2051,1142,1653,21,0,143210,11456,2051,1144,1697,1892,1142,1515,98,100,0,601,2080
tas1scimark1,8,3,2009,1142,1619,27,0,143052,11444,2056,1146,1723,1688,1141,1365,97,100,0,601,2058
tas1scimark1,8,4,1886,1144,1520,32,0,143059,11444,2022,1144,1666,1886,1140,1516,98,100,0,601,1910
tas1scimark1,8,5,1688,1143,1631,38,0,142925,11434,2072,1145,1713,1688,1141,1367,98,100,0,600,1716
tas1scimark1,8,6,2037,1143,1526,43,0,143330,11466,2040,1144,1673,1688,1141,1518,98,100,0,600,2066
tas1scimark1,8,7,2060,1142,1650,49,0,143544,11483,2070,1144,1709,1884,1141,1518,99,100,0,600,2063
Processed 8 lines from power meter
There were 0 errors in reading from the meter
