RunId,NumDataLines,SeqNum,Watts,Amps,WattHours,Cost,MoKWh,MoCost,MaxWatts,MaxVolts,MaxAmps,MinWatts,MinVolts,MinAmps,Factor,DutyCycle,PowerCycle
tas1scimark2,8,0,2033,1141,1641,10,0,144471,11557,2033,1142,1700,1877,1140,1517,97,100,0,600,2083
tas1scimark2,8,1,2023,1141,1644,16,0,143925,11514,2034,1144,1689,1688,1140,1366,97,100,0,600,2069
tas1scimark2,8,2,2047,1140,1665,21,0,143287,11462,2047,1142,1713,1881,1140,1519,97,100,0,600,2103
tas1scimark2,8,3,2029,1140,1633,27,0,143047,11443,2049,1144,1702,1688,1139,1367,98,100,0,600,2058
tas1scimark2,8,4,1883,1141,1528,32,0,143018,11441,2031,1142,1675,1883,1139,1520,98,100,0,600,1910
tas1scimark2,8,5,1810,1140,1639,38,0,143178,11454,2056,1144,1713,1693,1140,1367,100,100,0,600,1810
tas1scimark2,8,6,1964,1140,1530,43,0,143326,11466,2026,1141,1670,1810,1139,1521,97,100,0,600,2009
tas1scimark2,8,7,2066,1140,1668,49,0,143479,11478,2070,1142,1719,1890,1139,1530,98,100,0,600,2092
Processed 8 lines from power meter
There were 0 errors in reading from the meter
