RunId,NumDataLines,SeqNum,Watts,Amps,WattHours,Cost,MoKWh,MoCost,MaxWatts,MaxVolts,MaxAmps,MinWatts,MinVolts,MinAmps,Factor,DutyCycle,PowerCycle
tas1scimark3,8,0,2049,1139,1686,11,0,145010,11600,2051,1142,1705,1905,1138,1521,98,100,0,600,2072
tas1scimark3,8,1,2022,1140,1647,16,0,143907,11512,2049,1142,1686,1691,1138,1369,97,100,0,600,2069
tas1scimark3,8,2,2065,1140,1666,22,0,143699,11495,2065,1141,1716,1909,1139,1523,98,100,0,600,2103
tas1scimark3,8,3,2028,1140,1649,27,0,143495,11479,2067,1143,1717,1691,1139,1370,98,100,0,600,2055
tas1scimark3,8,4,1880,1141,1526,33,0,143375,11470,2039,1141,1664,1880,1139,1523,98,100,0,600,1910
tas1scimark3,8,5,1964,1139,1642,38,0,143276,11462,2056,1142,1705,1691,1138,1371,99,100,0,599,1969
tas1scimark3,8,6,1890,1140,1540,44,0,143590,11487,2033,1141,1699,1890,1138,1526,98,100,0,600,1921
tas1scimark3,8,7,2039,1140,1569,49,0,143729,11498,2039,1141,1718,1890,1138,1538,97,100,0,600,2083
Processed 8 lines from power meter
There were 0 errors in reading from the meter
