Time CPU_0_Temp CPU_1_Temp Ambient_Temp0 Ambient_Temp1 Blower_Fan_0 Blower_Fan_1 Axial_Fan_0 Axial_Fan_1
0 41 47 33 44 3645.600 3567.200 9656 9656
5 41 47 33 44 3645.600 3645.600 9656 9656
10 41 47 33 44 3645.600 3645.600 9656 9656
15 41 48 33 44 3645.600 3645.600 9656 9372
20 41 47 33 44 3645.600 3567.200 9940 9656
25 41 47 33 44 3645.600 3645.600 9656 9656
30 41 47 33 44 3645.600 3645.600 9656 9656
35 41 48 33 44 3645.600 3645.600 9656 9656
40 41 47 33 44 3645.600 3567.200 9656 9656
45 41 48 33 44 3645.600 3567.200 9372 9656
50 41 47 33 44 3645.600 3567.200 9656 9372
55 41 48 33 44 3724 3645.600 9656 9656
60 41 48 33 44 3645.600 3645.600 9656 9656
65 41 47 33 44 3567.200 3567.200 9656 9372
70 41 48 33 44 3645.600 3645.600 9372 9372
75 41 47 33 44 3645.600 3645.600 9656 9656
80 41 47 33 44 3645.600 3567.200 9656 9372
85 41 48 33 44 3645.600 3567.200 9656 9656
90 41 47 32 44 3645.600 3645.600 9656 9372
95 41 47 33 44 3645.600 3645.600 9656 9656
100 41 47 33 44 3724 3645.600 9656 9656
105 41 48 32 44 3645.600 3567.200 9656 9656
110 41 47 33 44 3567.200 3645.600 9656 9372
115 41 48 33 44 3645.600 3645.600 9656 9656
120 41 48 33 44 3645.600 3567.200 9656 9656
125 41 47 33 44 3645.600 3645.600 9656 9656
130 41 47 33 44 3645.600 3645.600 9656 9656
135 41 47 32 44 3645.600 3645.600 9372 9656
140 41 47 33 44 3567.200 3645.600 9656 9656
145 41 47 33 44 3645.600 3645.600 9656 9656
150 41 47 33 44 3645.600 3567.200 9656 9656
155 41 47 33 44 3645.600 3567.200 9656 9372
160 41 48 33 44 3645.600 3567.200 9656 9656
165 41 47 33 44 3645.600 3645.600 9656 9372
170 41 47 33 44 3645.600 3645.600 9656 9656
175 41 48 32 44 3645.600 3645.600 9656 9656
180 41 47 33 44 3645.600 3645.600 9656 9656
185 41 47 33 44 3724 3645.600 9656 9656
190 41 48 32 44 3645.600 3645.600 9656 9656
195 41 47 32 44 3645.600 3645.600 9656 9656
200 41 48 33 44 3645.600 3645.600 9656 9656
205 41 48 33 44 3645.600 3645.600 9656 9656
210 41 47 32 44 3645.600 3645.600 9656 9656
215 41 48 33 44 3645.600 3645.600 9656 9656
220 41 47 33 44 3645.600 3645.600 9656 9656
225 41 47 32 44 3645.600 3567.200 9656 9656
230 41 48 32 44 3645.600 3645.600 9656 9656
235 41 47 32 44 3645.600 3567.200 9372 9372
240 41 47 33 44 3567.200 3645.600 9656 9656
245 41 48 32 44 3724 3567.200 9656 9656
250 41 47 32 44 3645.600 3645.600 9656 9656
255 41 47 32 44 3645.600 3645.600 9656 9656
260 41 48 32 44 3645.600 3645.600 9656 9656
265 41 48 32 44 3645.600 3567.200 9656 9372
270 42 49 32 44 3567.200 3567.200 9372 9656
275 42 49 32 44 3645.600 3645.600 9656 9656
280 42 50 33 44 3645.600 3645.600 9372 9372
285 43 50 33 44 3645.600 3645.600 9372 9656
290 43 50 33 45 3645.600 3567.200 9372 9656
295 43 50 33 45 3645.600 3645.600 9656 9656
300 43 50 33 45 3645.600 3645.600 9656 9656
305 43 50 33 45 3645.600 3567.200 9372 9656
310 44 51 33 45 3645.600 3567.200 9656 9656
315 44 50 33 45 3645.600 3645.600 9656 9656
320 44 51 33 45 3645.600 3645.600 9656 9372
325 44 51 33 45 3645.600 3567.200 9372 9656
330 44 51 33 46 3645.600 3645.600 9656 9656
335 44 52 33 46 3724 3567.200 9656 9656
340 44 51 33 46 3645.600 3567.200 9656 9372
345 44 51 34 46 3645.600 3645.600 9656 9656
350 45 51 34 46 3645.600 3645.600 9656 9656
355 44 52 34 46 3645.600 3645.600 9372 9656
360 45 52 34 46 3645.600 3567.200 9372 9656
365 45 52 34 46 3645.600 3645.600 9656 9656
370 44 52 34 46 3645.600 3645.600 9656 9656
375 45 53 34 46 3645.600 3645.600 9940 9372
380 45 52 34 47 3567.200 3567.200 9656 9656
385 45 53 34 47 3645.600 3645.600 9656 9656
390 45 52 34 47 3645.600 3567.200 9656 9656
395 45 52 34 47 3567.200 3645.600 9656 9372
400 45 53 34 47 3645.600 3645.600 9656 9656
405 45 53 34 47 3645.600 3645.600 9372 9656
410 45 53 34 47 3645.600 3645.600 9656 9656
415 45 53 34 47 3645.600 3645.600 9656 9656
420 45 53 34 47 3645.600 3645.600 9656 9656
425 45 53 34 47 3645.600 3567.200 9656 9656
430 45 53 35 47 3645.600 3645.600 9656 9656
435 45 53 35 47 3645.600 3567.200 9372 9656
440 45 53 35 47 3645.600 3567.200 9656 9656
445 45 53 35 47 3724 3567.200 9656 9656
450 45 53 35 47 3567.200 3645.600 9656 9372
455 45 53 35 48 3645.600 3645.600 9656 9656
460 45 53 35 48 3645.600 3645.600 9656 9656
465 46 53 35 48 3645.600 3645.600 9656 9656
470 45 53 35 48 3645.600 3645.600 9656 9656
475 45 54 35 48 3645.600 3567.200 9372 9656
480 45 54 35 48 3645.600 3645.600 9656 9656
485 45 54 35 48 3645.600 3567.200 9656 9372
490 45 53 35 48 3645.600 3567.200 9372 9656
495 45 54 35 48 3645.600 3645.600 9656 9656
500 45 54 35 48 3567.200 3645.600 9656 9656
505 45 54 35 48 3645.600 3645.600 9656 9656
510 45 54 35 48 3645.600 3567.200 9656 9656
515 45 53 35 48 3645.600 3645.600 9372 9656
520 46 54 35 48 3645.600 3645.600 9372 9656
525 46 53 35 48 3645.600 3645.600 9372 9656
530 46 54 35 48 3645.600 3645.600 9372 9656
535 46 54 35 48 3645.600 3567.200 9656 9656
540 46 54 35 48 3645.600 3567.200 9656 9656
545 45 54 35 48 3645.600 3567.200 9372 9656
550 45 54 35 48 3645.600 3567.200 9656 9656
555 46 54 35 48 3645.600 3645.600 9372 9372
560 45 53 35 48 3645.600 3645.600 9656 9656
565 45 54 35 48 3645.600 3645.600 9656 9656
570 46 53 35 49 3645.600 3645.600 9656 9656
575 45 54 35 48 3645.600 3645.600 9656 9372
580 46 54 35 48 3645.600 3567.200 9372 9656
585 45 54 35 48 3724 3645.600 9656 9372
590 46 54 35 48 3645.600 3645.600 9656 9656
595 46 54 35 48 3645.600 3567.200 9372 9656
600 46 54 35 49 3724 3645.600 9372 9656
605 46 54 35 49 3645.600 3645.600 9656 9656
610 45 54 36 48 3645.600 3645.600 9372 9656
615 46 54 36 49 3645.600 3645.600 9656 9372
620 46 54 36 49 3645.600 3645.600 9656 9656
625 45 54 36 49 3645.600 3645.600 9656 9656
630 46 54 36 49 3645.600 3645.600 9656 9656
635 46 54 36 49 3645.600 3645.600 9372 9656
640 45 54 36 49 3645.600 3567.200 9656 9372
645 46 54 36 49 3645.600 3645.600 9656 9372
650 46 54 36 49 3645.600 3645.600 9372 9656
655 45 54 36 49 3645.600 3645.600 9656 9656
660 45 54 36 49 3645.600 3645.600 9656 9656
665 46 53 36 49 3645.600 3645.600 9656 9656
670 46 54 36 49 3724 3645.600 9656 9656
675 46 54 36 49 3645.600 3567.200 9372 9656
680 46 54 36 49 3645.600 3645.600 9656 9656
685 46 54 36 49 3645.600 3645.600 9656 9656
690 46 54 36 49 3645.600 3645.600 9656 9656
695 46 54 36 49 3645.600 3645.600 9656 9656
700 46 54 36 49 3645.600 3645.600 9372 9656
705 46 54 36 49 3645.600 3567.200 9656 9656
710 46 54 36 49 3645.600 3645.600 9656 9656
715 45 54 36 49 3645.600 3645.600 9372 9656
720 45 54 36 49 3645.600 3645.600 9372 9656
725 46 54 36 49 3567.200 3567.200 9656 9656
730 45 54 36 49 3645.600 3567.200 9372 9656
735 46 54 36 49 3567.200 3567.200 9372 9656
740 46 54 36 49 3645.600 3645.600 9656 9656
745 46 54 36 49 3645.600 3645.600 9656 9656
750 46 54 36 49 3645.600 3645.600 9372 9656
755 45 54 36 49 3645.600 3645.600 9656 9656
760 45 54 36 49 3724 3645.600 9656 9372
765 46 54 36 49 3645.600 3567.200 9656 9656
770 45 54 36 49 3645.600 3645.600 9656 9656
775 46 54 36 49 3645.600 3567.200 9656 9372
780 46 54 36 49 3645.600 3567.200 9656 9656
785 46 54 36 49 3645.600 3645.600 9656 9656
790 45 55 36 49 3645.600 3645.600 9372 9372
795 45 54 36 49 3645.600 3645.600 9656 9656
800 46 55 36 49 3645.600 3645.600 9656 9656
805 46 54 36 49 3645.600 3567.200 9656 9656
810 46 54 36 49 3645.600 3645.600 9656 9372
815 45 54 36 49 3645.600 3567.200 9656 9656
820 46 54 36 49 3645.600 3645.600 9656 9656
825 46 54 36 49 3645.600 3645.600 9656 9656
830 45 54 36 49 3645.600 3645.600 9656 9656
835 45 55 36 49 3567.200 3645.600 9372 9656
840 46 54 36 49 3567.200 3645.600 9656 9656
845 46 54 36 49 3645.600 3645.600 9656 9656
850 46 54 36 49 3645.600 3645.600 9656 9656
855 46 54 36 49 3567.200 3645.600 9656 9656
860 46 54 36 49 3645.600 3645.600 9656 9656
865 45 54 36 49 3645.600 3645.600 9656 9656
870 45 54 36 49 3645.600 3645.600 9372 9656
875 45 54 36 49 3645.600 3645.600 9656 9656
880 46 54 36 49 3567.200 3645.600 9656 9656
885 45 54 36 49 3724 3567.200 9656 9372
890 46 54 36 49 3645.600 3645.600 9656 9656
895 46 54 36 49 3724 3645.600 9656 9656
900 46 54 36 49 3645.600 3645.600 9656 9656
905 46 54 36 49 3645.600 3645.600 9656 9656
910 45 54 36 49 3645.600 3645.600 9372 9656
915 46 54 36 49 3645.600 3645.600 9656 9656
920 46 54 36 49 3645.600 3645.600 9656 9656
925 46 54 36 49 3645.600 3645.600 9656 9656
930 46 54 36 49 3645.600 3645.600 9372 9656
935 46 54 36 49 3567.200 3567.200 9656 9656
940 46 54 36 49 3645.600 3567.200 9656 9372
945 46 54 36 49 3645.600 3645.600 9656 9656
950 45 54 36 49 3567.200 3567.200 9372 9656
955 46 54 36 49 3645.600 3567.200 9656 9656
960 46 54 36 49 3567.200 3645.600 9656 9656
965 45 54 36 49 3645.600 3645.600 9372 9656
970 46 54 36 49 3645.600 3567.200 9372 9372
975 46 54 36 49 3645.600 3567.200 9656 9656
980 46 54 36 49 3645.600 3645.600 9656 9656
985 45 52 36 49 3645.600 3645.600 9372 9372
990 45 53 36 49 3645.600 3645.600 9656 9656
995 45 52 36 49 3645.600 3645.600 9656 9656
1000 45 52 36 49 3645.600 3645.600 9656 9372
1005 45 51 36 49 3645.600 3645.600 9656 9656
1010 45 51 36 48 3645.600 3645.600 9656 9656
1015 46 52 36 48 3645.600 3645.600 9656 9656
1020 46 51 36 48 3645.600 3567.200 9656 9656
1025 45 51 36 48 3567.200 3567.200 9656 9656
1030 46 50 36 48 3645.600 3645.600 9656 9656
1035 45 51 36 48 3645.600 3567.200 9656 9656
1040 46 50 36 48 3645.600 3645.600 9656 9656
1045 46 50 36 48 3645.600 3645.600 9656 9372
1050 45 50 36 47 3567.200 3567.200 9656 9656
1055 45 50 35 47 3645.600 3645.600 9656 9372
1060 45 50 35 47 3645.600 3645.600 9656 9656
1065 45 50 35 47 3567.200 3567.200 9656 9656
1070 46 50 35 47 3645.600 3645.600 9656 9656
1075 45 49 35 47 3645.600 3645.600 9656 9656
1080 46 49 35 47 3645.600 3645.600 9372 9656
1085 45 49 35 47 3645.600 3645.600 9656 9656
1090 46 49 35 47 3645.600 3567.200 9656 9656
1095 46 49 35 47 3645.600 3645.600 9656 9372
1100 45 49 35 47 3645.600 3645.600 9372 9656
1105 46 49 35 47 3645.600 3645.600 9656 9656
1110 46 49 35 46 3645.600 3567.200 9656 9656
1115 45 49 35 46 3645.600 3645.600 9656 9656
1120 46 49 35 46 3645.600 3567.200 9940 9656
1125 45 49 35 46 3645.600 3645.600 9656 9656
1130 45 49 35 46 3645.600 3567.200 9656 9656
1135 45 48 35 46 3645.600 3645.600 9656 9656
1140 45 48 35 46 3724 3645.600 9656 9372
1145 46 48 35 46 3645.600 3645.600 9656 9656
1150 45 48 35 46 3645.600 3645.600 9656 9656
1155 46 48 35 46 3567.200 3567.200 9656 9656
1160 46 48 35 46 3645.600 3645.600 9656 9656
1165 45 49 35 46 3645.600 3645.600 9372 9656
1170 45 48 35 46 3645.600 3645.600 9372 9656
1175 45 48 35 46 3645.600 3645.600 9656 9656
1180 46 48 35 46 3645.600 3567.200 9656 9656
1185 45 49 35 46 3645.600 3645.600 9656 9656
1190 46 48 35 45 3645.600 3567.200 9656 9656
1195 46 48 35 46 3645.600 3645.600 9656 9656
1200 45 48 35 45 3645.600 3645.600 9656 9656
1205 45 48 35 45 3645.600 3645.600 9656 9656
1210 45 48 35 45 3645.600 3645.600 9372 9656
1215 45 48 35 45 3645.600 3645.600 9656 9372
1220 45 48 35 45 3645.600 3645.600 9656 9656
1225 45 48 35 45 3645.600 3645.600 9656 9656
1230 46 48 35 45 3645.600 3567.200 9656 9656
1235 46 48 35 45 3724 3645.600 9656 9656
1240 46 48 35 45 3645.600 3645.600 9656 9656
1245 46 48 35 45 3567.200 3645.600 9656 9656
1250 46 48 35 45 3645.600 3645.600 9656 9656
1255 46 48 35 45 3645.600 3567.200 9656 9372
1260 46 48 35 45 3645.600 3645.600 9656 9656
1265 45 48 35 45 3567.200 3567.200 9656 9656
1270 46 48 35 45 3567.200 3645.600 9372 9656
1275 45 48 35 45 3645.600 3645.600 9656 9656
1280 46 48 35 45 3645.600 3645.600 9372 9656
1285 46 48 35 45 3645.600 3645.600 9656 9656
1290 46 48 35 45 3645.600 3567.200 9656 9656
1295 46 48 35 45 3645.600 3567.200 9372 9656
1300 46 48 35 45 3645.600 3567.200 9656 9656
1305 46 48 35 45 3645.600 3645.600 9656 9656
1310 45 48 35 45 3645.600 3645.600 9372 9656
1315 46 48 35 45 3645.600 3567.200 9656 9372
1320 45 48 35 45 3645.600 3645.600 9656 9656
1325 45 48 35 45 3645.600 3567.200 9656 9656
1330 45 48 35 45 3645.600 3645.600 9372 9656
1335 46 47 35 45 3645.600 3567.200 9656 9656
1340 46 48 35 45 3645.600 3645.600 9656 9656
1345 46 48 35 45 3645.600 3645.600 9372 9656
1350 46 48 35 45 3567.200 3645.600 9656 9656
1355 45 48 35 45 3645.600 3567.200 9656 9656
1360 46 48 35 45 3645.600 3567.200 9656 9656
1365 46 48 35 45 3645.600 3567.200 9656 9372
1370 46 48 35 45 3645.600 3567.200 9656 9656
1375 45 48 35 45 3645.600 3645.600 9656 9656
1380 46 48 35 45 3645.600 3645.600 9372 9656
1385 45 48 35 45 3645.600 3645.600 9372 9656
1390 45 48 35 45 3645.600 3645.600 9656 9656
1395 44 48 35 45 3645.600 3645.600 9372 9656
1400 44 48 35 45 3645.600 3567.200 9656 9372
1405 44 48 35 45 3645.600 3645.600 9656 9656
1410 44 48 35 45 3645.600 3645.600 9656 9656
1415 43 47 35 45 3645.600 3567.200 9656 9656
1420 43 48 34 44 3645.600 3645.600 9656 9656
1425 43 47 34 44 3645.600 3645.600 9372 9656
1430 43 48 34 45 3645.600 3567.200 9656 9656
1435 43 47 34 44 3645.600 3567.200 9656 9656
1440 43 48 34 45 3645.600 3645.600 9372 9656
1445 43 48 34 45 3645.600 3567.200 9372 9372
1450 42 48 34 45 3567.200 3645.600 9656 9656
1455 42 48 34 44 3645.600 3645.600 9656 9656
1460 43 47 34 44 3645.600 3567.200 9656 9656
1465 42 47 34 45 3724 3567.200 9656 9656
1470 42 48 34 44 3645.600 3645.600 9656 9656
1475 42 47 34 45 3645.600 3645.600 9656 9656
1480 42 47 34 44 3645.600 3645.600 9656 9656
1485 42 47 34 44 3724 3645.600 9656 9656
1490 42 47 34 44 3645.600 3645.600 9656 9656
1495 42 47 34 44 3645.600 3645.600 9656 9372
1500 42 48 34 44 3645.600 3567.200 9656 9656
1505 42 47 34 44 3645.600 3645.600 9656 9656
1510 42 48 34 44 3645.600 3645.600 9372 9656
1515 41 48 34 44 3724 3645.600 9656 9372
1520 42 48 34 44 3645.600 3645.600 9656 9656
1525 42 47 34 44 3645.600 3567.200 9656 9656
1530 42 47 34 44 3645.600 3645.600 9656 9372
1535 41 48 34 44 3645.600 3645.600 9656 9656
1540 42 47 34 44 3645.600 3645.600 9372 9656
1545 42 47 34 44 3645.600 3645.600 9656 9656
1550 42 47 34 44 3724 3645.600 9656 9656
1555 42 47 34 44 3645.600 3645.600 12567 12070
1560 41 48 33 44 3567.200 3645.600 9656 9656
1565 41 47 33 44 3724 3645.600 9656 9656
1570 42 47 33 44 3645.600 3645.600 9656 9656
1575 42 47 33 44 3724 3645.600 9656 9372
1580 41 48 33 44 3645.600 3645.600 9656 9656
1585 41 47 33 44 3645.600 3645.600 9372 9656
1590 41 47 33 44 3645.600 3567.200 9656 9656
1595 41 48 33 44 3645.600 3567.200 9372 9656
1600 41 47 33 44 3645.600 3645.600 9656 9656
1605 41 48 33 44 3645.600 3645.600 9656 9656
1610 41 47 33 44 3645.600 3645.600 9656 9656
1615 41 47 33 44 3645.600 3645.600 9372 9656
1620 41 47 33 44 3645.600 3567.200 9656 9656
1625 41 48 33 44 3645.600 3567.200 9656 9656
1630 41 48 33 44 3645.600 3645.600 9656 9656
1635 41 48 33 44 3645.600 3645.600 9656 9656
1640 41 47 33 44 3645.600 3645.600 9656 9656
1645 41 47 33 44 3645.600 3567.200 9372 9656
1650 41 48 33 44 3645.600 3567.200 9656 9656
1655 41 47 33 44 3645.600 3645.600 9656 9656
1660 41 48 33 44 3645.600 3645.600 9656 9656
1665 41 47 33 44 3645.600 3645.600 9656 9372
1670 41 48 33 44 3645.600 3645.600 9656 9656
1675 41 48 33 44 3645.600 3645.600 9656 9656
1680 41 47 33 44 3645.600 3645.600 9372 9656
1685 41 47 33 44 3645.600 3645.600 9656 9656
1690 41 47 33 44 3724 3567.200 9656 9656
1695 41 47 33 44 3645.600 3645.600 9656 9656
1700 41 47 33 44 3645.600 3645.600 9656 9656
1705 41 48 33 44 3645.600 3645.600 9656 9656
1710 41 47 33 44 3567.200 3645.600 9656 9372
1715 41 47 33 44 3567.200 3645.600 9656 9656
1720 41 48 33 44 3645.600 3645.600 9372 9656
1725 41 47 33 44 3645.600 3645.600 9656 9656
1730 41 48 33 44 3645.600 3645.600 9656 9656
1735 41 47 33 44 3645.600 3645.600 9656 9656
1740 41 48 33 44 3645.600 3645.600 9656 9656
1745 41 47 33 44 3724 3567.200 9372 9656
1750 41 47 33 44 3645.600 3645.600 9656 9656
1755 41 48 33 44 3645.600 3645.600 9656 9656
1760 41 48 33 44 3645.600 3645.600 9656 9656
1765 41 48 33 44 3645.600 3645.600 9656 9656
1770 41 47 33 44 3645.600 3645.600 9656 9656
1775 41 47 33 44 3567.200 3567.200 9656 9372
1780 41 48 33 44 3645.600 3645.600 9656 9656
1785 41 47 33 44 3645.600 3567.200 9656 9656
1790 41 47 33 44 3567.200 3567.200 9656 9656
1795 41 47 33 44 3645.600 3645.600 9656 9656
1800 41 47 33 44 3645.600 3567.200 9656 9656
1805 41 48 33 44 3724 3645.600 9656 9656
1810 41 47 33 44 3645.600 3645.600 9656 9656
1815 41 47 33 44 3645.600 3645.600 9372 9656
1820 41 47 33 44 3645.600 3645.600 9656 9656
1825 41 47 33 44 3724 3645.600 9656 9656
1830 41 47 33 44 3645.600 3645.600 9656 9656
1835 41 48 33 44 3645.600 3567.200 9656 9656
1840 41 47 33 44 3645.600 3645.600 9656 9372
1845 41 47 33 44 3645.600 3567.200 9656 9656
1850 41 47 33 44 3645.600 3645.600 9656 9372
1855 41 47 33 44 3645.600 3567.200 9372 9372
1860 41 47 33 44 3645.600 3645.600 9656 9656
1865 41 47 33 44 3645.600 3645.600 9656 9656
1870 41 47 33 44 3645.600 3645.600 9656 9656
1875 41 47 33 44 3724 3567.200 9372 9656
1880 41 47 33 44 3645.600 3567.200 9656 9656
1885 41 47 33 44 3567.200 3645.600 9656 9372
1890 41 48 33 44 3645.600 3645.600 9372 9656
1895 41 47 33 44 3645.600 3567.200 9656 9656
1900 41 47 33 44 3645.600 3567.200 9372 9372
1905 41 47 33 44 3645.600 3645.600 9656 9656
1910 41 48 33 44 3567.200 3567.200 9372 9372
1915 41 47 33 44 3645.600 3645.600 9656 9656
1920 41 48 33 44 3645.600 3567.200 9656 9656
1925 41 47 33 44 3645.600 3645.600 9656 9372
