RunId,NumDataLines,SeqNum,Watts,Amps,WattHours,Cost,MoKWh,MoCost,MaxWatts,MaxVolts,MaxAmps,MinWatts,MinVolts,MinAmps,Factor,DutyCycle,PowerCycle
ph_byte_ule,147,0,1887,1135,1537,9,0,127528,10202,1887,1137,1544,1706,1134,1380,98,100,0,601,1918
ph_byte_ule,147,1,1697,1136,1380,14,0,128266,10261,1887,1137,1537,1697,1134,1379,98,100,0,601,1719
ph_byte_ule,147,2,1904,1135,1549,19,0,128717,10297,1904,1137,1563,1696,1134,1378,98,100,0,601,1932
ph_byte_ule,147,3,1699,1136,1379,24,0,129036,10322,1904,1137,1551,1699,1134,1379,98,100,0,601,1719
ph_byte_ule,147,4,1891,1135,1536,29,0,129122,10329,1893,1137,1544,1698,1134,1379,98,100,0,601,1918
ph_byte_ule,147,5,1697,1137,1378,34,0,129214,10337,1891,1138,1538,1697,1134,1378,98,100,0,600,1719
ph_byte_ule,147,6,1902,1136,1548,39,0,129461,10356,1902,1138,1557,1696,1134,1377,98,100,0,600,1932
ph_byte_ule,147,7,1697,1137,1379,44,0,129411,10352,1903,1138,1550,1697,1134,1378,98,100,0,600,1719
ph_byte_ule,147,8,1902,1136,1552,49,0,129463,10357,1902,1138,1560,1697,1134,1378,98,100,0,600,1932
ph_byte_ule,147,9,1697,1137,1380,54,0,129543,10363,1903,1137,1552,1697,1133,1379,98,100,0,600,1719
ph_byte_ule,147,10,1895,1137,1546,59,0,129558,10364,1895,1138,1548,1696,1134,1378,98,100,0,600,1930
ph_byte_ule,147,11,1702,1137,1378,64,0,129646,10371,1899,1138,1549,1700,1134,1378,99,100,0,600,1719
ph_byte_ule,147,12,1888,1136,1535,69,0,129407,10352,1888,1138,1543,1699,1135,1377,98,100,0,600,1918
ph_byte_ule,147,13,1696,1137,1378,74,0,129631,10370,1888,1138,1544,1696,1134,1377,98,100,0,600,1716
ph_byte_ule,147,14,1886,1137,1534,79,0,129416,10353,1886,1138,1542,1696,1135,1376,98,100,0,600,1915
ph_byte_ule,147,15,1697,1138,1378,84,0,129694,10375,1887,1138,1546,1697,1134,1377,98,100,0,600,1716
ph_byte_ule,147,16,1900,1136,1547,89,0,129436,10354,1900,1138,1547,1696,1135,1376,98,100,0,600,1930
ph_byte_ule,147,17,1697,1138,1377,94,0,129658,10372,1901,1138,1549,1697,1134,1377,98,100,0,601,1719
ph_byte_ule,147,18,1900,1136,1545,99,0,129491,10359,1900,1138,1547,1696,1134,1375,98,100,0,601,1930
ph_byte_ule,147,19,1699,1138,1378,104,0,129690,10375,1901,1138,1554,1699,1133,1377,99,100,0,601,1716
ph_byte_ule,147,20,1900,1137,1545,109,0,129537,10363,1900,1138,1547,1697,1135,1376,98,100,0,601,1930
ph_byte_ule,147,21,1697,1138,1378,114,0,129775,10382,1901,1138,1562,1697,1134,1377,98,100,0,600,1716
ph_byte_ule,147,22,1903,1136,1546,119,0,129579,10366,1904,1138,1549,1696,1135,1376,98,100,0,599,1930
ph_byte_ule,147,23,1703,1138,1382,124,0,129811,10384,1903,1138,1572,1700,1135,1376,98,100,0,600,1731
ph_byte_ule,147,24,1698,1136,1547,129,1,129504,10360,1703,1138,1547,1698,1136,1376,98,100,0,600,1716
ph_byte_ule,147,25,1902,1138,1391,134,1,129829,10386,1902,1138,1557,1698,1134,1383,98,100,0,600,1930
ph_byte_ule,147,26,1698,1135,1541,139,1,129588,10367,1902,1138,1550,1698,1135,1377,98,100,0,599,1719
ph_byte_ule,147,27,1893,1136,1389,144,1,129779,10382,1894,1137,1554,1698,1134,1383,98,100,0,600,1918
ph_byte_ule,147,28,1699,1136,1532,149,1,129554,10364,1893,1138,1539,1699,1134,1376,99,100,0,600,1716
ph_byte_ule,147,29,1887,1136,1390,154,1,129765,10381,1888,1137,1542,1699,1134,1383,98,100,0,600,1915
ph_byte_ule,147,30,1698,1135,1533,159,1,129552,10364,1887,1138,1540,1698,1135,1375,98,100,0,600,1716
ph_byte_ule,147,31,1898,1136,1388,164,1,129780,10382,1898,1137,1593,1698,1134,1384,98,100,0,599,1932
ph_byte_ule,147,32,1701,1136,1545,169,1,129580,10366,1898,1138,1554,1701,1135,1376,99,100,0,599,1716
ph_byte_ule,147,33,1897,1135,1385,174,1,129790,10383,1897,1137,1556,1701,1133,1384,98,100,0,599,1924
ph_byte_ule,147,34,1700,1136,1536,179,1,129598,10367,1897,1137,1544,1700,1133,1377,99,100,0,600,1714
ph_byte_ule,147,35,1895,1137,1407,184,1,129799,10383,1895,1137,1574,1700,1134,1407,98,100,0,600,1927
ph_byte_ule,147,36,1708,1137,1375,189,1,129614,10369,1895,1138,1541,1708,1135,1374,99,100,0,599,1719
ph_byte_ule,147,37,1804,1136,1487,194,1,129530,10362,1804,1137,1496,1700,1134,1374,97,100,0,600,1856
ph_byte_ule,147,38,1724,1136,1377,199,1,129504,10360,1821,1137,1496,1724,1134,1376,100,100,0,600,1724
ph_byte_ule,147,39,1802,1134,1483,204,1,129425,10354,1802,1137,1493,1707,1134,1376,97,100,0,600,1847
ph_byte_ule,147,40,1722,1135,1378,209,1,129391,10351,1813,1137,1495,1722,1132,1376,100,100,0,600,1722
ph_byte_ule,147,41,1806,1135,1494,214,1,129354,10348,1806,1137,1499,1706,1134,1375,96,100,0,600,1864
ph_byte_ule,147,42,1726,1136,1377,219,1,129306,10344,1822,1137,1497,1726,1134,1375,100,100,0,600,1726
ph_byte_ule,147,43,1802,1135,1492,223,1,129242,10339,1802,1138,1498,1708,1134,1373,96,100,0,600,1864
ph_byte_ule,147,44,1691,1136,1377,228,1,129227,10338,1821,1137,1502,1691,1134,1375,98,100,0,601,1714
ph_byte_ule,147,45,1794,1136,1479,233,1,129188,10335,1794,1137,1492,1691,1134,1375,97,100,0,601,1847
ph_byte_ule,147,46,1725,1137,1374,238,1,129133,10330,1809,1138,1494,1725,1134,1373,100,100,0,601,1725
ph_byte_ule,147,47,1834,1135,1492,243,1,129076,10326,1835,1138,1498,1706,1133,1373,98,100,0,601,1859
ph_byte_ule,147,48,1694,1136,1374,248,1,129071,10325,1835,1137,1548,1691,1134,1372,99,100,0,601,1711
ph_byte_ule,147,49,1819,1135,1481,253,2,128971,10317,1819,1137,1493,1693,1133,1374,98,100,0,601,1847
ph_byte_ule,147,50,1693,1138,1374,258,2,129012,10321,1819,1138,1490,1693,1134,1373,98,100,0,601,1711
ph_byte_ule,147,51,1826,1136,1489,263,2,128893,10311,1826,1138,1491,1692,1135,1373,98,100,0,601,1850
ph_byte_ule,147,52,1691,1137,1375,268,2,128951,10316,1831,1137,1505,1691,1135,1374,98,100,0,601,1711
ph_byte_ule,147,53,1831,1136,1492,272,2,128837,10307,1831,1137,1497,1691,1134,1373,98,100,0,601,1861
ph_byte_ule,147,54,1691,1138,1373,277,2,128894,10311,1832,1138,1494,1691,1134,1372,98,100,0,601,1714
ph_byte_ule,147,55,1826,1136,1483,282,2,128782,10302,1826,1138,1489,1690,1135,1371,98,100,0,601,1850
ph_byte_ule,147,56,1691,1135,1375,287,2,128800,10304,1826,1138,1488,1691,1133,1372,98,100,0,601,1714
ph_byte_ule,147,57,1831,1135,1491,292,2,128717,10297,1831,1137,1504,1690,1134,1373,98,100,0,601,1859
ph_byte_ule,147,58,1691,1136,1375,297,2,128772,10301,1832,1137,1507,1691,1133,1374,98,100,0,601,1711
ph_byte_ule,147,59,1817,1136,1477,302,2,128689,10295,1817,1137,1485,1690,1135,1373,98,100,0,601,1841
ph_byte_ule,147,60,1693,1137,1374,307,2,128689,10295,1818,1138,1541,1693,1134,1370,98,100,0,601,1714
ph_byte_ule,147,61,1692,1136,1374,312,2,128589,10287,1696,1138,1534,1692,1133,1372,98,100,0,601,1711
ph_byte_ule,147,62,1833,1135,1491,317,2,128642,10291,1833,1137,1503,1692,1133,1374,98,100,0,601,1861
ph_byte_ule,147,63,1690,1135,1374,322,2,128570,10285,1833,1137,1494,1690,1134,1373,98,100,0,601,1708
ph_byte_ule,147,64,1821,1135,1480,327,2,128590,10287,1824,1136,1494,1690,1133,1374,98,100,0,601,1844
ph_byte_ule,147,65,1690,1136,1374,331,2,128501,10280,1821,1137,1482,1690,1134,1373,98,100,0,601,1711
ph_byte_ule,147,66,1832,1134,1493,336,2,128550,10284,1832,1137,1495,1690,1134,1374,98,100,0,601,1859
ph_byte_ule,147,67,1690,1135,1374,341,2,128464,10277,1832,1137,1494,1690,1133,1373,98,100,0,601,1708
ph_byte_ule,147,68,1831,1134,1493,346,2,128512,10281,1831,1136,1502,1690,1131,1374,98,100,0,601,1859
ph_byte_ule,147,69,1690,1135,1375,351,2,128431,10274,1831,1136,1494,1690,1132,1374,98,100,0,601,1711
ph_byte_ule,147,70,1832,1135,1492,356,2,128497,10279,1832,1136,1495,1690,1133,1374,98,100,0,601,1861
ph_byte_ule,147,71,1691,1136,1374,361,2,128401,10272,1832,1137,1509,1691,1134,1374,98,100,0,601,1711
ph_byte_ule,147,72,1834,1135,1492,366,2,128447,10275,1835,1137,1496,1691,1134,1374,98,100,0,601,1859
ph_byte_ule,147,73,1696,1135,1374,371,2,128378,10270,1834,1137,1554,1694,1134,1372,99,100,0,601,1711
ph_byte_ule,147,74,1814,1136,1490,375,3,128355,10268,1814,1138,1492,1693,1134,1373,97,100,0,601,1856
ph_byte_ule,147,75,1711,1137,1374,380,3,128349,10267,1825,1138,1492,1711,1135,1373,99,100,0,601,1714
ph_byte_ule,147,76,1813,1135,1491,385,3,128311,10264,1813,1138,1496,1699,1133,1373,97,100,0,601,1859
ph_byte_ule,147,77,1717,1137,1373,390,3,128340,10267,1825,1138,1507,1717,1134,1372,100,100,0,600,1717
ph_byte_ule,147,78,1811,1137,1490,395,3,128287,10262,1811,1138,1495,1701,1135,1372,97,100,0,601,1859
ph_byte_ule,147,79,1716,1138,1372,400,3,128299,10263,1824,1139,1492,1716,1135,1372,100,100,0,601,1716
ph_byte_ule,147,80,1808,1135,1490,405,3,128263,10261,1808,1139,1493,1700,1135,1370,97,100,0,601,1856
ph_byte_ule,147,81,1721,1137,1373,410,3,128276,10262,1823,1139,1499,1721,1134,1372,100,100,0,600,1721
ph_byte_ule,147,82,1804,1137,1489,415,3,128241,10259,1804,1139,1492,1702,1134,1372,96,100,0,600,1861
ph_byte_ule,147,83,1722,1137,1375,420,3,128254,10260,1822,1138,1506,1722,1135,1373,100,100,0,600,1722
ph_byte_ule,147,84,1806,1135,1490,424,3,128221,10257,1806,1138,1495,1703,1135,1372,97,100,0,600,1859
ph_byte_ule,147,85,1695,1137,1374,429,3,128237,10259,1823,1139,1544,1691,1135,1371,97,100,0,601,1745
ph_byte_ule,147,86,1766,1137,1482,434,3,128179,10254,1766,1139,1490,1692,1135,1372,99,100,0,601,1779
ph_byte_ule,147,87,1760,1139,1373,439,3,128217,10257,1831,1139,1500,1760,1136,1372,97,100,0,601,1796
ph_byte_ule,147,88,1764,1138,1482,444,3,128174,10253,1764,1139,1488,1690,1136,1372,99,100,0,600,1776
ph_byte_ule,147,89,1762,1138,1374,449,3,128197,10255,1832,1139,1503,1762,1135,1373,97,100,0,599,1799
ph_byte_ule,147,90,1764,1137,1484,454,3,128156,10252,1764,1139,1489,1691,1136,1372,99,100,0,600,1773
ph_byte_ule,147,91,1762,1138,1374,459,3,128177,10254,1829,1138,1490,1762,1136,1372,97,100,0,600,1799
ph_byte_ule,147,92,1757,1137,1478,464,3,128122,10249,1762,1138,1485,1691,1134,1372,99,100,0,601,1768
ph_byte_ule,147,93,1757,1136,1374,469,3,128147,10251,1816,1138,1485,1757,1135,1372,97,100,0,601,1793
ph_byte_ule,147,94,1757,1136,1486,474,3,128093,10247,1757,1138,1488,1690,1135,1372,99,100,0,601,1768
ph_byte_ule,147,95,1762,1139,1373,479,3,128132,10250,1822,1139,1494,1757,1133,1372,98,100,0,601,1796
ph_byte_ule,147,96,1755,1137,1477,483,3,128066,10245,1762,1139,1491,1690,1135,1371,99,100,0,601,1765
ph_byte_ule,147,97,1813,1139,1372,488,3,128094,10247,1819,1139,1538,1755,1135,1370,100,100,0,601,1813
ph_byte_ule,147,98,1692,1138,1373,493,3,128037,10242,1813,1139,1535,1691,1137,1371,98,100,0,601,1711
ph_byte_ule,147,99,1832,1136,1490,498,3,128079,10246,1832,1139,1500,1692,1135,1372,98,100,0,601,1859
ph_byte_ule,147,100,1690,1138,1374,503,4,128021,10241,1832,1139,1490,1690,1136,1371,98,100,0,601,1711
ph_byte_ule,147,101,1830,1136,1491,508,4,128050,10244,1830,1138,1497,1690,1134,1372,98,100,0,601,1859
ph_byte_ule,147,102,1691,1137,1373,513,4,128008,10240,1831,1138,1505,1690,1135,1372,98,100,0,601,1714
ph_byte_ule,147,103,1825,1137,1476,518,4,128032,10242,1826,1138,1488,1691,1135,1372,98,100,0,601,1850
ph_byte_ule,147,104,1691,1138,1373,522,4,128001,10240,1825,1139,1478,1691,1136,1371,98,100,0,601,1711
ph_byte_ule,147,105,1822,1137,1475,528,4,128010,10240,1826,1139,1492,1691,1136,1371,98,100,0,601,1844
ph_byte_ule,147,106,1690,1136,1374,532,4,127968,10237,1822,1139,1479,1690,1135,1372,98,100,0,601,1711
ph_byte_ule,147,107,1833,1137,1490,537,4,127995,10239,1833,1138,1495,1690,1134,1372,98,100,0,601,1859
ph_byte_ule,147,108,1690,1137,1373,542,4,127956,10236,1833,1138,1493,1690,1134,1372,98,100,0,601,1708
ph_byte_ule,147,109,1832,1136,1489,547,4,127982,10238,1832,1137,1497,1690,1135,1372,98,100,0,601,1861
ph_byte_ule,147,110,1696,1138,1373,552,4,127948,10235,1832,1138,1554,1693,1133,1372,99,100,0,601,1711
ph_byte_ule,147,111,1822,1137,1482,557,4,127927,10234,1822,1138,1490,1691,1136,1370,98,100,0,601,1850
ph_byte_ule,147,112,1700,1137,1373,562,4,127931,10234,1824,1138,1485,1700,1135,1373,99,100,0,601,1711
ph_byte_ule,147,113,1819,1137,1482,567,4,127912,10232,1819,1138,1486,1694,1135,1371,98,100,0,601,1850
ph_byte_ule,147,114,1702,1137,1375,572,4,127916,10233,1824,1138,1500,1702,1133,1373,99,100,0,600,1714
ph_byte_ule,147,115,1817,1137,1482,576,4,127886,10230,1817,1138,1490,1694,1136,1371,98,100,0,600,1853
ph_byte_ule,147,116,1705,1138,1374,581,4,127902,10232,1823,1138,1486,1705,1135,1372,99,100,0,600,1711
ph_byte_ule,147,117,1813,1138,1481,586,4,127872,10229,1813,1138,1488,1695,1136,1371,98,100,0,601,1847
ph_byte_ule,147,118,1708,1137,1374,591,4,127898,10231,1821,1138,1496,1708,1136,1372,99,100,0,601,1711
ph_byte_ule,147,119,1803,1137,1471,596,4,127856,10228,1803,1138,1484,1695,1135,1371,98,100,0,601,1836
ph_byte_ule,147,120,1708,1137,1373,601,4,127865,10229,1808,1138,1488,1708,1135,1372,99,100,0,601,1711
ph_byte_ule,147,121,1801,1137,1477,606,4,127835,10226,1801,1138,1484,1696,1136,1371,97,100,0,601,1844
ph_byte_ule,147,122,1722,1137,1524,611,4,127847,10227,1808,1138,1538,1722,1135,1371,100,100,0,601,1722
ph_byte_ule,147,123,1699,1137,1381,615,4,127811,10224,1722,1138,1524,1699,1136,1371,99,100,0,601,1711
ph_byte_ule,147,124,1812,1137,1482,621,4,127834,10226,1812,1138,1494,1699,1136,1381,97,100,0,601,1850
ph_byte_ule,147,125,1705,1138,1373,625,5,127789,10223,1812,1139,1482,1705,1137,1371,99,100,0,601,1714
ph_byte_ule,147,126,1811,1138,1483,630,5,127822,10225,1811,1138,1497,1705,1136,1373,97,100,0,601,1853
ph_byte_ule,147,127,1690,1138,1374,635,5,127778,10222,1811,1139,1483,1690,1136,1371,98,100,0,601,1711
ph_byte_ule,147,128,1810,1138,1471,640,5,127810,10224,1810,1138,1489,1690,1135,1374,97,100,0,601,1853
ph_byte_ule,147,129,1689,1137,1372,645,5,127767,10221,1810,1139,1471,1688,1136,1371,98,100,0,601,1711
ph_byte_ule,147,130,1825,1136,1482,650,5,127798,10223,1825,1138,1492,1689,1135,1372,98,100,0,601,1850
ph_byte_ule,147,131,1690,1137,1373,655,5,127756,10220,1825,1139,1482,1690,1136,1371,98,100,0,601,1711
ph_byte_ule,147,132,1827,1137,1483,660,5,127787,10223,1828,1138,1487,1690,1135,1373,98,100,0,601,1853
ph_byte_ule,147,133,1690,1138,1371,664,5,127746,10219,1827,1139,1483,1690,1136,1371,98,100,0,601,1711
ph_byte_ule,147,134,1826,1138,1482,669,5,127777,10222,1826,1138,1492,1690,1136,1371,98,100,0,600,1853
ph_byte_ule,147,135,1692,1137,1372,674,5,127739,10219,1826,1139,1543,1691,1136,1370,98,100,0,600,1711
ph_byte_ule,147,136,1826,1137,1483,679,5,127754,10220,1826,1139,1488,1691,1135,1371,98,100,0,599,1853
ph_byte_ule,147,137,1691,1138,1372,684,5,127730,10218,1826,1139,1494,1691,1136,1371,98,100,0,600,1714
ph_byte_ule,147,138,1826,1137,1483,689,5,127744,10219,1826,1139,1488,1690,1136,1370,98,100,0,600,1853
ph_byte_ule,147,139,1690,1137,1372,694,5,127721,10217,1826,1139,1484,1690,1136,1370,98,100,0,600,1711
ph_byte_ule,147,140,1825,1137,1483,699,5,127734,10218,1826,1139,1492,1690,1135,1370,98,100,0,600,1853
ph_byte_ule,147,141,1690,1139,1371,704,5,127711,10216,1826,1139,1485,1690,1136,1371,98,100,0,600,1711
ph_byte_ule,147,142,1813,1137,1468,709,5,127720,10217,1817,1139,1484,1690,1135,1370,98,100,0,600,1836
ph_byte_ule,147,143,1688,1139,1371,713,5,127695,10215,1813,1139,1470,1688,1137,1370,98,100,0,600,1711
ph_byte_ule,147,144,1824,1137,1480,718,5,127716,10217,1824,1139,1486,1688,1136,1370,98,100,0,600,1850
ph_byte_ule,147,145,1689,1138,1369,723,5,127685,10214,1824,1139,1482,1689,1137,1369,98,100,0,600,1711
ph_byte_ule,147,146,1823,1137,1481,728,5,127698,10215,1823,1139,1489,1689,1135,1369,98,100,0,600,1850
Processed 147 lines from power meter
There were 0 errors in reading from the meter
