RunId,NumDataLines,SeqNum,Watts,Amps,WattHours,Cost,MoKWh,MoCost,MaxWatts,MaxVolts,MaxAmps,MinWatts,MinVolts,MinAmps,Factor,DutyCycle,PowerCycle
pts_scimark2_ule,8,0,2029,1135,1648,11,0,143571,11485,2029,1137,1712,1869,1135,1512,97,100,0,601,2086
pts_scimark2_ule,8,1,2004,1136,1653,16,0,142893,11431,2032,1138,1696,1712,1134,1368,96,100,0,601,2072
pts_scimark2_ule,8,2,2032,1135,1663,21,0,143135,11450,2032,1138,1714,1874,1134,1513,97,100,0,600,2092
pts_scimark2_ule,8,3,2023,1136,1631,27,0,142848,11427,2036,1139,1703,1684,1134,1368,98,100,0,600,2049
pts_scimark2_ule,8,4,1872,1136,1521,32,0,142595,11407,2031,1137,1676,1872,1134,1516,98,100,0,600,1901
pts_scimark2_ule,8,5,1743,1135,1638,38,0,142442,11395,2045,1138,1704,1686,1134,1369,100,100,0,600,1743
pts_scimark2_ule,8,6,2025,1136,1533,43,0,142872,11429,2030,1137,1702,1743,1134,1531,99,100,0,600,2029
pts_scimark2_ule,8,7,2054,1135,1658,49,0,143005,11440,2060,1137,1713,1889,1134,1533,99,100,0,600,2069
Processed 8 lines from power meter
There were 0 errors in reading from the meter
