RunId,NumDataLines,SeqNum,Watts,Amps,WattHours,Cost,MoKWh,MoCost,MaxWatts,MaxVolts,MaxAmps,MinWatts,MinVolts,MinAmps,Factor,DutyCycle,PowerCycle
sp3run3base,939,0,2103,1153,1691,11,0,152120,12169,2230,1155,1827,2101,1152,1658,98,100,0,600,2137
sp3run3base,939,1,2113,1152,1685,17,0,152369,12189,2113,1155,1726,2103,1152,1661,98,100,0,600,2151
sp3run3base,939,2,2110,1153,1674,23,0,152361,12188,2113,1154,1704,2109,1151,1656,98,100,0,600,2140
sp3run3base,939,3,2111,1152,1671,29,0,152376,12190,2111,1154,1707,2108,1152,1666,98,100,0,600,2154
sp3run3base,939,4,2111,1153,1684,35,0,152374,12189,2111,1154,1708,2108,1151,1670,98,100,0,600,2146
sp3run3base,939,5,2111,1154,1683,40,0,152608,12208,2113,1154,1715,2110,1151,1670,98,100,0,600,2151
sp3run3base,939,6,2112,1153,1680,46,0,152601,12208,2114,1154,1726,2111,1152,1657,98,100,0,600,2154
sp3run3base,939,7,2119,1154,1689,52,0,152488,12199,2119,1154,1719,2110,1152,1667,98,100,0,600,2154
sp3run3base,939,8,2111,1153,1677,58,0,152475,12198,2120,1154,1706,2111,1151,1666,98,100,0,600,2140
sp3run3base,939,9,2111,1153,1689,64,0,152468,12197,2111,1154,1702,2108,1152,1670,98,100,0,600,2140
sp3run3base,939,10,2113,1153,1695,70,0,152479,12198,2113,1154,1705,2110,1153,1670,98,100,0,600,2146
sp3run3base,939,11,2115,1154,1677,76,0,152505,12200,2116,1154,1709,2113,1152,1670,98,100,0,599,2146
sp3run3base,939,12,2118,1153,1675,82,0,152538,12203,2120,1155,1739,2114,1151,1665,99,100,0,600,2131
sp3run3base,939,13,2110,1153,1691,88,0,152524,12201,2121,1154,1724,2110,1151,1665,98,100,0,600,2146
sp3run3base,939,14,2111,1152,1681,93,0,152513,12201,2111,1154,1705,2108,1151,1669,98,100,0,600,2146
sp3run3base,939,15,2113,1154,1685,99,0,152516,12201,2113,1154,1706,2110,1151,1669,98,100,0,599,2151
sp3run3base,939,16,2113,1152,1690,105,0,152523,12201,2114,1154,1706,2111,1151,1670,98,100,0,600,2151
sp3run3base,939,17,2116,1152,1685,111,0,152540,12203,2116,1153,1712,2113,1151,1673,98,100,0,600,2146
sp3run3base,939,18,2125,1152,1701,117,0,152674,12213,2125,1154,1736,2116,1151,1676,98,100,0,600,2160
sp3run3base,939,19,2130,1152,1683,123,0,152734,12218,2130,1154,1717,2125,1152,1679,98,100,0,600,2163
sp3run3base,939,20,2130,1153,1715,129,1,152721,12217,2132,1154,1728,2130,1152,1683,98,100,0,600,2157
sp3run3base,939,21,2134,1153,1713,135,1,152788,12223,2135,1154,1727,2130,1151,1682,98,100,0,600,2171
sp3run3base,939,22,2129,1153,1686,141,1,152821,12225,2135,1154,1725,2128,1152,1675,98,100,0,600,2166
sp3run3base,939,23,2126,1152,1702,147,1,152848,12227,2129,1154,1716,2126,1152,1679,98,100,0,600,2154
sp3run3base,939,24,2127,1153,1693,153,1,152878,12230,2127,1154,1727,2125,1151,1677,98,100,0,600,2157
sp3run3base,939,25,2127,1153,1693,159,1,152965,12237,2131,1154,1723,2126,1152,1682,98,100,0,600,2151
sp3run3base,939,26,2138,1152,1712,165,1,152971,12237,2138,1154,1729,2127,1152,1687,97,100,0,600,2183
sp3run3base,939,27,2126,1153,1697,170,1,152980,12238,2140,1154,1732,2126,1151,1672,99,100,0,600,2146
sp3run3base,939,28,2122,1153,1699,176,1,152988,12239,2127,1154,1720,2122,1152,1676,98,100,0,600,2154
sp3run3base,939,29,2132,1153,1694,182,1,153023,12241,2132,1154,1732,2122,1151,1677,98,100,0,600,2160
sp3run3base,939,30,2120,1154,1680,188,1,153016,12241,2132,1154,1715,2120,1151,1674,99,100,0,600,2137
sp3run3base,939,31,2124,1152,1719,194,1,153032,12242,2126,1154,1731,2118,1152,1677,98,100,0,600,2149
sp3run3base,939,32,2127,1152,1711,200,1,153045,12243,2127,1154,1730,2118,1152,1669,98,100,0,600,2166
sp3run3base,939,33,2120,1153,1681,206,1,153045,12243,2130,1154,1725,2120,1151,1672,98,100,0,600,2149
sp3run3base,939,34,2120,1152,1697,212,1,153091,12247,2121,1154,1721,2119,1152,1676,98,100,0,600,2149
sp3run3base,939,35,2118,1153,1688,218,1,153044,12243,2120,1154,1717,2117,1151,1675,98,100,0,600,2154
sp3run3base,939,36,2122,1153,1681,224,1,153088,12247,2122,1154,1725,2116,1151,1674,97,100,0,600,2166
sp3run3base,939,37,2124,1152,1699,230,1,153063,12245,2130,1154,1729,2122,1151,1669,98,100,0,600,2146
sp3run3base,939,38,2114,1153,1676,236,1,153050,12244,2124,1153,1714,2114,1152,1672,99,100,0,599,2129
sp3run3base,939,39,2114,1153,1709,241,1,153037,12243,2114,1154,1722,2108,1150,1668,98,100,0,600,2157
sp3run3base,939,40,2136,1153,1694,247,1,153077,12246,2136,1153,1737,2114,1151,1687,98,100,0,600,2174
sp3run3base,939,41,2132,1152,1693,253,2,153092,12247,2136,1153,1744,2127,1151,1675,97,100,0,600,2177
sp3run3base,939,42,2128,1153,1687,259,2,153134,12250,2132,1153,1722,2125,1151,1679,98,100,0,600,2171
sp3run3base,939,43,2146,1152,1732,265,2,153147,12251,2146,1153,1750,2126,1151,1683,97,100,0,600,2200
sp3run3base,939,44,2135,1153,1681,271,2,153170,12253,2151,1153,1746,2135,1151,1681,99,100,0,600,2154
sp3run3base,939,45,2120,1152,1696,277,2,153160,12252,2135,1153,1730,2120,1151,1663,98,100,0,600,2151
sp3run3base,939,46,2127,1152,1697,283,2,153177,12254,2128,1154,1745,2120,1150,1683,98,100,0,600,2157
sp3run3base,939,47,2131,1153,1693,289,2,153190,12255,2131,1153,1722,2127,1150,1681,98,100,0,600,2163
sp3run3base,939,48,2134,1153,1706,295,2,153212,12257,2134,1153,1749,2130,1151,1684,98,100,0,600,2163
sp3run3base,939,49,2129,1152,1697,301,2,153222,12257,2135,1153,1729,2129,1151,1682,98,100,0,600,2157
sp3run3base,939,50,2134,1152,1712,307,2,153242,12259,2134,1153,1723,2129,1151,1680,98,100,0,599,2174
sp3run3base,939,51,2124,1153,1688,313,2,153242,12259,2136,1153,1722,2124,1151,1676,98,100,0,599,2154
sp3run3base,939,52,2125,1153,1684,319,2,153245,12259,2126,1153,1724,2123,1150,1680,98,100,0,600,2154
sp3run3base,939,53,2133,1153,1695,324,2,153292,12263,2133,1153,1729,2125,1151,1681,98,100,0,600,2166
sp3run3base,939,54,2137,1152,1708,330,2,153284,12262,2137,1154,1734,2133,1151,1687,97,100,0,600,2183
sp3run3base,939,55,2134,1152,1711,336,2,153300,12264,2138,1154,1733,2134,1151,1683,98,100,0,600,2157
sp3run3base,939,56,2134,1152,1731,342,2,153342,12267,2135,1153,1734,2133,1151,1682,98,100,0,600,2171
sp3run3base,939,57,2139,1153,1697,348,2,153335,12266,2139,1154,1731,2134,1151,1690,98,100,0,600,2174
sp3run3base,939,58,2143,1153,1699,354,2,153361,12268,2143,1154,1741,2138,1152,1695,98,100,0,599,2174
sp3run3base,939,59,2139,1152,1704,360,2,153379,12270,2143,1154,1738,2139,1152,1681,98,100,0,600,2174
sp3run3base,939,60,2140,1153,1688,366,2,153399,12271,2142,1154,1729,2139,1152,1683,98,100,0,600,2166
sp3run3base,939,61,2139,1153,1712,372,2,153413,12273,2140,1154,1728,2133,1152,1678,98,100,0,600,2177
sp3run3base,939,62,2139,1153,1711,378,3,153430,12274,2140,1154,1730,2139,1152,1692,98,100,0,600,2166
sp3run3base,939,63,2139,1153,1726,384,3,153448,12275,2141,1154,1739,2139,1151,1685,98,100,0,601,2171
sp3run3base,939,64,2151,1151,1738,390,3,153485,12278,2153,1154,1747,2139,1149,1686,97,100,0,600,2200
sp3run3base,939,65,2172,1152,1736,396,3,153544,12283,2172,1153,1787,2151,1150,1731,98,100,0,600,2205
sp3run3base,939,66,2178,1152,1737,402,3,153601,12288,2178,1153,1764,2172,1150,1720,98,100,0,600,2211
sp3run3base,939,67,2180,1152,1741,408,3,153658,12292,2180,1153,1755,2178,1150,1732,98,100,0,600,2208
sp3run3base,939,68,2179,1152,1735,415,3,153710,12296,2181,1153,1755,2179,1151,1727,99,100,0,600,2200
sp3run3base,939,69,2158,1152,1715,420,3,153734,12298,2179,1153,1741,2158,1151,1700,98,100,0,600,2180
sp3run3base,939,70,2151,1153,1716,426,3,153775,12302,2158,1153,1729,2151,1151,1706,98,100,0,600,2180
sp3run3base,939,71,2149,1153,1717,432,3,153795,12303,2151,1153,1732,2149,1151,1703,98,100,0,600,2183
sp3run3base,939,72,2148,1152,1722,438,3,153791,12303,2150,1153,1725,2148,1151,1704,98,100,0,600,2180
sp3run3base,939,73,2148,1153,1716,444,3,153809,12304,2148,1154,1725,2148,1152,1702,98,100,0,600,2180
sp3run3base,939,74,2148,1152,1712,450,3,153826,12306,2148,1154,1729,2147,1151,1700,98,100,0,599,2174
sp3run3base,939,75,2147,1153,1714,456,3,153842,12307,2148,1153,1729,2146,1151,1703,98,100,0,600,2174
sp3run3base,939,76,2147,1151,1713,462,3,153877,12310,2147,1154,1728,2147,1151,1700,98,100,0,600,2177
sp3run3base,939,77,2147,1153,1715,468,3,153872,12309,2147,1153,1728,2146,1151,1702,98,100,0,600,2174
sp3run3base,939,78,2147,1154,1718,474,3,153887,12311,2147,1154,1725,2147,1151,1705,98,100,0,601,2174
sp3run3base,939,79,2146,1152,1716,480,3,153901,12312,2147,1154,1725,2146,1151,1704,98,100,0,601,2177
sp3run3base,939,80,2147,1153,1711,486,3,153915,12313,2147,1154,1725,2146,1151,1704,98,100,0,601,2177
sp3run3base,939,81,2147,1153,1707,492,3,153947,12315,2147,1155,1723,2146,1152,1703,98,100,0,601,2180
sp3run3base,939,82,2147,1152,1706,498,3,153941,12315,2147,1154,1727,2146,1152,1701,98,100,0,600,2177
sp3run3base,939,83,2146,1153,1712,504,4,153954,12316,2148,1155,1724,2146,1151,1702,98,100,0,600,2177
sp3run3base,939,84,2151,1154,1717,510,4,153989,12319,2151,1154,1735,2146,1151,1704,98,100,0,600,2183
sp3run3base,939,85,2166,1152,1741,516,4,154002,12320,2166,1154,1750,2151,1152,1708,98,100,0,600,2208
sp3run3base,939,86,2173,1153,1738,522,4,154055,12324,2173,1154,1741,2166,1152,1729,98,100,0,600,2205
sp3run3base,939,87,2175,1153,1734,528,4,154072,12325,2175,1154,1750,2173,1151,1728,98,100,0,600,2208
sp3run3base,939,88,2176,1153,1731,534,4,154106,12328,2176,1154,1742,2175,1152,1728,98,100,0,599,2205
sp3run3base,939,89,2176,1154,1733,540,4,154139,12331,2176,1154,1740,2175,1151,1729,98,100,0,600,2205
sp3run3base,939,90,2176,1154,1731,547,4,154172,12333,2176,1154,1740,2175,1152,1728,98,100,0,600,2208
sp3run3base,939,91,2176,1153,1730,553,4,154204,12336,2177,1154,1749,2175,1152,1728,98,100,0,600,2205
sp3run3base,939,92,2175,1154,1732,559,4,154234,12338,2176,1155,1741,2175,1152,1700,98,100,0,600,2205
sp3run3base,939,93,2176,1153,1732,565,4,154265,12341,2176,1155,1739,2175,1153,1728,98,100,0,600,2205
sp3run3base,939,94,2176,1154,1734,571,4,154295,12343,2176,1155,1751,2175,1153,1727,98,100,0,600,2205
sp3run3base,939,95,2176,1154,1731,577,4,154324,12345,2176,1155,1744,2176,1152,1727,98,100,0,599,2205
sp3run3base,939,96,2157,1154,1710,583,4,154333,12346,2176,1155,1736,2157,1153,1700,99,100,0,600,2177
sp3run3base,939,97,2150,1153,1724,589,4,154342,12347,2157,1155,1726,2150,1153,1700,98,100,0,600,2180
sp3run3base,939,98,2149,1154,1707,595,4,154350,12348,2150,1155,1725,2149,1152,1701,98,100,0,600,2180
sp3run3base,939,99,2149,1153,1709,601,4,154373,12349,2149,1155,1726,2148,1152,1701,98,100,0,600,2180
sp3run3base,939,100,2148,1154,1717,607,4,154365,12349,2149,1155,1726,2148,1153,1700,98,100,0,599,2180
sp3run3base,939,101,2149,1154,1714,613,4,154373,12349,2149,1156,1725,2148,1153,1700,98,100,0,600,2180
sp3run3base,939,102,2155,1154,1730,619,4,154386,12350,2155,1155,1748,2148,1153,1703,98,100,0,600,2183
sp3run3base,939,103,2154,1154,1716,625,5,154413,12353,2157,1155,1747,2154,1153,1701,98,100,0,600,2183
sp3run3base,939,104,2167,1154,1728,631,5,154420,12353,2167,1155,1736,2154,1153,1707,98,100,0,600,2203
sp3run3base,939,105,2171,1154,1727,637,5,154458,12356,2171,1156,1738,2167,1153,1723,98,100,0,600,2203
sp3run3base,939,106,2173,1154,1732,643,5,154467,12357,2173,1155,1739,2171,1153,1723,98,100,0,600,2203
sp3run3base,939,107,2173,1154,1727,649,5,154490,12359,2173,1155,1739,2173,1152,1723,98,100,0,600,2203
sp3run3base,939,108,2166,1154,1719,655,5,154507,12360,2173,1156,1739,2166,1153,1704,99,100,0,600,2183
sp3run3base,939,109,2163,1154,1707,661,5,154521,12361,2167,1155,1783,2161,1153,1697,99,100,0,599,2177
sp3run3base,939,110,2151,1155,1709,667,5,154526,12362,2163,1155,1724,2151,1153,1698,98,100,0,600,2180
sp3run3base,939,111,2166,1155,1732,673,5,154545,12363,2166,1156,1784,2150,1153,1700,98,100,0,600,2208
sp3run3base,939,112,2161,1155,1715,679,5,154558,12364,2169,1156,1741,2161,1154,1701,98,100,0,600,2186
sp3run3base,939,113,2160,1155,1726,685,5,154583,12366,2161,1156,1757,2158,1153,1695,98,100,0,600,2197
sp3run3base,939,114,2169,1155,1731,691,5,154590,12367,2169,1156,1743,2160,1153,1717,98,100,0,600,2200
sp3run3base,939,115,2171,1156,1702,697,5,154608,12368,2172,1157,1783,2168,1154,1697,98,100,0,600,2200
sp3run3base,939,116,2174,1155,1733,703,5,154627,12370,2174,1157,1782,2164,1154,1701,98,100,0,600,2208
sp3run3base,939,117,2161,1155,1712,709,5,154638,12371,2175,1156,1739,2161,1154,1680,99,100,0,600,2180
sp3run3base,939,118,2150,1154,1702,715,5,154641,12371,2161,1156,1724,2150,1154,1690,98,100,0,600,2177
sp3run3base,939,119,2154,1155,1724,721,5,154648,12371,2154,1156,1774,2147,1154,1678,98,100,0,600,2194
sp3run3base,939,120,2166,1155,1734,727,5,154665,12373,2166,1156,1736,2154,1153,1701,98,100,0,600,2200
sp3run3base,939,121,2172,1156,1729,733,5,154684,12374,2172,1156,1736,2166,1154,1723,98,100,0,600,2205
sp3run3base,939,122,2171,1154,1778,740,5,154702,12376,2173,1156,1778,2171,1154,1707,98,100,0,600,2194
sp3run3base,939,123,2170,1155,1729,745,5,154716,12377,2171,1156,1778,2166,1154,1706,98,100,0,600,2203
sp3run3base,939,124,2172,1155,1729,751,6,154746,12379,2172,1156,1736,2170,1154,1724,98,100,0,600,2203
sp3run3base,939,125,2173,1156,1733,758,6,154751,12380,2173,1156,1736,2172,1154,1723,98,100,0,600,2200
sp3run3base,939,126,2173,1155,1730,764,6,154768,12381,2173,1156,1735,2172,1154,1715,98,100,0,600,2205
sp3run3base,939,127,2173,1156,1731,770,6,154796,12383,2173,1156,1735,2173,1155,1723,98,100,0,600,2205
sp3run3base,939,128,2164,1156,1711,776,6,154807,12384,2173,1156,1737,2164,1154,1704,99,100,0,600,2183
sp3run3base,939,129,2168,1155,1731,782,6,154807,12384,2168,1156,1739,2159,1154,1702,98,100,0,600,2208
sp3run3base,939,130,2166,1155,1729,788,6,154820,12385,2173,1156,1743,2163,1154,1660,98,100,0,600,2208
sp3run3base,939,131,2181,1155,1747,794,6,154848,12387,2269,1156,1858,2166,1154,1718,98,100,0,600,2214
sp3run3base,939,132,2163,1156,1699,800,6,154856,12388,2183,1157,1766,2163,1154,1683,99,100,0,599,2183
sp3run3base,939,133,2160,1154,1740,806,6,154863,12389,2163,1156,1752,2154,1154,1687,97,100,0,600,2217
sp3run3base,939,134,2174,1155,1738,812,6,154893,12391,2174,1156,1747,2160,1154,1725,98,100,0,599,2208
sp3run3base,939,135,2172,1155,1723,818,6,154897,12391,2178,1156,1752,2172,1154,1687,100,100,0,600,2172
sp3run3base,939,136,2154,1155,1695,824,6,154909,12392,2172,1157,1725,2154,1155,1690,98,100,0,600,2186
sp3run3base,939,137,2151,1156,1719,830,6,154912,12393,2155,1157,1751,2151,1154,1673,98,100,0,599,2174
sp3run3base,939,138,2149,1156,1705,836,6,154903,12392,2151,1156,1728,2148,1155,1691,98,100,0,600,2180
sp3run3base,939,139,2161,1155,1734,842,6,154912,12393,2161,1157,1747,2148,1154,1695,98,100,0,600,2203
sp3run3base,939,140,2170,1155,1727,848,6,154937,12394,2170,1157,1738,2161,1155,1719,98,100,0,600,2203
sp3run3base,939,141,2172,1155,1731,854,6,154940,12395,2172,1156,1739,2170,1154,1719,98,100,0,600,2200
sp3run3base,939,142,2178,1155,1734,860,6,154957,12396,2179,1156,1782,2172,1153,1705,98,100,0,600,2203
sp3run3base,939,143,2175,1154,1722,866,6,154982,12398,2178,1156,1742,2175,1154,1715,98,100,0,600,2205
sp3run3base,939,144,2174,1155,1731,872,6,154985,12398,2175,1156,1740,2173,1154,1720,98,100,0,600,2205
sp3run3base,939,145,2173,1155,1731,878,7,154998,12399,2174,1156,1739,2173,1154,1719,98,100,0,600,2200
sp3run3base,939,146,2173,1154,1727,884,7,155011,12400,2174,1156,1745,2173,1154,1720,98,100,0,600,2203
sp3run3base,939,147,2173,1156,1727,890,7,155024,12401,2174,1156,1739,2173,1154,1720,98,100,0,601,2203
sp3run3base,939,148,2173,1155,1731,897,7,155037,12402,2173,1156,1737,2173,1153,1720,98,100,0,600,2203
sp3run3base,939,149,2173,1155,1726,903,7,155049,12403,2173,1157,1738,2172,1155,1719,98,100,0,601,2203
sp3run3base,939,150,2172,1155,1734,909,7,155061,12404,2173,1157,1738,2172,1154,1720,98,100,0,601,2205
sp3run3base,939,151,2173,1155,1730,915,7,155073,12405,2173,1157,1738,2172,1154,1720,98,100,0,601,2203
sp3run3base,939,152,2172,1156,1724,921,7,155084,12406,2173,1157,1740,2171,1155,1716,98,100,0,601,2205
sp3run3base,939,153,2175,1156,1728,927,7,155097,12407,2175,1157,1746,2172,1155,1697,98,100,0,600,2205
sp3run3base,939,154,2176,1156,1734,933,7,155110,12408,2176,1156,1747,2175,1154,1725,98,100,0,600,2208
sp3run3base,939,155,2177,1155,1731,939,7,155124,12409,2177,1156,1746,2176,1154,1725,98,100,0,600,2211
sp3run3base,939,156,2177,1156,1729,945,7,155137,12410,2177,1156,1744,2176,1154,1725,98,100,0,599,2214
sp3run3base,939,157,2177,1156,1734,951,7,155150,12412,2178,1156,1752,2177,1153,1725,98,100,0,600,2205
sp3run3base,939,158,2179,1155,1737,957,7,155174,12413,2179,1156,1749,2176,1154,1694,98,100,0,599,2208
sp3run3base,939,159,2158,1156,1715,963,7,155166,12413,2180,1156,1748,2158,1154,1690,99,100,0,600,2168
sp3run3base,939,160,2159,1155,1741,969,7,155169,12413,2159,1156,1745,2150,1154,1689,97,100,0,600,2214
sp3run3base,939,161,2164,1155,1709,975,7,155179,12414,2173,1156,1748,2159,1154,1690,99,100,0,599,2183
sp3run3base,939,162,2154,1156,1730,981,7,155180,12414,2164,1156,1740,2154,1154,1694,98,100,0,600,2186
sp3run3base,939,163,2149,1156,1705,987,7,155180,12414,2155,1157,1734,2149,1154,1692,99,100,0,600,2168
sp3run3base,939,164,2149,1156,1720,993,7,155180,12414,2149,1156,1738,2147,1155,1696,98,100,0,600,2180
sp3run3base,939,165,2167,1156,1678,999,7,155191,12415,2173,1156,1754,2149,1154,1666,99,100,0,600,2168
sp3run3base,939,166,2139,1155,1706,1005,8,155183,12414,2167,1156,1718,2139,1154,1670,99,100,0,599,2157
sp3run3base,939,167,2130,1156,1684,1011,8,155174,12413,2144,1156,1756,2130,1154,1679,98,100,0,599,2154
sp3run3base,939,168,2151,1155,1725,1017,8,155176,12414,2151,1156,1751,2128,1154,1682,97,100,0,599,2203
sp3run3base,939,169,2166,1154,1741,1023,8,155186,12414,2166,1156,1779,2151,1153,1698,98,100,0,600,2200
sp3run3base,939,170,2160,1155,1708,1029,8,155199,12415,2169,1156,1741,2160,1152,1704,99,100,0,599,2180
sp3run3base,939,171,2167,1154,1725,1035,8,155207,12416,2167,1156,1746,2157,1153,1695,98,100,0,600,2203
sp3run3base,939,172,2163,1156,1710,1041,8,155203,12416,2169,1156,1752,2163,1153,1680,98,100,0,599,2191
sp3run3base,939,173,2154,1156,1706,1047,8,155204,12416,2163,1156,1735,2154,1153,1697,98,100,0,600,2183
sp3run3base,939,174,2150,1155,1705,1053,8,155204,12416,2154,1156,1739,2150,1154,1697,98,100,0,600,2174
sp3run3base,939,175,2155,1155,1727,1059,8,155207,12416,2155,1156,1735,2150,1154,1704,98,100,0,600,2183
sp3run3base,939,176,2153,1156,1714,1065,8,155208,12416,2155,1156,1735,2152,1154,1697,98,100,0,600,2180
sp3run3base,939,177,2154,1156,1709,1071,8,155210,12416,2155,1157,1732,2153,1155,1701,98,100,0,600,2186
sp3run3base,939,178,2159,1155,1706,1077,8,155215,12417,2163,1157,1780,2154,1154,1698,99,100,0,600,2180
sp3run3base,939,179,2158,1155,1725,1083,8,155218,12417,2159,1157,1738,2156,1154,1703,98,100,0,601,2194
sp3run3base,939,180,2165,1154,1722,1089,8,155226,12418,2165,1156,1739,2158,1154,1717,98,100,0,601,2197
sp3run3base,939,181,2167,1156,1724,1095,8,155233,12418,2167,1156,1741,2165,1154,1716,98,100,0,600,2197
sp3run3base,939,182,2167,1155,1722,1101,8,155240,12419,2167,1156,1743,2166,1153,1717,98,100,0,600,2203
sp3run3base,939,183,2168,1156,1722,1107,8,155247,12419,2168,1156,1739,2167,1154,1717,98,100,0,599,2197
sp3run3base,939,184,2159,1155,1712,1113,8,155249,12419,2168,1156,1736,2159,1154,1690,99,100,0,600,2180
sp3run3base,939,185,2152,1154,1708,1119,8,155257,12420,2159,1156,1728,2152,1153,1697,98,100,0,600,2188
sp3run3base,939,186,2151,1154,1710,1125,9,155249,12419,2154,1156,1740,2151,1153,1673,98,100,0,600,2180
sp3run3base,939,187,2156,1154,1724,1131,9,155252,12420,2156,1156,1738,2150,1153,1698,98,100,0,600,2200
sp3run3base,939,188,2166,1155,1718,1137,9,155260,12420,2167,1156,1780,2156,1153,1718,98,100,0,599,2197
sp3run3base,939,189,2167,1154,1726,1144,9,155267,12421,2168,1156,1732,2166,1153,1717,98,100,0,599,2197
sp3run3base,939,190,2168,1155,1729,1149,9,155273,12421,2168,1155,1732,2167,1153,1720,98,100,0,600,2194
sp3run3base,939,191,2164,1155,1708,1155,9,155278,12422,2168,1156,1741,2164,1153,1669,99,100,0,599,2180
sp3run3base,939,192,2165,1154,1726,1162,9,155284,12422,2165,1155,1739,2161,1153,1679,98,100,0,600,2197
sp3run3base,939,193,2167,1155,1721,1168,9,155298,12423,2167,1155,1731,2165,1153,1720,98,100,0,600,2200
sp3run3base,939,194,2167,1154,1723,1174,9,155297,12423,2168,1156,1731,2167,1154,1719,98,100,0,600,2194
sp3run3base,939,195,2166,1154,1723,1180,9,155303,12424,2168,1155,1738,2166,1153,1718,98,100,0,600,2194
sp3run3base,939,196,2167,1154,1724,1186,9,155309,12424,2167,1155,1740,2166,1152,1718,98,100,0,600,2197
sp3run3base,939,197,2167,1155,1727,1192,9,155314,12425,2167,1155,1733,2166,1152,1719,98,100,0,600,2194
sp3run3base,939,198,2167,1154,1725,1198,9,155320,12425,2167,1156,1731,2166,1154,1696,98,100,0,600,2197
sp3run3base,939,199,2167,1155,1718,1204,9,155326,12426,2167,1156,1731,2167,1154,1717,98,100,0,600,2197
sp3run3base,939,200,2168,1155,1726,1210,9,155332,12426,2168,1156,1737,2166,1154,1718,98,100,0,600,2197
sp3run3base,939,201,2168,1154,1727,1216,9,155338,12427,2168,1156,1734,2167,1153,1717,98,100,0,600,2197
sp3run3base,939,202,2169,1154,1719,1222,9,155352,12428,2169,1156,1736,2168,1154,1719,98,100,0,600,2200
sp3run3base,939,203,2157,1155,1710,1228,9,155345,12427,2169,1156,1722,2157,1154,1704,98,100,0,600,2183
sp3run3base,939,204,2153,1154,1718,1234,9,155345,12427,2157,1155,1723,2153,1153,1687,98,100,0,600,2183
sp3run3base,939,205,2152,1155,1713,1240,9,155346,12427,2153,1156,1721,2152,1154,1703,98,100,0,599,2180
sp3run3base,939,206,2152,1155,1716,1246,9,155354,12428,2152,1156,1723,2152,1154,1704,98,100,0,600,2180
sp3run3base,939,207,2151,1155,1709,1252,10,155353,12428,2152,1156,1725,2151,1154,1704,98,100,0,600,2183
sp3run3base,939,208,2159,1155,1722,1258,10,155349,12427,2159,1156,1728,2151,1154,1702,98,100,0,600,2197
sp3run3base,939,209,2166,1155,1727,1264,10,155355,12428,2166,1156,1733,2159,1154,1718,98,100,0,599,2200
sp3run3base,939,210,2168,1155,1720,1270,10,155361,12428,2168,1156,1730,2166,1154,1719,98,100,0,600,2197
sp3run3base,939,211,2169,1155,1723,1276,10,155367,12429,2170,1157,1733,2167,1153,1718,98,100,0,600,2197
sp3run3base,939,212,2168,1155,1726,1282,10,155373,12429,2169,1156,1737,2168,1154,1696,98,100,0,600,2203
sp3run3base,939,213,2169,1151,1735,1288,10,155378,12430,2169,1156,1738,2168,1149,1719,98,100,0,600,2200
sp3run3base,939,214,2168,1151,1734,1294,10,155384,12430,2169,1152,1743,2168,1150,1725,98,100,0,599,2197
sp3run3base,939,215,2168,1151,1732,1300,10,155390,12431,2168,1151,1746,2168,1149,1726,98,100,0,600,2197
sp3run3base,939,216,2168,1151,1728,1306,10,155395,12431,2169,1151,1743,2168,1149,1725,98,100,0,600,2197
sp3run3base,939,217,2168,1151,1736,1312,10,155401,12432,2169,1151,1740,2168,1149,1725,98,100,0,600,2197
sp3run3base,939,218,2166,1150,1724,1318,10,155413,12433,2170,1151,1777,2166,1149,1690,99,100,0,599,2180
sp3run3base,939,219,2154,1150,1717,1324,10,155412,12433,2166,1151,1728,2154,1149,1710,98,100,0,600,2180
sp3run3base,939,220,2162,1151,1729,1330,10,155416,12433,2162,1151,1772,2153,1149,1712,98,100,0,600,2200
sp3run3base,939,221,2167,1150,1732,1336,10,155421,12433,2167,1151,1745,2162,1149,1706,98,100,0,601,2200
sp3run3base,939,222,2162,1151,1721,1342,10,155418,12433,2170,1152,1777,2162,1149,1689,99,100,0,601,2180
sp3run3base,939,223,2157,1150,1728,1348,10,155419,12433,2162,1152,1743,2157,1149,1694,98,100,0,601,2183
sp3run3base,939,224,2156,1151,1719,1354,10,155420,12433,2157,1152,1735,2155,1147,1706,98,100,0,601,2186
sp3run3base,939,225,2152,1151,1720,1361,10,155420,12433,2156,1151,1734,2152,1149,1703,98,100,0,601,2177
sp3run3base,939,226,2160,1151,1732,1367,10,155429,12434,2160,1152,1775,2151,1149,1684,98,100,0,601,2197
sp3run3base,939,227,2164,1151,1730,1373,10,155426,12434,2164,1152,1736,2160,1149,1724,98,100,0,600,2197
sp3run3base,939,228,2166,1151,1734,1378,11,155431,12434,2166,1152,1737,2164,1149,1723,98,100,0,600,2194
sp3run3base,939,229,2166,1152,1728,1385,11,155435,12434,2167,1152,1737,2166,1149,1703,98,100,0,600,2197
sp3run3base,939,230,2166,1150,1730,1391,11,155440,12435,2166,1153,1735,2166,1148,1723,98,100,0,600,2194
sp3run3base,939,231,2165,1150,1728,1397,11,155444,12435,2166,1152,1737,2165,1150,1724,98,100,0,601,2191
sp3run3base,939,232,2164,1151,1726,1403,11,155447,12435,2166,1152,1737,2164,1149,1716,98,100,0,601,2188
sp3run3base,939,233,2165,1151,1732,1409,11,155458,12436,2165,1152,1737,2163,1150,1688,98,100,0,601,2200
sp3run3base,939,234,2166,1150,1734,1415,11,155456,12436,2166,1152,1736,2165,1150,1724,98,100,0,601,2197
sp3run3base,939,235,2167,1150,1729,1421,11,155460,12436,2167,1152,1737,2166,1149,1723,98,100,0,601,2197
sp3run3base,939,236,2168,1150,1733,1427,11,155465,12437,2168,1152,1740,2167,1150,1724,98,100,0,601,2197
sp3run3base,939,237,2168,1151,1731,1433,11,155469,12437,2168,1151,1740,2167,1150,1726,98,100,0,600,2200
sp3run3base,939,238,2168,1150,1732,1439,11,155474,12437,2168,1152,1742,2167,1149,1725,98,100,0,600,2197
sp3run3base,939,239,2167,1151,1728,1445,11,155478,12438,2168,1152,1739,2167,1150,1725,98,100,0,600,2197
sp3run3base,939,240,2167,1150,1729,1451,11,155482,12438,2167,1152,1737,2167,1150,1723,98,100,0,600,2197
sp3run3base,939,241,2167,1151,1728,1457,11,155486,12438,2167,1152,1739,2167,1149,1724,98,100,0,600,2197
sp3run3base,939,242,2164,1151,1718,1463,11,155496,12439,2168,1152,1742,2164,1150,1707,98,100,0,599,2186
sp3run3base,939,243,2166,1151,1729,1469,11,155494,12439,2166,1152,1741,2163,1149,1717,98,100,0,599,2197
sp3run3base,939,244,2155,1150,1713,1475,11,155499,12439,2167,1152,1737,2155,1149,1709,98,100,0,600,2180
sp3run3base,939,245,2153,1151,1719,1481,11,155493,12439,2159,1152,1759,2153,1150,1688,98,100,0,600,2183
sp3run3base,939,246,2152,1151,1713,1487,11,155493,12439,2154,1152,1734,2152,1150,1694,98,100,0,600,2183
sp3run3base,939,247,2152,1152,1718,1493,11,155493,12439,2157,1152,1771,2151,1149,1702,98,100,0,600,2180
sp3run3base,939,248,2154,1151,1718,1499,11,155493,12439,2154,1152,1743,2151,1150,1690,98,100,0,600,2186
sp3run3base,939,249,2155,1151,1720,1505,12,155494,12439,2156,1152,1743,2153,1150,1709,98,100,0,600,2180
sp3run3base,939,250,2155,1151,1725,1511,12,155502,12440,2161,1152,1751,2155,1149,1704,99,100,0,600,2174
sp3run3base,939,251,2150,1151,1715,1517,12,155494,12439,2155,1152,1747,2150,1149,1702,99,100,0,599,2166
sp3run3base,939,252,2153,1150,1707,1523,12,155501,12440,2159,1151,1748,2150,1149,1690,98,100,0,600,2183
sp3run3base,939,253,2159,1151,1741,1529,12,155497,12439,2159,1151,1748,2151,1149,1704,98,100,0,600,2203
sp3run3base,939,254,2169,1151,1735,1535,12,155502,12440,2169,1152,1752,2159,1150,1703,98,100,0,600,2203
sp3run3base,939,255,2172,1151,1736,1541,12,155508,12440,2172,1152,1754,2169,1148,1726,98,100,0,600,2205
sp3run3base,939,256,2168,1150,1724,1547,12,155512,12441,2174,1151,1750,2168,1148,1710,99,100,0,600,2186
sp3run3base,939,257,2161,1151,1725,1553,12,155514,12441,2168,1152,1741,2161,1150,1706,98,100,0,600,2186
sp3run3base,939,258,2160,1152,1723,1559,12,155516,12441,2164,1152,1741,2160,1150,1661,99,100,0,599,2180
sp3run3base,939,259,2154,1151,1723,1565,12,155515,12441,2160,1152,1731,2154,1149,1707,98,100,0,600,2177
sp3run3base,939,260,2157,1152,1728,1571,12,155517,12441,2157,1153,1740,2154,1151,1707,98,100,0,599,2200
sp3run3base,939,261,2154,1152,1707,1577,12,155522,12441,2159,1153,1735,2154,1150,1663,98,100,0,600,2183
sp3run3base,939,262,2151,1152,1714,1583,12,155516,12441,2154,1153,1730,2151,1151,1701,98,100,0,600,2180
sp3run3base,939,263,2158,1153,1714,1589,12,155517,12441,2158,1153,1761,2151,1150,1700,98,100,0,600,2186
sp3run3base,939,264,2157,1151,1717,1595,12,155518,12441,2158,1153,1738,2157,1151,1709,98,100,0,600,2186
sp3run3base,939,265,2207,1151,1733,1601,12,155521,12441,2214,1153,1817,2156,1151,1706,100,100,0,600,2207
sp3run3base,939,266,2157,1152,1728,1607,12,155522,12441,2207,1153,1739,2155,1151,1707,98,100,0,600,2183
sp3run3base,939,267,2165,1152,1734,1613,12,155526,12442,2165,1153,1741,2157,1151,1710,98,100,0,600,2197
sp3run3base,939,268,2165,1152,1714,1619,12,155535,12442,2170,1153,1749,2165,1151,1695,99,100,0,600,2186
sp3run3base,939,269,2160,1152,1730,1625,13,155536,12442,2165,1154,1752,2159,1150,1705,98,100,0,600,2186
sp3run3base,939,270,2160,1153,1726,1631,13,155532,12442,2160,1153,1746,2159,1151,1691,98,100,0,599,2191
sp3run3base,939,271,2167,1152,1729,1638,13,155536,12442,2167,1153,1739,2160,1151,1721,98,100,0,600,2200
sp3run3base,939,272,2169,1152,1725,1644,13,155540,12443,2169,1154,1745,2167,1151,1720,98,100,0,600,2200
sp3run3base,939,273,2173,1152,1746,1649,13,155545,12443,2174,1153,1774,2168,1151,1718,98,100,0,600,2203
sp3run3base,939,274,2171,1152,1735,1656,13,155549,12443,2173,1153,1747,2171,1151,1716,98,100,0,600,2197
sp3run3base,939,275,2173,1152,1729,1662,13,155555,12444,2175,1154,1777,2170,1151,1719,99,100,0,600,2194
sp3run3base,939,276,2166,1152,1732,1668,13,155557,12444,2173,1153,1736,2165,1151,1707,98,100,0,599,2197
sp3run3base,939,277,2169,1152,1731,1674,13,155561,12444,2169,1153,1741,2166,1151,1721,98,100,0,600,2200
sp3run3base,939,278,2169,1153,1733,1680,13,155564,12445,2169,1154,1742,2166,1151,1703,98,100,0,600,2205
sp3run3base,939,279,2165,1152,1729,1686,13,155567,12445,2171,1154,1748,2165,1151,1700,98,100,0,599,2191
sp3run3base,939,280,2164,1152,1731,1692,13,155570,12445,2165,1153,1735,2162,1151,1709,98,100,0,600,2197
sp3run3base,939,281,2167,1153,1726,1698,13,155573,12445,2167,1154,1740,2164,1151,1720,98,100,0,600,2203
sp3run3base,939,282,2167,1153,1728,1704,13,155577,12446,2168,1154,1738,2167,1152,1719,98,100,0,600,2194
sp3run3base,939,283,2168,1153,1729,1710,13,155586,12446,2168,1154,1736,2167,1152,1721,98,100,0,600,2200
sp3run3base,939,284,2169,1152,1730,1716,13,155589,12447,2169,1154,1736,2168,1151,1723,98,100,0,600,2200
sp3run3base,939,285,2170,1152,1733,1722,13,155593,12447,2170,1154,1737,2169,1152,1723,98,100,0,600,2200
sp3run3base,939,286,2171,1153,1728,1728,13,155592,12447,2171,1154,1734,2170,1152,1726,98,100,0,601,2200
sp3run3base,939,287,2171,1151,1735,1734,13,155596,12447,2171,1154,1737,2171,1150,1728,98,100,0,601,2200
sp3run3base,939,288,2171,1152,1730,1740,13,155606,12448,2171,1153,1736,2170,1151,1728,98,100,0,601,2200
sp3run3base,939,289,2171,1152,1731,1746,13,155604,12448,2172,1153,1736,2171,1151,1729,98,100,0,601,2200
sp3run3base,939,290,2171,1151,1735,1752,14,155608,12448,2172,1153,1743,2170,1150,1723,98,100,0,600,2203
sp3run3base,939,291,2171,1151,1729,1758,14,155612,12449,2171,1153,1743,2171,1150,1725,98,100,0,600,2203
sp3run3base,939,292,2170,1151,1738,1764,14,155616,12449,2171,1154,1743,2170,1151,1716,98,100,0,600,2197
sp3run3base,939,293,2171,1152,1734,1771,14,155620,12449,2171,1153,1750,2169,1150,1724,98,100,0,600,2197
sp3run3base,939,294,2171,1151,1728,1777,14,155624,12449,2171,1153,1755,2170,1150,1724,98,100,0,600,2205
sp3run3base,939,295,2168,1149,1748,1782,14,155627,12450,2171,1152,1748,2168,1148,1695,98,100,0,600,2197
sp3run3base,939,296,2163,1148,1727,1789,14,155629,12450,2170,1150,1750,2163,1147,1717,98,100,0,600,2188
sp3run3base,939,297,2163,1147,1721,1795,14,155630,12450,2164,1149,1753,2159,1145,1717,98,100,0,600,2194
sp3run3base,939,298,2157,1147,1723,1801,14,155631,12450,2164,1147,1756,2157,1145,1707,99,100,0,600,2177
sp3run3base,939,299,2157,1145,1738,1807,14,155631,12450,2158,1147,1747,2154,1145,1692,98,100,0,600,2186
sp3run3base,939,300,2168,1146,1742,1813,14,155635,12450,2168,1147,1754,2157,1145,1715,98,100,0,600,2205
sp3run3base,939,301,2164,1146,1732,1819,14,155636,12450,2169,1147,1754,2163,1145,1716,98,100,0,600,2186
sp3run3base,939,302,2161,1146,1741,1825,14,155638,12451,2164,1147,1748,2161,1145,1722,98,100,0,600,2186
sp3run3base,939,303,2159,1147,1725,1831,14,155638,12451,2161,1147,1750,2159,1145,1719,98,100,0,599,2191
sp3run3base,939,304,2169,1145,1733,1837,14,155648,12451,2172,1147,1760,2159,1145,1665,99,100,0,599,2174
sp3run3base,939,305,2164,1145,1730,1843,14,155645,12451,2170,1147,1756,2164,1145,1721,98,100,0,599,2191
sp3run3base,939,306,2166,1146,1728,1849,14,155652,12452,2168,1147,1757,2161,1144,1715,98,100,0,599,2188
sp3run3base,939,307,2168,1145,1747,1855,14,155650,12452,2168,1147,1757,2163,1145,1718,98,100,0,599,2211
sp3run3base,939,308,2170,1146,1724,1861,14,155654,12452,2174,1147,1759,2168,1145,1724,98,100,0,599,2194
sp3run3base,939,309,2164,1146,1728,1867,14,155656,12452,2171,1147,1758,2164,1144,1663,98,100,0,600,2188
sp3run3base,939,310,2165,1146,1724,1873,14,155658,12452,2168,1147,1757,2163,1145,1690,98,100,0,600,2191
sp3run3base,939,311,2160,1146,1727,1879,15,155659,12452,2165,1147,1745,2160,1145,1706,98,100,0,600,2183
sp3run3base,939,312,2159,1145,1731,1885,15,155659,12452,2160,1147,1749,2158,1145,1721,98,100,0,599,2188
sp3run3base,939,313,2164,1146,1731,1891,15,155661,12452,2164,1147,1756,2159,1144,1724,98,100,0,600,2197
sp3run3base,939,314,2173,1147,1744,1897,15,155666,12453,2173,1147,1760,2164,1144,1710,98,100,0,600,2211
sp3run3base,939,315,2179,1146,1747,1903,15,155672,12453,2179,1147,1768,2173,1145,1739,98,100,0,600,2211
sp3run3base,939,316,2168,1146,1738,1909,15,155674,12453,2180,1147,1792,2168,1145,1718,99,100,0,600,2188
sp3run3base,939,317,2172,1145,1744,1915,15,155678,12454,2172,1147,1759,2164,1144,1719,98,100,0,599,2208
sp3run3base,939,318,2173,1145,1742,1921,15,155687,12454,2177,1147,1795,2172,1144,1715,99,100,0,600,2186
sp3run3base,939,319,2166,1146,1727,1927,15,155683,12454,2173,1147,1752,2166,1145,1720,99,100,0,599,2186
sp3run3base,939,320,2165,1145,1742,1933,15,155685,12454,2166,1147,1756,2164,1144,1710,98,100,0,600,2194
sp3run3base,939,321,2175,1145,1751,1939,15,155690,12455,2175,1146,1765,2165,1144,1722,98,100,0,600,2205
sp3run3base,939,322,2165,1146,1725,1946,15,155697,12455,2176,1147,1756,2165,1144,1672,99,100,0,600,2186
sp3run3base,939,323,2172,1146,1749,1952,15,155696,12455,2172,1147,1795,2164,1145,1724,98,100,0,600,2205
sp3run3base,939,324,2170,1146,1736,1957,15,155699,12455,2175,1147,1760,2170,1144,1670,99,100,0,600,2186
sp3run3base,939,325,2163,1146,1726,1964,15,155700,12456,2170,1147,1755,2163,1144,1712,98,100,0,600,2188
sp3run3base,939,326,2163,1146,1730,1970,15,155702,12456,2163,1147,1749,2161,1144,1721,98,100,0,600,2191
sp3run3base,939,327,2165,1147,1731,1976,15,155704,12456,2166,1147,1788,2163,1145,1728,98,100,0,600,2191
sp3run3base,939,328,2164,1146,1731,1982,15,155706,12456,2165,1147,1744,2164,1145,1727,98,100,0,600,2194
sp3run3base,939,329,2163,1146,1738,1988,15,155707,12456,2164,1147,1742,2163,1145,1727,98,100,0,600,2191
sp3run3base,939,330,2171,1147,1740,1994,15,155711,12456,2171,1147,1747,2163,1145,1735,98,100,0,601,2200
sp3run3base,939,331,2172,1148,1737,2000,16,155719,12457,2172,1148,1748,2171,1145,1734,98,100,0,601,2200
sp3run3base,939,332,2173,1146,1740,2006,16,155718,12457,2173,1148,1751,2172,1145,1735,98,100,0,601,2203
sp3run3base,939,333,2173,1147,1738,2012,16,155722,12457,2173,1147,1746,2173,1146,1727,98,100,0,600,2203
sp3run3base,939,334,2173,1147,1744,2018,16,155726,12458,2174,1148,1753,2173,1145,1734,98,100,0,600,2203
sp3run3base,939,335,2174,1147,1738,2024,16,155729,12458,2174,1148,1752,2173,1145,1735,98,100,0,599,2200
sp3run3base,939,336,2174,1146,1744,2030,16,155733,12458,2174,1147,1747,2174,1145,1736,98,100,0,600,2203
sp3run3base,939,337,2174,1146,1744,2036,16,155737,12458,2174,1147,1748,2174,1145,1736,98,100,0,600,2203
sp3run3base,939,338,2175,1146,1746,2042,16,155741,12459,2175,1147,1749,2174,1145,1736,98,100,0,599,2205
sp3run3base,939,339,2176,1147,1744,2048,16,155745,12459,2176,1147,1754,2175,1145,1736,98,100,0,599,2203
sp3run3base,939,340,2176,1146,1742,2054,16,155749,12459,2176,1147,1753,2175,1145,1714,98,100,0,599,2203
sp3run3base,939,341,2169,1147,1726,2060,16,155752,12460,2176,1147,1752,2169,1145,1724,98,100,0,600,2191
sp3run3base,939,342,2168,1147,1734,2066,16,155754,12460,2169,1147,1748,2164,1144,1690,98,100,0,599,2197
sp3run3base,939,343,2162,1146,1725,2073,16,155759,12460,2168,1147,1738,2162,1144,1724,98,100,0,600,2188
sp3run3base,939,344,2160,1147,1732,2079,16,155755,12460,2162,1147,1739,2160,1144,1724,98,100,0,600,2188
sp3run3base,939,345,2160,1146,1730,2084,16,155760,12460,2161,1147,1738,2160,1145,1723,98,100,0,600,2188
sp3run3base,939,346,2166,1145,1744,2090,16,155758,12460,2166,1147,1755,2160,1144,1724,98,100,0,599,2205
sp3run3base,939,347,2174,1147,1739,2097,16,155762,12460,2174,1147,1790,2166,1145,1736,98,100,0,600,2203
sp3run3base,939,348,2166,1146,1730,2103,16,155764,12461,2174,1147,1747,2166,1145,1704,98,100,0,600,2188
sp3run3base,939,349,2161,1147,1735,2109,16,155768,12461,2166,1147,1740,2161,1145,1722,98,100,0,600,2188
sp3run3base,939,350,2164,1147,1730,2115,16,155765,12461,2164,1147,1744,2161,1145,1723,98,100,0,600,2194
sp3run3base,939,351,2165,1146,1732,2121,16,155767,12461,2165,1148,1742,2164,1144,1728,98,100,0,600,2191
sp3run3base,939,352,2170,1146,1746,2127,17,155770,12461,2170,1147,1751,2165,1144,1723,98,100,0,599,2203
sp3run3base,939,353,2165,1148,1730,2133,17,155775,12462,2171,1148,1746,2164,1144,1723,98,100,0,600,2191
sp3run3base,939,354,2165,1147,1739,2139,17,155777,12462,2165,1148,1745,2164,1146,1726,98,100,0,600,2194
sp3run3base,939,355,2166,1148,1734,2145,17,155775,12462,2167,1148,1782,2165,1146,1726,98,100,0,599,2194
sp3run3base,939,356,2169,1147,1687,2151,17,155777,12462,2172,1148,1753,2166,1145,1654,99,100,0,600,2188
sp3run3base,939,357,2171,1147,1724,2157,17,155780,12462,2171,1148,1747,2164,1146,1685,98,100,0,600,2200
sp3run3base,939,358,2161,1147,1730,2163,17,155780,12462,2171,1148,1738,2161,1146,1694,98,100,0,600,2183
sp3run3base,939,359,2162,1147,1730,2169,17,155781,12462,2162,1148,1748,2160,1146,1707,98,100,0,600,2194
sp3run3base,939,360,2160,1147,1730,2175,17,155781,12462,2162,1149,1735,2159,1146,1721,98,100,0,600,2186
sp3run3base,939,361,2161,1147,1728,2181,17,155782,12462,2161,1149,1745,2157,1146,1694,98,100,0,600,2191
sp3run3base,939,362,2171,1146,1739,2187,17,155785,12462,2171,1148,1747,2161,1145,1712,98,100,0,600,2203
sp3run3base,939,363,2169,1147,1726,2193,17,155787,12463,2173,1148,1747,2169,1146,1680,99,100,0,600,2186
sp3run3base,939,364,2162,1148,1736,2199,17,155788,12463,2169,1149,1741,2162,1146,1722,98,100,0,600,2191
sp3run3base,939,365,2167,1147,1744,2205,17,155790,12463,2167,1149,1779,2162,1146,1727,98,100,0,600,2203
sp3run3base,939,366,2174,1146,1741,2211,17,155794,12463,2174,1148,1757,2167,1145,1714,98,100,0,600,2205
sp3run3base,939,367,2167,1146,1740,2217,17,155796,12463,2176,1147,1784,2167,1144,1692,99,100,0,600,2188
sp3run3base,939,368,2166,1146,1730,2223,17,155797,12463,2168,1147,1781,2166,1144,1728,98,100,0,600,2194
sp3run3base,939,369,2161,1147,1728,2229,17,155798,12463,2166,1147,1743,2161,1145,1723,98,100,0,600,2186
sp3run3base,939,370,2162,1146,1702,2235,17,155803,12464,2163,1148,1775,2160,1145,1702,98,100,0,599,2186
sp3run3base,939,371,2173,1146,1742,2241,17,155802,12464,2173,1148,1790,2162,1144,1702,98,100,0,600,2214
sp3run3base,939,372,2165,1147,1724,2247,17,155804,12464,2174,1147,1754,2165,1145,1717,99,100,0,599,2186
sp3run3base,939,373,2163,1146,1741,2254,18,155804,12464,2165,1147,1743,2162,1145,1706,98,100,0,599,2194
sp3run3base,939,374,2171,1147,1739,2260,18,155807,12464,2171,1148,1747,2163,1145,1734,98,100,0,600,2203
sp3run3base,939,375,2172,1147,1742,2265,18,155810,12464,2172,1148,1748,2170,1145,1711,98,100,0,600,2200
sp3run3base,939,376,2173,1148,1741,2272,18,155813,12465,2173,1148,1747,2172,1145,1733,98,100,0,600,2203
sp3run3base,939,377,2173,1148,1737,2278,18,155816,12465,2174,1148,1749,2173,1145,1733,98,100,0,600,2200
sp3run3base,939,378,2177,1147,1774,2284,18,155820,12465,2177,1148,1779,2173,1146,1734,97,100,0,600,2225
sp3run3base,939,379,2177,1147,1744,2290,18,155824,12465,2183,1149,1778,2177,1146,1727,98,100,0,600,2203
sp3run3base,939,380,2183,1147,1772,2296,18,155833,12466,2183,1149,1791,2175,1146,1732,98,100,0,600,2225
sp3run3base,939,381,2178,1148,1742,2302,18,155832,12466,2184,1149,1772,2178,1146,1728,98,100,0,600,2203
sp3run3base,939,382,2176,1147,1738,2308,18,155836,12466,2178,1149,1752,2176,1146,1730,98,100,0,600,2205
sp3run3base,939,383,2175,1147,1747,2314,18,155839,12467,2176,1149,1749,2175,1146,1719,98,100,0,600,2205
sp3run3base,939,384,2175,1148,1742,2320,18,155842,12467,2176,1149,1750,2175,1146,1732,98,100,0,599,2203
sp3run3base,939,385,2175,1147,1744,2326,18,155845,12467,2176,1149,1750,2175,1147,1733,98,100,0,600,2203
sp3run3base,939,386,2175,1148,1748,2332,18,155848,12467,2175,1149,1757,2172,1146,1724,98,100,0,600,2211
sp3run3base,939,387,2183,1148,1742,2338,18,155853,12468,2183,1149,1794,2175,1146,1735,97,100,0,600,2228
sp3run3base,939,388,2172,1148,1733,2344,18,155855,12468,2183,1149,1754,2172,1146,1716,98,100,0,600,2197
sp3run3base,939,389,2169,1147,1734,2350,18,155857,12468,2172,1149,1755,2169,1146,1713,98,100,0,600,2197
sp3run3base,939,390,2174,1148,1750,2356,18,155860,12468,2174,1149,1790,2169,1146,1722,98,100,0,600,2208
sp3run3base,939,391,2166,1148,1744,2362,18,155861,12468,2174,1148,1755,2164,1146,1690,98,100,0,600,2205
sp3run3base,939,392,2170,1147,1736,2369,18,155867,12469,2174,1149,1788,2166,1146,1680,99,100,0,600,2188
sp3run3base,939,393,2167,1147,1737,2375,19,155865,12469,2170,1149,1750,2166,1146,1715,98,100,0,600,2200
sp3run3base,939,394,2171,1148,1738,2381,19,155867,12469,2171,1149,1755,2166,1146,1724,98,100,0,600,2205
sp3run3base,939,395,2177,1147,1751,2387,19,155871,12469,2177,1148,1755,2171,1147,1736,98,100,0,600,2205
sp3run3base,939,396,2164,1147,1721,2393,19,155871,12469,2177,1149,1753,2164,1146,1714,98,100,0,600,2186
sp3run3base,939,397,2159,1148,1727,2399,19,155871,12469,2164,1149,1735,2159,1147,1716,98,100,0,599,2186
sp3run3base,939,398,2167,1147,1742,2405,19,155873,12469,2167,1149,1748,2159,1146,1716,98,100,0,600,2203
sp3run3base,939,399,2174,1147,1740,2411,19,155876,12470,2174,1149,1747,2167,1145,1735,98,100,0,600,2203
sp3run3base,939,400,2176,1148,1742,2417,19,155879,12470,2176,1149,1745,2174,1147,1738,98,100,0,600,2205
sp3run3base,939,401,2176,1148,1741,2423,19,155882,12470,2177,1149,1753,2176,1146,1738,98,100,0,600,2203
sp3run3base,939,402,2177,1148,1741,2429,19,155885,12470,2177,1149,1753,2176,1146,1739,98,100,0,600,2205
sp3run3base,939,403,2176,1148,1742,2435,19,155889,12471,2177,1149,1752,2176,1147,1732,98,100,0,600,2205
sp3run3base,939,404,2176,1148,1744,2441,19,155892,12471,2176,1149,1753,2175,1147,1721,98,100,0,600,2203
sp3run3base,939,405,2175,1149,1738,2447,19,155894,12471,2176,1149,1757,2175,1147,1734,98,100,0,601,2203
sp3run3base,939,406,2175,1148,1739,2453,19,155897,12471,2175,1149,1754,2175,1147,1730,98,100,0,601,2208
sp3run3base,939,407,2177,1149,1741,2459,19,155901,12472,2177,1149,1761,2175,1146,1734,98,100,0,600,2203
sp3run3base,939,408,2177,1148,1749,2465,19,155908,12472,2177,1149,1762,2177,1146,1733,98,100,0,599,2208
sp3run3base,939,409,2177,1148,1740,2472,19,155907,12472,2177,1149,1755,2176,1147,1733,98,100,0,600,2203
sp3run3base,939,410,2176,1148,1748,2477,19,155910,12472,2177,1149,1760,2176,1147,1734,98,100,0,600,2203
sp3run3base,939,411,2178,1147,1737,2484,19,155917,12473,2178,1149,1764,2176,1147,1734,98,100,0,600,2205
sp3run3base,939,412,2177,1148,1745,2490,19,155917,12473,2178,1149,1757,2177,1147,1735,98,100,0,600,2205
sp3run3base,939,413,2174,1148,1739,2496,19,155919,12473,2177,1149,1756,2172,1146,1671,98,100,0,600,2208
sp3run3base,939,414,2177,1148,1739,2502,20,155922,12473,2177,1149,1756,2174,1146,1734,98,100,0,600,2208
sp3run3base,939,415,2177,1147,1740,2508,20,155925,12474,2178,1149,1765,2177,1147,1733,98,100,0,600,2205
sp3run3base,939,416,2176,1148,1740,2514,20,155928,12474,2177,1149,1755,2176,1147,1732,98,100,0,600,2205
sp3run3base,939,417,2177,1149,1739,2520,20,155935,12474,2177,1149,1755,2176,1147,1733,98,100,0,600,2208
sp3run3base,939,418,2176,1149,1739,2526,20,155934,12474,2177,1149,1755,2176,1146,1730,98,100,0,600,2203
sp3run3base,939,419,2176,1148,1740,2532,20,155937,12475,2177,1149,1754,2176,1147,1733,98,100,0,600,2205
sp3run3base,939,420,2176,1148,1737,2538,20,155940,12475,2176,1149,1754,2176,1147,1732,98,100,0,600,2205
sp3run3base,939,421,2176,1149,1739,2544,20,155943,12475,2176,1149,1756,2175,1147,1732,98,100,0,600,2208
sp3run3base,939,422,2177,1149,1737,2550,20,155946,12475,2177,1149,1755,2176,1147,1733,98,100,0,600,2211
sp3run3base,939,423,2176,1149,1738,2556,20,155952,12476,2177,1150,1753,2176,1147,1732,98,100,0,600,2205
sp3run3base,939,424,2176,1149,1736,2562,20,155951,12476,2176,1149,1755,2175,1147,1733,98,100,0,600,2200
sp3run3base,939,425,2176,1148,1740,2568,20,155954,12476,2176,1149,1753,2175,1147,1732,98,100,0,600,2205
sp3run3base,939,426,2176,1148,1739,2575,20,155957,12476,2176,1149,1762,2175,1147,1733,98,100,0,600,2208
sp3run3base,939,427,2176,1149,1736,2581,20,155960,12476,2177,1149,1753,2176,1146,1734,98,100,0,600,2205
sp3run3base,939,428,2167,1148,1726,2587,20,155964,12477,2176,1149,1781,2167,1147,1715,98,100,0,600,2191
sp3run3base,939,429,2162,1149,1723,2593,20,155960,12476,2167,1150,1747,2162,1147,1713,98,100,0,600,2191
sp3run3base,939,430,2171,1149,1740,2599,20,155962,12477,2171,1150,1787,2161,1147,1717,98,100,0,600,2211
sp3run3base,939,431,2171,1149,1742,2605,20,155968,12477,2174,1149,1759,2169,1147,1717,98,100,0,600,2205
sp3run3base,939,432,2167,1148,1724,2611,20,155966,12477,2174,1150,1763,2167,1147,1664,98,100,0,600,2191
sp3run3base,939,433,2162,1147,1722,2617,20,155969,12477,2167,1149,1754,2162,1146,1689,98,100,0,600,2186
sp3run3base,939,434,2164,1147,1739,2623,20,155966,12477,2164,1148,1766,2159,1146,1709,98,100,0,599,2205
sp3run3base,939,435,2174,1147,1737,2629,21,155969,12477,2174,1149,1793,2164,1147,1727,98,100,0,600,2205
sp3run3base,939,436,2176,1148,1742,2635,21,155972,12477,2176,1149,1753,2174,1146,1733,98,100,0,600,2203
sp3run3base,939,437,2177,1148,1737,2641,21,155975,12478,2177,1149,1752,2176,1147,1734,98,100,0,600,2208
sp3run3base,939,438,2165,1148,1734,2647,21,155975,12478,2177,1149,1753,2165,1146,1706,98,100,0,600,2188
sp3run3base,939,439,2166,1147,1742,2653,21,155976,12478,2166,1149,1748,2165,1146,1725,98,100,0,600,2194
sp3run3base,939,440,2172,1145,1745,2659,21,155979,12478,2172,1148,1746,2166,1145,1734,98,100,0,600,2205
sp3run3base,939,441,2165,1147,1730,2665,21,155979,12478,2173,1148,1749,2165,1145,1703,98,100,0,600,2188
sp3run3base,939,442,2161,1147,1723,2671,21,155979,12478,2165,1148,1738,2161,1145,1721,98,100,0,600,2188
sp3run3base,939,443,2164,1147,1736,2677,21,155984,12478,2164,1148,1743,2160,1146,1719,98,100,0,600,2194
sp3run3base,939,444,2165,1148,1733,2683,21,155981,12478,2165,1149,1741,2164,1147,1725,98,100,0,600,2197
sp3run3base,939,445,2166,1148,1732,2689,21,155982,12478,2167,1149,1751,2165,1146,1726,98,100,0,600,2194
sp3run3base,939,446,2167,1147,1732,2695,21,155983,12478,2167,1149,1746,2166,1146,1727,98,100,0,600,2200
sp3run3base,939,447,2165,1149,1732,2701,21,155984,12478,2167,1149,1744,2165,1146,1725,98,100,0,599,2191
sp3run3base,939,448,2169,1148,1744,2707,21,155986,12478,2169,1149,1746,2165,1147,1726,98,100,0,600,2200
sp3run3base,939,449,2173,1147,1748,2714,21,155988,12479,2173,1149,1748,2169,1146,1735,98,100,0,600,2203
sp3run3base,939,450,2174,1148,1738,2720,21,155994,12479,2175,1149,1748,2173,1146,1733,98,100,0,599,2205
sp3run3base,939,451,2174,1149,1746,2726,21,155993,12479,2175,1149,1753,2174,1147,1708,98,100,0,600,2205
sp3run3base,939,452,2175,1147,1738,2732,21,155995,12479,2175,1149,1754,2174,1146,1734,98,100,0,600,2203
sp3run3base,939,453,2176,1148,1738,2738,21,155998,12479,2176,1149,1788,2175,1146,1735,98,100,0,600,2205
sp3run3base,939,454,2175,1148,1744,2744,21,156000,12480,2176,1149,1747,2175,1146,1734,98,100,0,600,2203
sp3run3base,939,455,2175,1148,1740,2750,22,156002,12480,2176,1149,1758,2174,1146,1710,98,100,0,600,2205
sp3run3base,939,456,2175,1148,1738,2756,22,156005,12480,2175,1149,1745,2174,1145,1734,98,100,0,601,2203
sp3run3base,939,457,2174,1149,1741,2762,22,156007,12480,2175,1149,1745,2174,1146,1734,98,100,0,601,2203
sp3run3base,939,458,2175,1148,1736,2768,22,156009,12480,2175,1149,1757,2174,1146,1734,98,100,0,601,2211
sp3run3base,939,459,2174,1148,1737,2774,22,156011,12480,2175,1149,1746,2174,1146,1734,98,100,0,601,2200
sp3run3base,939,460,2174,1149,1739,2780,22,156017,12481,2174,1149,1745,2174,1146,1734,98,100,0,601,2203
sp3run3base,939,461,2174,1148,1735,2786,22,156015,12481,2174,1149,1752,2174,1146,1733,98,100,0,601,2203
sp3run3base,939,462,2174,1148,1739,2792,22,156018,12481,2174,1149,1751,2173,1147,1734,98,100,0,601,2203
sp3run3base,939,463,2174,1148,1740,2798,22,156020,12481,2174,1149,1745,2173,1146,1733,98,100,0,601,2203
sp3run3base,939,464,2166,1147,1730,2804,22,156020,12481,2174,1149,1753,2166,1145,1715,99,100,0,601,2186
sp3run3base,939,465,2160,1148,1725,2810,22,156020,12481,2166,1149,1738,2160,1146,1716,98,100,0,600,2186
sp3run3base,939,466,2170,1148,1716,2816,22,156022,12481,2170,1148,1788,2160,1146,1713,98,100,0,600,2203
sp3run3base,939,467,2166,1148,1731,2822,22,156023,12481,2172,1149,1745,2166,1146,1705,98,100,0,600,2188
sp3run3base,939,468,2164,1148,1734,2828,22,156023,12481,2166,1149,1756,2163,1146,1704,98,100,0,600,2191
sp3run3base,939,469,2163,1148,1714,2834,22,156023,12481,2167,1149,1784,2163,1146,1713,98,100,0,600,2188
sp3run3base,939,470,2166,1147,1742,2841,22,156024,12481,2166,1149,1746,2161,1145,1694,98,100,0,601,2205
sp3run3base,939,471,2165,1147,1735,2847,22,156028,12482,2168,1149,1780,2165,1146,1712,98,100,0,601,2191
sp3run3base,939,472,2167,1147,1735,2853,22,156026,12482,2167,1148,1754,2164,1146,1689,98,100,0,600,2200
sp3run3base,939,473,2172,1147,1731,2859,22,156031,12482,2172,1148,1784,2167,1145,1718,98,100,0,601,2203
sp3run3base,939,474,2163,1146,1732,2865,22,156028,12482,2172,1148,1746,2163,1146,1661,98,100,0,601,2186
sp3run3base,939,475,2163,1147,1724,2871,22,156028,12482,2163,1148,1783,2159,1146,1698,98,100,0,600,2197
sp3run3base,939,476,2165,1148,1737,2877,23,156029,12482,2165,1148,1779,2162,1147,1706,98,100,0,600,2203
sp3run3base,939,477,2168,1148,1738,2883,23,156030,12482,2168,1149,1780,2165,1146,1726,98,100,0,600,2200
sp3run3base,939,478,2171,1147,1741,2889,23,156032,12482,2171,1148,1747,2168,1146,1733,98,100,0,600,2200
sp3run3base,939,479,2171,1148,1737,2895,23,156036,12482,2172,1148,1745,2171,1146,1733,98,100,0,601,2200
sp3run3base,939,480,2171,1148,1737,2901,23,156035,12482,2172,1149,1745,2171,1146,1733,98,100,0,601,2200
sp3run3base,939,481,2172,1149,1737,2907,23,156037,12482,2172,1149,1744,2171,1147,1732,98,100,0,601,2200
sp3run3base,939,482,2170,1148,1740,2913,23,156038,12483,2172,1149,1743,2169,1147,1718,98,100,0,601,2200
sp3run3base,939,483,2170,1148,1738,2919,23,156039,12483,2171,1149,1744,2170,1146,1727,98,100,0,600,2200
sp3run3base,939,484,2170,1147,1739,2925,23,156041,12483,2171,1149,1746,2170,1146,1732,98,100,0,599,2200
sp3run3base,939,485,2170,1147,1735,2931,23,156042,12483,2171,1149,1749,2170,1146,1726,98,100,0,600,2194
sp3run3base,939,486,2160,1148,1729,2937,23,156041,12483,2170,1149,1737,2160,1146,1709,98,100,0,600,2183
sp3run3base,939,487,2162,1148,1740,2943,23,156042,12483,2162,1149,1776,2159,1146,1720,98,100,0,600,2188
sp3run3base,939,488,2170,1148,1735,2949,23,156043,12483,2170,1148,1752,2162,1146,1733,98,100,0,600,2200
sp3run3base,939,489,2163,1148,1728,2955,23,156043,12483,2170,1149,1773,2163,1146,1708,99,100,0,600,2183
sp3run3base,939,490,2162,1148,1739,2961,23,156043,12483,2163,1148,1747,2159,1146,1716,98,100,0,600,2203
sp3run3base,939,491,2206,1148,1740,2967,23,156049,12483,2223,1149,1813,2162,1146,1711,100,100,0,600,2206
sp3run3base,939,492,2176,1147,1721,2973,23,156047,12483,2206,1149,1791,2176,1146,1711,99,100,0,600,2183
sp3run3base,939,493,2159,1147,1718,2979,23,156049,12483,2176,1148,1741,2159,1146,1712,98,100,0,599,2183
sp3run3base,939,494,2155,1147,1736,2985,23,156048,12483,2159,1148,1742,2155,1146,1714,98,100,0,600,2183
sp3run3base,939,495,2153,1147,1717,2991,23,156044,12483,2155,1148,1742,2153,1145,1715,98,100,0,599,2183
sp3run3base,939,496,2159,1146,1718,2997,23,156043,12483,2160,1148,1756,2152,1145,1713,98,100,0,600,2183
sp3run3base,939,497,2162,1147,1742,3003,24,156044,12483,2162,1149,1753,2158,1146,1714,98,100,0,600,2194
sp3run3base,939,498,2162,1147,1736,3009,24,156044,12483,2163,1148,1754,2162,1145,1716,98,100,0,599,2191
sp3run3base,939,499,2169,1147,1745,3015,24,156045,12483,2169,1148,1751,2162,1146,1722,98,100,0,599,2208
sp3run3base,939,500,2164,1148,1723,3022,24,156046,12483,2172,1148,1759,2164,1146,1711,98,100,0,599,2188
sp3run3base,939,501,2160,1147,1731,3028,24,156045,12483,2164,1148,1743,2160,1145,1678,98,100,0,599,2188
sp3run3base,939,502,2158,1147,1719,3034,24,156045,12483,2160,1148,1739,2158,1146,1717,98,100,0,600,2186
sp3run3base,939,503,2160,1147,1748,3039,24,156045,12483,2160,1148,1750,2157,1146,1701,97,100,0,599,2205
sp3run3base,939,504,2165,1146,1738,3046,24,156049,12483,2170,1149,1756,2160,1146,1717,99,100,0,600,2183
sp3run3base,939,505,2160,1147,1720,3052,24,156045,12483,2165,1148,1742,2160,1146,1712,98,100,0,599,2183
sp3run3base,939,506,2156,1148,1725,3058,24,156045,12483,2160,1148,1735,2156,1145,1715,98,100,0,600,2183
sp3run3base,939,507,2153,1149,1721,3064,24,156043,12483,2156,1149,1739,2153,1146,1713,98,100,0,600,2180
sp3run3base,939,508,2151,1148,1721,3070,24,156042,12483,2153,1149,1728,2151,1146,1717,98,100,0,601,2180
sp3run3base,939,509,2150,1148,1722,3076,24,156040,12483,2151,1149,1727,2150,1146,1704,98,100,0,601,2180
sp3run3base,939,510,2151,1148,1723,3082,24,156039,12483,2151,1149,1725,2150,1146,1719,98,100,0,601,2177
sp3run3base,939,511,2150,1148,1722,3087,24,156037,12483,2151,1149,1725,2150,1146,1719,98,100,0,601,2180
sp3run3base,939,512,2151,1147,1728,3093,24,156036,12482,2151,1148,1733,2150,1146,1694,98,100,0,600,2188
sp3run3base,939,513,2174,1146,1749,3100,24,156039,12483,2174,1148,1772,2151,1145,1725,98,100,0,600,2217
sp3run3base,939,514,2162,1148,1778,3106,24,156039,12483,2177,1149,1793,2162,1145,1627,98,100,0,600,2186
sp3run3base,939,515,2272,1147,1800,3112,24,156046,12483,2272,1148,1829,2162,1146,1733,98,100,0,601,2296
sp3run3base,939,516,2200,1147,1790,3118,24,156054,12484,2272,1148,1838,2194,1146,1736,97,100,0,601,2251
sp3run3base,939,517,2211,1147,1758,3124,24,156065,12485,2211,1148,1815,2200,1146,1744,98,100,0,601,2242
sp3run3base,939,518,2213,1148,1757,3130,25,156069,12485,2213,1148,1817,2211,1146,1750,98,100,0,601,2240
sp3run3base,939,519,2212,1148,1783,3136,25,156076,12486,2214,1148,1802,2211,1146,1735,98,100,0,601,2237
sp3run3base,939,520,2207,1147,1773,3143,25,156082,12486,2212,1148,1783,2207,1146,1733,99,100,0,601,2228
sp3run3base,939,521,2204,1147,1774,3149,25,156091,12487,2207,1148,1784,2204,1146,1725,99,100,0,601,2222
sp3run3base,939,522,2210,1148,1769,3155,25,156095,12487,2210,1148,1806,2204,1146,1752,98,100,0,601,2242
sp3run3base,939,523,2210,1147,1778,3161,25,156102,12488,2211,1148,1788,2208,1146,1740,99,100,0,600,2231
sp3run3base,939,524,2214,1147,1742,3167,25,156111,12488,2273,1148,1848,2210,1146,1734,99,100,0,600,2231
sp3run3base,939,525,2272,1148,1822,3173,25,156119,12489,2272,1148,1836,2206,1146,1722,98,100,0,599,2299
sp3run3base,939,526,2208,1148,1762,3180,25,156125,12490,2272,1148,1822,2206,1146,1729,98,100,0,600,2242
sp3run3base,939,527,2210,1148,1775,3186,25,156131,12490,2210,1149,1808,2207,1146,1742,98,100,0,600,2251
sp3run3base,939,528,2208,1148,1775,3192,25,156138,12491,2212,1149,1812,2208,1146,1721,98,100,0,600,2234
sp3run3base,939,529,2211,1146,1779,3198,25,156144,12491,2211,1149,1787,2208,1145,1744,98,100,0,600,2242
sp3run3base,939,530,2211,1147,1780,3204,25,156151,12492,2212,1149,1786,2211,1146,1748,98,100,0,599,2237
sp3run3base,939,531,2211,1148,1776,3210,25,156158,12492,2213,1148,1787,2210,1146,1736,98,100,0,600,2240
sp3run3base,939,532,2212,1148,1771,3217,25,156164,12493,2213,1149,1788,2211,1147,1744,98,100,0,600,2240
sp3run3base,939,533,2212,1147,1779,3223,25,156174,12493,2213,1149,1818,2211,1147,1739,99,100,0,600,2234
sp3run3base,939,534,2208,1147,1773,3229,25,156177,12494,2212,1149,1790,2208,1146,1737,98,100,0,600,2231
sp3run3base,939,535,2205,1149,1754,3235,25,156183,12494,2208,1149,1777,2205,1147,1741,98,100,0,600,2228
sp3run3base,939,536,2201,1148,1766,3241,25,156188,12495,2205,1149,1780,2200,1147,1729,98,100,0,600,2231
sp3run3base,939,537,2200,1148,1760,3247,25,156192,12495,2201,1150,1770,2199,1147,1742,98,100,0,600,2228
sp3run3base,939,538,2200,1148,1747,3254,26,156197,12495,2200,1149,1779,2199,1147,1738,98,100,0,600,2231
sp3run3base,939,539,2200,1148,1747,3260,26,156202,12496,2202,1149,1824,2199,1146,1681,98,100,0,601,2225
sp3run3base,939,540,2195,1147,1759,3266,26,156206,12496,2200,1149,1773,2195,1147,1730,98,100,0,601,2222
sp3run3base,939,541,2200,1148,1763,3272,26,156211,12496,2200,1149,1815,2194,1146,1734,98,100,0,601,2228
sp3run3base,939,542,2203,1147,1765,3278,26,156217,12497,2203,1149,1816,2200,1146,1747,98,100,0,600,2234
sp3run3base,939,543,2200,1148,1746,3284,26,156221,12497,2205,1148,1817,2199,1146,1720,98,100,0,600,2237
sp3run3base,939,544,2199,1147,1745,3290,26,156226,12498,2200,1148,1815,2196,1146,1740,98,100,0,600,2234
sp3run3base,939,545,2200,1146,1801,3296,26,156231,12498,2201,1148,1819,2198,1145,1739,99,100,0,600,2222
sp3run3base,939,546,2203,1147,1778,3302,26,156236,12498,2203,1148,1822,2200,1146,1735,98,100,0,600,2228
sp3run3base,939,547,2205,1148,1759,3309,26,156242,12499,2206,1149,1812,2203,1146,1733,98,100,0,600,2231
sp3run3base,939,548,2206,1147,1756,3315,26,156247,12499,2207,1149,1819,2205,1147,1749,99,100,0,600,2228
sp3run3base,939,549,2197,1147,1763,3321,26,156251,12500,2206,1148,1771,2197,1146,1737,98,100,0,600,2225
sp3run3base,939,550,2201,1148,1776,3327,26,156259,12500,2202,1148,1820,2196,1146,1735,98,100,0,599,2225
sp3run3base,939,551,2202,1148,1768,3333,26,156262,12500,2203,1149,1818,2201,1146,1733,98,100,0,600,2225
sp3run3base,939,552,2204,1148,1753,3339,26,156267,12501,2204,1149,1816,2202,1146,1737,98,100,0,600,2242
sp3run3base,939,553,2205,1148,1763,3345,26,156275,12502,2205,1149,1818,2202,1146,1733,98,100,0,600,2237
sp3run3base,939,554,2200,1147,1750,3352,26,156277,12502,2207,1149,1817,2200,1146,1657,98,100,0,600,2228
sp3run3base,939,555,2195,1147,1765,3358,26,156281,12502,2200,1149,1770,2195,1146,1739,98,100,0,600,2220
sp3run3base,939,556,2198,1147,1761,3364,26,156285,12502,2198,1149,1807,2194,1146,1736,98,100,0,600,2237
sp3run3base,939,557,2200,1147,1752,3370,26,156290,12503,2203,1149,1804,2198,1146,1736,98,100,0,600,2225
sp3run3base,939,558,2198,1147,1789,3376,27,156294,12503,2200,1148,1809,2196,1145,1736,98,100,0,600,2237
sp3run3base,939,559,2204,1147,1772,3382,27,156299,12503,2204,1148,1820,2198,1145,1749,98,100,0,600,2234
sp3run3base,939,560,2201,1148,1760,3388,27,156304,12504,2207,1148,1817,2201,1146,1685,98,100,0,599,2228
sp3run3base,939,561,2194,1147,1766,3394,27,156311,12504,2201,1148,1768,2194,1146,1734,99,100,0,600,2214
sp3run3base,939,562,2201,1148,1757,3401,27,156313,12505,2201,1149,1816,2194,1146,1737,98,100,0,600,2225
sp3run3base,939,563,2199,1146,1774,3407,27,156320,12505,2201,1148,1816,2199,1145,1740,98,100,0,600,2222
sp3run3base,939,564,2202,1147,1765,3413,27,156322,12505,2203,1148,1813,2199,1146,1748,98,100,0,600,2225
sp3run3base,939,565,2203,1145,1773,3419,27,156327,12506,2204,1148,1814,2200,1145,1739,99,100,0,600,2225
sp3run3base,939,566,2200,1147,1758,3425,27,156332,12506,2206,1147,1789,2200,1144,1739,98,100,0,600,2225
sp3run3base,939,567,2198,1147,1748,3431,27,156336,12506,2200,1147,1813,2195,1145,1738,98,100,0,600,2240
sp3run3base,939,568,2206,1148,1746,3437,27,156341,12507,2206,1148,1818,2198,1145,1743,98,100,0,600,2242
sp3run3base,939,569,2206,1146,1774,3443,27,156349,12507,2207,1148,1818,2204,1145,1728,98,100,0,600,2237
sp3run3base,939,570,2208,1146,1769,3450,27,156352,12508,2208,1148,1812,2205,1146,1745,98,100,0,599,2240
sp3run3base,939,571,2208,1146,1775,3456,27,156357,12508,2209,1148,1807,2207,1146,1746,98,100,0,600,2231
sp3run3base,939,572,2149,1147,1712,3462,27,156360,12508,2208,1148,1811,2149,1145,1701,98,100,0,600,2180
sp3run3base,939,573,2157,1147,1728,3468,27,156359,12508,2157,1148,1777,2149,1145,1699,98,100,0,600,2200
sp3run3base,939,574,2152,1147,1719,3474,27,156360,12508,2157,1149,1756,2152,1145,1702,98,100,0,601,2177
sp3run3base,939,575,2150,1148,1721,3480,27,156355,12508,2152,1149,1756,2149,1146,1700,98,100,0,601,2186
sp3run3base,939,576,2095,1148,1671,3486,27,156347,12507,2151,1149,1747,2094,1147,1657,98,100,0,601,2131
sp3run3base,939,577,2090,1149,1656,3491,27,156338,12507,2102,1149,1735,2090,1146,1643,99,100,0,600,2106
sp3run3base,939,578,2080,1147,1685,3497,27,156327,12506,2090,1149,1706,2080,1147,1642,98,100,0,600,2106
sp3run3base,939,579,2077,1147,1678,3503,28,156316,12505,2080,1149,1713,2077,1146,1640,98,100,0,600,2109
sp3run3base,939,580,2076,1148,1658,3509,28,156307,12504,2077,1149,1705,2075,1146,1644,98,100,0,600,2106
sp3run3base,939,581,2074,1147,1661,3515,28,156294,12503,2076,1149,1708,2074,1147,1638,98,100,0,600,2103
sp3run3base,939,582,2073,1148,1652,3520,28,156282,12502,2074,1149,1701,2073,1146,1639,98,100,0,601,2100
sp3run3base,939,583,2073,1149,1656,3526,28,156271,12501,2074,1149,1703,2072,1147,1639,98,100,0,601,2103
sp3run3base,939,584,2071,1147,1675,3532,28,156260,12500,2073,1149,1699,2071,1147,1638,98,100,0,601,2097
sp3run3base,939,585,2072,1149,1658,3538,28,156248,12499,2073,1149,1704,2071,1147,1640,98,100,0,601,2097
sp3run3base,939,586,2072,1149,1653,3544,28,156237,12499,2072,1149,1703,2072,1147,1638,98,100,0,601,2100
sp3run3base,939,587,2073,1148,1644,3549,28,156226,12498,2073,1149,1709,2071,1147,1638,98,100,0,600,2103
sp3run3base,939,588,2072,1149,1664,3555,28,156215,12497,2073,1150,1703,2071,1147,1637,98,100,0,600,2106
sp3run3base,939,589,2072,1148,1665,3561,28,156204,12496,2072,1149,1705,2071,1147,1637,98,100,0,600,2103
sp3run3base,939,590,2072,1147,1661,3567,28,156193,12495,2072,1149,1699,2071,1147,1639,98,100,0,600,2106
sp3run3base,939,591,2072,1147,1669,3573,28,156182,12494,2073,1149,1705,2072,1146,1639,98,100,0,599,2103
sp3run3base,939,592,2072,1148,1652,3578,28,156171,12493,2073,1149,1705,2072,1146,1640,98,100,0,600,2100
sp3run3base,939,593,2079,1148,1669,3584,28,156161,12492,2079,1149,1696,2072,1146,1639,97,100,0,599,2123
sp3run3base,939,594,2078,1148,1654,3590,28,156153,12492,2082,1149,1711,2078,1146,1640,98,100,0,599,2106
sp3run3base,939,595,2073,1149,1657,3596,28,156140,12491,2078,1150,1702,2073,1147,1637,98,100,0,600,2103
sp3run3base,939,596,2075,1148,1652,3601,28,156129,12490,2075,1150,1711,2070,1147,1638,98,100,0,600,2112
sp3run3base,939,597,2078,1149,1659,3607,28,156119,12489,2080,1150,1719,2075,1147,1649,98,100,0,600,2106
sp3run3base,939,598,2078,1148,1668,3613,28,156109,12488,2080,1150,1707,2077,1147,1649,98,100,0,599,2109
sp3run3base,939,599,2076,1149,1670,3619,28,156099,12487,2078,1150,1701,2076,1146,1650,98,100,0,599,2112
sp3run3base,939,600,2076,1147,1654,3624,29,156089,12487,2078,1149,1708,2076,1147,1649,98,100,0,600,2106
sp3run3base,939,601,2077,1147,1680,3630,29,156079,12486,2078,1149,1701,2076,1147,1652,98,100,0,600,2103
sp3run3base,939,602,2078,1148,1677,3636,29,156071,12485,2079,1149,1715,2076,1146,1651,98,100,0,600,2109
sp3run3base,939,603,2068,1149,1640,3642,29,156057,12484,2078,1149,1696,2067,1147,1637,98,100,0,600,2100
sp3run3base,939,604,2062,1148,1648,3648,29,156048,12483,2068,1149,1704,2062,1147,1637,98,100,0,600,2095
sp3run3base,939,605,2072,1150,1656,3653,29,156035,12482,2072,1150,1706,2062,1147,1642,98,100,0,600,2103
sp3run3base,939,606,2065,1149,1650,3659,29,156024,12481,2072,1150,1696,2064,1148,1636,98,100,0,600,2097
sp3run3base,939,607,2062,1149,1646,3665,29,156012,12480,2065,1150,1704,2062,1147,1636,98,100,0,600,2095
sp3run3base,939,608,2061,1148,1639,3671,29,156000,12480,2062,1149,1709,2061,1148,1634,98,100,0,600,2086
sp3run3base,939,609,2059,1148,1657,3676,29,155988,12479,2061,1149,1692,2059,1147,1635,98,100,0,601,2092
sp3run3base,939,610,2061,1149,1654,3682,29,155977,12478,2061,1150,1704,2059,1146,1636,98,100,0,601,2100
sp3run3base,939,611,2059,1149,1663,3688,29,155967,12477,2061,1150,1697,2059,1147,1634,98,100,0,601,2089
sp3run3base,939,612,2058,1148,1681,3694,29,155953,12476,2060,1150,1700,2058,1148,1635,98,100,0,601,2083
sp3run3base,939,613,2059,1148,1649,3699,29,155941,12475,2059,1150,1694,2058,1147,1636,98,100,0,601,2086
sp3run3base,939,614,2059,1150,1644,3705,29,155929,12474,2060,1150,1702,2058,1147,1635,98,100,0,601,2089
sp3run3base,939,615,2059,1148,1646,3711,29,155918,12473,2059,1150,1692,2058,1147,1633,98,100,0,601,2095
sp3run3base,939,616,2059,1148,1638,3717,29,155908,12472,2059,1150,1696,2057,1147,1634,98,100,0,601,2089
sp3run3base,939,617,2059,1149,1637,3722,29,155894,12471,2060,1149,1702,2059,1147,1635,98,100,0,601,2095
sp3run3base,939,618,2072,1148,1681,3728,29,155885,12470,2072,1149,1700,2058,1147,1634,98,100,0,600,2106
sp3run3base,939,619,2080,1148,1658,3734,29,155878,12470,2080,1150,1706,2072,1147,1629,97,100,0,600,2123
sp3run3base,939,620,2079,1148,1681,3740,29,155869,12469,2083,1149,1708,2078,1147,1627,98,100,0,600,2117
sp3run3base,939,621,2084,1149,1679,3746,29,155858,12468,2084,1150,1704,2079,1147,1638,98,100,0,599,2120
sp3run3base,939,622,2085,1149,1664,3751,30,155852,12468,2085,1150,1705,2083,1147,1636,98,100,0,600,2114
sp3run3base,939,623,2087,1148,1670,3757,30,155841,12467,2087,1150,1702,2084,1147,1632,98,100,0,600,2120
sp3run3base,939,624,2085,1149,1699,3763,30,155836,12466,2087,1150,1704,2085,1147,1630,98,100,0,600,2120
sp3run3base,939,625,2087,1149,1681,3769,30,155825,12466,2087,1150,1700,2085,1147,1636,98,100,0,600,2120
sp3run3base,939,626,2088,1149,1664,3774,30,155819,12465,2088,1150,1711,2086,1148,1637,98,100,0,600,2117
sp3run3base,939,627,2084,1149,1673,3780,30,155808,12464,2088,1150,1709,2081,1148,1636,98,100,0,600,2126
sp3run3base,939,628,2083,1150,1665,3786,30,155799,12463,2086,1151,1703,2081,1148,1630,98,100,0,600,2117
sp3run3base,939,629,2085,1150,1673,3792,30,155791,12463,2085,1151,1701,2083,1149,1636,98,100,0,599,2114
sp3run3base,939,630,2085,1151,1685,3798,30,155783,12462,2086,1151,1700,2084,1149,1629,98,100,0,599,2117
sp3run3base,939,631,2086,1151,1676,3804,30,155775,12462,2087,1151,1702,2085,1149,1635,98,100,0,600,2120
sp3run3base,939,632,2100,1151,1671,3809,30,155769,12461,2100,1151,1710,2086,1148,1641,97,100,0,600,2143
sp3run3base,939,633,2103,1150,1666,3815,30,155763,12461,2104,1151,1711,2100,1149,1650,98,100,0,600,2131
sp3run3base,939,634,2100,1150,1687,3821,30,155757,12460,2105,1151,1709,2100,1149,1649,98,100,0,599,2126
sp3run3base,939,635,2095,1150,1687,3827,30,155750,12460,2100,1151,1697,2095,1148,1645,98,100,0,600,2123
sp3run3base,939,636,2087,1150,1671,3833,30,155742,12459,2095,1151,1702,2087,1149,1649,98,100,0,600,2112
sp3run3base,939,637,2086,1151,1668,3839,30,155734,12458,2087,1152,1708,2085,1150,1645,98,100,0,600,2123
sp3run3base,939,638,2078,1151,1655,3844,30,155724,12457,2086,1152,1706,2078,1149,1634,99,100,0,599,2097
sp3run3base,939,639,2073,1150,1649,3850,30,155715,12457,2078,1151,1694,2073,1148,1628,98,100,0,600,2106
sp3run3base,939,640,2072,1149,1633,3856,30,155708,12456,2073,1151,1709,2071,1148,1627,98,100,0,600,2106
sp3run3base,939,641,2071,1150,1655,3862,30,155698,12455,2072,1151,1707,2071,1148,1627,98,100,0,600,2100
sp3run3base,939,642,2072,1150,1650,3867,30,155686,12454,2072,1151,1708,2070,1148,1638,98,100,0,600,2109
sp3run3base,939,643,2071,1151,1656,3873,30,155677,12454,2072,1151,1708,2071,1147,1636,98,100,0,600,2103
sp3run3base,939,644,2072,1150,1656,3879,31,155668,12453,2072,1151,1704,2071,1148,1631,98,100,0,600,2103
sp3run3base,939,645,2071,1150,1698,3885,31,155661,12452,2073,1151,1710,2071,1149,1632,98,100,0,600,2103
sp3run3base,939,646,2071,1150,1654,3891,31,155651,12452,2071,1151,1702,2070,1149,1629,98,100,0,600,2097
sp3run3base,939,647,2071,1150,1644,3896,31,155640,12451,2072,1151,1705,2070,1149,1632,98,100,0,600,2095
sp3run3base,939,648,2071,1150,1661,3902,31,155630,12450,2072,1151,1705,2070,1149,1634,98,100,0,600,2100
sp3run3base,939,649,2071,1150,1645,3908,31,155621,12449,2071,1151,1706,2069,1149,1637,98,100,0,599,2109
sp3run3base,939,650,2077,1151,1681,3914,31,155612,12449,2077,1151,1706,2069,1149,1636,98,100,0,600,2114
sp3run3base,939,651,2085,1151,1670,3919,31,155605,12448,2085,1152,1693,2077,1149,1642,98,100,0,599,2120
sp3run3base,939,652,2087,1151,1676,3925,31,155597,12447,2087,1152,1697,2084,1149,1646,98,100,0,600,2114
sp3run3base,939,653,2088,1150,1681,3931,31,155590,12447,2089,1152,1707,2087,1149,1644,98,100,0,600,2114
sp3run3base,939,654,2088,1150,1673,3937,31,155583,12446,2089,1151,1711,2087,1146,1648,98,100,0,600,2123
sp3run3base,939,655,2088,1150,1660,3943,31,155578,12446,2089,1151,1706,2087,1148,1646,98,100,0,600,2120
sp3run3base,939,656,2088,1151,1656,3949,31,155568,12445,2088,1151,1692,2086,1149,1650,98,100,0,600,2126
sp3run3base,939,657,2081,1150,1656,3954,31,155560,12444,2088,1151,1706,2081,1149,1637,99,100,0,600,2100
sp3run3base,939,658,2073,1150,1663,3960,31,155553,12444,2081,1151,1699,2073,1149,1631,98,100,0,600,2103
sp3run3base,939,659,2077,1150,1679,3966,31,155543,12443,2077,1151,1702,2071,1148,1633,98,100,0,600,2114
sp3run3base,939,660,2077,1149,1662,3972,31,155537,12442,2085,1151,1714,2077,1148,1633,98,100,0,600,2103
sp3run3base,939,661,2073,1150,1644,3977,31,155526,12442,2077,1150,1708,2072,1148,1630,98,100,0,599,2106
sp3run3base,939,662,2070,1149,1699,3983,31,155517,12441,2073,1151,1699,2070,1148,1634,98,100,0,600,2100
sp3run3base,939,663,2072,1150,1667,3989,31,155508,12440,2072,1151,1699,2070,1149,1634,98,100,0,600,2103
sp3run3base,939,664,2069,1150,1669,3995,31,155499,12439,2072,1151,1696,2069,1148,1635,98,100,0,601,2095
sp3run3base,939,665,2069,1150,1663,4000,32,155492,12439,2070,1151,1699,2068,1149,1636,98,100,0,601,2092
sp3run3base,939,666,2070,1151,1654,4006,32,155481,12438,2070,1151,1699,2068,1148,1634,98,100,0,601,2109
sp3run3base,939,667,2069,1150,1666,4012,32,155472,12437,2070,1151,1700,2068,1148,1635,98,100,0,601,2106
sp3run3base,939,668,2078,1150,1662,4018,32,155464,12437,2078,1151,1713,2069,1149,1641,98,100,0,601,2120
sp3run3base,939,669,2084,1150,1657,4024,32,155457,12436,2085,1151,1711,2078,1149,1648,98,100,0,600,2117
sp3run3base,939,670,2085,1149,1671,4029,32,155449,12435,2086,1151,1695,2084,1149,1649,98,100,0,600,2117
sp3run3base,939,671,2074,1151,1662,4035,32,155441,12435,2085,1152,1698,2074,1149,1634,98,100,0,601,2097
sp3run3base,939,672,2068,1151,1652,4041,32,155432,12434,2074,1152,1698,2068,1149,1632,98,100,0,601,2095
sp3run3base,939,673,2067,1151,1658,4047,32,155423,12433,2069,1152,1703,2067,1149,1633,98,100,0,601,2092
sp3run3base,939,674,2069,1151,1652,4053,32,155414,12433,2069,1152,1693,2067,1150,1632,98,100,0,601,2095
sp3run3base,939,675,2069,1152,1641,4058,32,155405,12432,2069,1152,1698,2068,1150,1635,98,100,0,601,2103
sp3run3base,939,676,2070,1152,1655,4064,32,155398,12431,2070,1153,1695,2068,1150,1631,98,100,0,601,2109
sp3run3base,939,677,2068,1151,1661,4070,32,155387,12431,2070,1152,1696,2068,1150,1632,98,100,0,601,2103
sp3run3base,939,678,2068,1152,1645,4076,32,155378,12430,2068,1153,1702,2066,1150,1630,98,100,0,600,2100
sp3run3base,939,679,2068,1152,1661,4081,32,155369,12429,2069,1152,1702,2067,1150,1632,98,100,0,600,2103
sp3run3base,939,680,2069,1151,1640,4087,32,155361,12428,2070,1152,1705,2068,1149,1633,98,100,0,600,2097
sp3run3base,939,681,2069,1152,1646,4093,32,155354,12428,2069,1152,1698,2068,1149,1633,98,100,0,600,2103
sp3run3base,939,682,2068,1149,1673,4099,32,155343,12427,2069,1152,1695,2067,1149,1632,98,100,0,600,2095
sp3run3base,939,683,2068,1149,1676,4105,32,155335,12426,2070,1151,1701,2068,1149,1632,98,100,0,599,2097
sp3run3base,939,684,2078,1150,1659,4110,32,155327,12426,2078,1151,1696,2068,1148,1637,98,100,0,599,2114
sp3run3base,939,685,2083,1150,1655,4116,32,155323,12425,2083,1152,1702,2078,1149,1648,98,100,0,599,2112
sp3run3base,939,686,2078,1150,1656,4122,32,155315,12425,2085,1151,1703,2078,1149,1636,98,100,0,600,2106
sp3run3base,939,687,2073,1150,1663,4128,33,155304,12424,2078,1151,1697,2073,1148,1634,98,100,0,600,2103
sp3run3base,939,688,2066,1151,1635,4133,33,155295,12423,2073,1151,1694,2066,1149,1632,98,100,0,600,2100
sp3run3base,939,689,2062,1150,1645,4139,33,155286,12422,2066,1152,1699,2062,1149,1632,98,100,0,600,2083
sp3run3base,939,690,2060,1151,1655,4145,33,155277,12422,2062,1152,1697,2060,1149,1633,98,100,0,600,2089
sp3run3base,939,691,2060,1150,1660,4151,33,155267,12421,2060,1151,1694,2059,1149,1632,98,100,0,600,2092
sp3run3base,939,692,2060,1150,1664,4156,33,155258,12420,2060,1151,1696,2059,1149,1632,98,100,0,600,2086
sp3run3base,939,693,2060,1151,1637,4162,33,155249,12419,2060,1152,1698,2060,1149,1632,98,100,0,600,2095
sp3run3base,939,694,2062,1150,1640,4168,33,155240,12419,2062,1151,1702,2059,1148,1634,98,100,0,600,2092
sp3run3base,939,695,2063,1150,1657,4174,33,155231,12418,2063,1151,1703,2061,1148,1636,98,100,0,600,2097
sp3run3base,939,696,2064,1149,1644,4179,33,155222,12417,2064,1151,1699,2063,1149,1636,98,100,0,600,2103
sp3run3base,939,697,2064,1151,1647,4185,33,155213,12417,2064,1151,1694,2063,1148,1635,98,100,0,600,2097
sp3run3base,939,698,2062,1151,1633,4191,33,155204,12416,2064,1152,1703,2062,1150,1633,98,100,0,599,2095
sp3run3base,939,699,2063,1151,1657,4197,33,155195,12415,2064,1152,1703,2061,1149,1632,98,100,0,600,2095
sp3run3base,939,700,2061,1151,1657,4202,33,155186,12414,2063,1152,1698,2061,1149,1631,98,100,0,600,2092
sp3run3base,939,701,2072,1150,1665,4208,33,155179,12414,2072,1151,1705,2060,1148,1633,98,100,0,600,2103
sp3run3base,939,702,2075,1150,1666,4214,33,155171,12413,2076,1151,1699,2072,1149,1647,98,100,0,600,2106
sp3run3base,939,703,2077,1149,1652,4220,33,155166,12413,2078,1151,1710,2075,1148,1647,98,100,0,600,2103
sp3run3base,939,704,2076,1150,1670,4226,33,155156,12412,2078,1150,1715,2075,1148,1634,98,100,0,600,2103
sp3run3base,939,705,2074,1149,1653,4231,33,155148,12411,2076,1150,1704,2068,1148,1633,97,100,0,600,2117
sp3run3base,939,706,2065,1149,1688,4237,33,155142,12411,2074,1150,1703,2065,1148,1635,98,100,0,600,2089
sp3run3base,939,707,2061,1149,1653,4243,33,155131,12410,2065,1150,1688,2061,1148,1634,98,100,0,599,2083
sp3run3base,939,708,2061,1149,1637,4249,33,155122,12409,2061,1150,1692,2060,1148,1634,98,100,0,599,2089
sp3run3base,939,709,2061,1149,1651,4254,34,155113,12409,2061,1150,1700,2060,1148,1634,98,100,0,600,2089
sp3run3base,939,710,2072,1148,1647,4260,34,155106,12408,2072,1150,1698,2060,1147,1635,98,100,0,600,2100
sp3run3base,939,711,2074,1148,1697,4266,34,155098,12407,2074,1150,1706,2068,1147,1636,97,100,0,600,2137
sp3run3base,939,712,2076,1149,1651,4271,34,155094,12407,2084,1150,1716,2074,1147,1644,98,100,0,600,2100
sp3run3base,939,713,2072,1149,1697,4277,34,155084,12406,2076,1151,1708,2072,1148,1642,98,100,0,600,2100
sp3run3base,939,714,2071,1150,1652,4283,34,155076,12406,2073,1151,1707,2071,1148,1638,98,100,0,600,2100
sp3run3base,939,715,2070,1149,1662,4289,34,155068,12405,2071,1151,1702,2070,1148,1639,98,100,0,600,2092
sp3run3base,939,716,2072,1150,1660,4295,34,155061,12404,2072,1151,1702,2067,1148,1632,98,100,0,600,2103
sp3run3base,939,717,2075,1150,1641,4300,34,155053,12404,2075,1151,1703,2071,1149,1637,98,100,0,600,2103
sp3run3base,939,718,2081,1151,1662,4306,34,155047,12403,2081,1151,1703,2073,1149,1628,98,100,0,600,2123
sp3run3base,939,719,2084,1150,1666,4312,34,155041,12403,2084,1151,1701,2081,1149,1634,98,100,0,600,2117
sp3run3base,939,720,2085,1150,1680,4318,34,155037,12402,2085,1151,1703,2084,1149,1634,98,100,0,599,2114
sp3run3base,939,721,2085,1149,1671,4324,34,155029,12402,2086,1151,1706,2085,1148,1643,98,100,0,600,2117
sp3run3base,939,722,2086,1149,1683,4329,34,155023,12401,2087,1150,1703,2084,1148,1636,98,100,0,600,2112
sp3run3base,939,723,2083,1150,1652,4335,34,155016,12401,2086,1151,1702,2083,1149,1635,98,100,0,599,2109
sp3run3base,939,724,2083,1150,1665,4341,34,155010,12400,2086,1151,1716,2083,1148,1641,98,100,0,600,2114
sp3run3base,939,725,2080,1149,1664,4347,34,155003,12400,2085,1150,1711,2079,1148,1632,98,100,0,599,2114
sp3run3base,939,726,2079,1149,1677,4353,34,154997,12399,2084,1151,1710,2079,1148,1629,98,100,0,600,2106
sp3run3base,939,727,2085,1149,1663,4359,34,154991,12399,2085,1150,1707,2079,1148,1634,98,100,0,600,2126
sp3run3base,939,728,2086,1150,1659,4364,34,154985,12398,2087,1150,1710,2085,1148,1638,98,100,0,600,2123
sp3run3base,939,729,2085,1149,1681,4370,34,154979,12398,2086,1150,1704,2084,1148,1637,98,100,0,600,2117
sp3run3base,939,730,2093,1149,1677,4376,35,154974,12397,2094,1150,1710,2084,1148,1637,99,100,0,600,2109
sp3run3base,939,731,2087,1150,1670,4382,35,154970,12397,2093,1150,1702,2087,1148,1647,98,100,0,600,2112
sp3run3base,939,732,2086,1149,1666,4387,35,154962,12397,2087,1151,1708,2085,1148,1638,98,100,0,600,2120
sp3run3base,939,733,2083,1149,1665,4393,35,154956,12396,2086,1150,1703,2079,1148,1629,98,100,0,600,2114
sp3run3base,939,734,2081,1149,1653,4399,35,154949,12395,2087,1150,1709,2079,1148,1630,98,100,0,600,2120
sp3run3base,939,735,2098,1149,1696,4405,35,154945,12395,2098,1150,1724,2081,1148,1652,98,100,0,599,2137
sp3run3base,939,736,2100,1149,1696,4411,35,154941,12395,2101,1150,1701,2098,1148,1653,98,100,0,600,2129
sp3run3base,939,737,2104,1150,1671,4417,35,154937,12395,2104,1150,1703,2100,1148,1665,98,100,0,600,2134
sp3run3base,939,738,2103,1149,1692,4423,35,154933,12394,2104,1151,1702,2102,1148,1648,98,100,0,600,2137
sp3run3base,939,739,2107,1149,1694,4428,35,154929,12394,2107,1151,1725,2103,1149,1667,98,100,0,600,2143
sp3run3base,939,740,2106,1150,1672,4434,35,154925,12394,2107,1151,1725,2105,1148,1653,98,100,0,600,2140
sp3run3base,939,741,2105,1150,1667,4440,35,154922,12393,2106,1151,1709,2104,1149,1660,98,100,0,600,2131
sp3run3base,939,742,2106,1150,1709,4446,35,154918,12393,2107,1151,1734,2104,1149,1665,98,100,0,600,2137
sp3run3base,939,743,2106,1151,1697,4452,35,154914,12393,2108,1151,1731,2106,1148,1650,98,100,0,600,2129
sp3run3base,939,744,2093,1150,1679,4458,35,154909,12392,2106,1151,1720,2093,1149,1649,99,100,0,600,2114
sp3run3base,939,745,2086,1149,1658,4463,35,154903,12392,2093,1151,1719,2086,1149,1640,98,100,0,600,2109
sp3run3base,939,746,2083,1150,1656,4469,35,154897,12391,2086,1151,1706,2082,1149,1642,98,100,0,600,2117
sp3run3base,939,747,2073,1150,1652,4475,35,154889,12391,2083,1152,1711,2073,1149,1635,98,100,0,600,2095
sp3run3base,939,748,2072,1150,1651,4481,35,154882,12390,2073,1151,1703,2071,1149,1636,98,100,0,600,2103
sp3run3base,939,749,2071,1151,1652,4487,35,154875,12390,2072,1152,1704,2070,1149,1638,98,100,0,599,2106
sp3run3base,939,750,2071,1150,1662,4492,35,154868,12389,2072,1151,1707,2070,1149,1634,98,100,0,600,2106
sp3run3base,939,751,2070,1150,1646,4498,35,154863,12389,2071,1151,1704,2070,1149,1636,98,100,0,600,2100
sp3run3base,939,752,2070,1150,1692,4504,36,154854,12388,2071,1152,1695,2070,1149,1633,98,100,0,600,2095
sp3run3base,939,753,2070,1151,1671,4510,36,154847,12387,2071,1152,1706,2069,1149,1628,98,100,0,600,2097
sp3run3base,939,754,2068,1151,1656,4515,36,154842,12387,2071,1152,1704,2068,1149,1630,98,100,0,600,2095
sp3run3base,939,755,2071,1150,1656,4521,36,154833,12386,2071,1151,1703,2068,1148,1636,98,100,0,600,2100
sp3run3base,939,756,2071,1150,1656,4527,36,154826,12386,2071,1151,1700,2070,1149,1636,98,100,0,600,2106
sp3run3base,939,757,2070,1150,1657,4533,36,154819,12385,2071,1151,1703,2070,1149,1634,98,100,0,599,2100
sp3run3base,939,758,2070,1149,1656,4539,36,154812,12384,2071,1151,1699,2069,1149,1633,98,100,0,600,2106
sp3run3base,939,759,2069,1150,1657,4544,36,154805,12384,2070,1151,1700,2068,1149,1637,98,100,0,600,2106
sp3run3base,939,760,2069,1149,1660,4550,36,154798,12383,2070,1151,1698,2069,1149,1633,98,100,0,600,2095
sp3run3base,939,761,2069,1149,1645,4556,36,154791,12383,2071,1151,1704,2069,1147,1630,98,100,0,600,2103
sp3run3base,939,762,2073,1149,1676,4562,36,154785,12382,2076,1151,1712,2069,1148,1639,99,100,0,599,2092
sp3run3base,939,763,2071,1149,1644,4568,36,154778,12382,2073,1151,1698,2071,1149,1637,98,100,0,600,2100
sp3run3base,939,764,2072,1149,1662,4573,36,154771,12381,2072,1151,1702,2071,1148,1635,98,100,0,600,2095
sp3run3base,939,765,2071,1149,1655,4579,36,154764,12381,2072,1150,1707,2071,1148,1635,98,100,0,600,2100
sp3run3base,939,766,2082,1149,1658,4585,36,154759,12380,2082,1151,1717,2070,1148,1646,98,100,0,600,2117
sp3run3base,939,767,2076,1149,1662,4590,36,154752,12380,2082,1151,1715,2076,1146,1637,98,100,0,601,2103
sp3run3base,939,768,2071,1149,1654,4596,36,154745,12379,2076,1150,1703,2070,1147,1631,98,100,0,601,2103
sp3run3base,939,769,2070,1150,1648,4602,36,154739,12379,2071,1151,1701,2069,1148,1638,98,100,0,601,2106
sp3run3base,939,770,2070,1151,1640,4608,36,154732,12378,2070,1151,1700,2068,1149,1633,98,100,0,601,2109
sp3run3base,939,771,2070,1150,1659,4614,36,154725,12378,2071,1151,1709,2069,1148,1637,98,100,0,601,2106
sp3run3base,939,772,2071,1150,1684,4619,36,154718,12377,2071,1151,1702,2070,1148,1638,98,100,0,600,2103
sp3run3base,939,773,2072,1150,1656,4625,37,154712,12376,2072,1151,1700,2071,1148,1631,98,100,0,600,2100
sp3run3base,939,774,2082,1150,1678,4631,37,154707,12376,2083,1151,1695,2072,1148,1646,98,100,0,600,2112
sp3run3base,939,775,2086,1150,1667,4637,37,154702,12376,2086,1151,1714,2082,1149,1649,97,100,0,600,2129
sp3run3base,939,776,2085,1149,1679,4643,37,154698,12375,2086,1151,1712,2085,1149,1650,98,100,0,600,2117
sp3run3base,939,777,2086,1150,1670,4648,37,154691,12375,2086,1151,1697,2085,1148,1649,98,100,0,600,2120
sp3run3base,939,778,2087,1150,1675,4654,37,154686,12374,2088,1151,1713,2086,1149,1648,98,100,0,599,2114
sp3run3base,939,779,2086,1150,1651,4660,37,154681,12374,2087,1151,1696,2086,1149,1648,98,100,0,600,2114
sp3run3base,939,780,2086,1150,1669,4666,37,154676,12374,2087,1151,1696,2086,1149,1649,98,100,0,600,2114
sp3run3base,939,781,2086,1151,1679,4672,37,154671,12373,2087,1151,1695,2086,1149,1648,98,100,0,600,2120
sp3run3base,939,782,2085,1150,1691,4678,37,154666,12373,2086,1151,1695,2084,1148,1648,98,100,0,600,2114
sp3run3base,939,783,2081,1150,1664,4683,37,154660,12372,2085,1151,1700,2081,1149,1636,98,100,0,600,2103
sp3run3base,939,784,2072,1150,1651,4689,37,154653,12372,2081,1151,1695,2072,1148,1633,98,100,0,600,2103
sp3run3base,939,785,2070,1150,1646,4695,37,154647,12371,2072,1150,1700,2069,1148,1634,98,100,0,600,2103
sp3run3base,939,786,2068,1150,1653,4701,37,154640,12371,2070,1150,1701,2068,1148,1633,98,100,0,599,2097
sp3run3base,939,787,2069,1149,1676,4706,37,154633,12370,2070,1150,1696,2068,1148,1635,98,100,0,600,2095
sp3run3base,939,788,2068,1149,1652,4712,37,154627,12370,2069,1150,1700,2068,1148,1636,98,100,0,601,2095
sp3run3base,939,789,2068,1149,1654,4718,37,154620,12369,2070,1150,1701,2068,1148,1635,98,100,0,600,2097
sp3run3base,939,790,2068,1150,1655,4724,37,154614,12369,2069,1151,1696,2068,1148,1633,98,100,0,600,2092
sp3run3base,939,791,2069,1150,1648,4729,37,154607,12368,2069,1151,1699,2068,1149,1632,98,100,0,600,2100
sp3run3base,939,792,2068,1150,1647,4735,37,154600,12368,2069,1151,1694,2068,1149,1634,98,100,0,600,2100
sp3run3base,939,793,2067,1148,1642,4741,37,154596,12367,2068,1151,1700,2067,1148,1632,98,100,0,600,2103
sp3run3base,939,794,2068,1149,1643,4747,37,154587,12367,2069,1150,1701,2067,1148,1634,98,100,0,600,2100
sp3run3base,939,795,2067,1150,1656,4752,38,154581,12366,2068,1150,1695,2066,1148,1632,98,100,0,600,2100
sp3run3base,939,796,2067,1150,1664,4758,38,154574,12365,2068,1152,1697,2065,1148,1630,98,100,0,600,2103
sp3run3base,939,797,2074,1149,1671,4764,38,154568,12365,2074,1151,1693,2066,1149,1633,98,100,0,600,2112
sp3run3base,939,798,2080,1151,1654,4770,38,154563,12365,2080,1152,1693,2074,1149,1646,98,100,0,600,2112
sp3run3base,939,799,2079,1150,1687,4776,38,154557,12364,2080,1151,1690,2078,1149,1644,98,100,0,600,2112
sp3run3base,939,800,2078,1150,1653,4781,38,154553,12364,2079,1151,1713,2077,1148,1644,98,100,0,600,2112
sp3run3base,939,801,2070,1149,1645,4787,38,154547,12363,2078,1151,1715,2070,1148,1633,98,100,0,600,2092
sp3run3base,939,802,2062,1150,1646,4793,38,154538,12363,2070,1151,1705,2062,1148,1633,98,100,0,600,2089
sp3run3base,939,803,2060,1150,1638,4799,38,154531,12362,2062,1151,1697,2060,1149,1632,98,100,0,600,2097
sp3run3base,939,804,2058,1150,1681,4804,38,154526,12362,2060,1151,1698,2058,1149,1630,98,100,0,600,2080
sp3run3base,939,805,2070,1150,1676,4810,38,154518,12361,2070,1152,1714,2058,1148,1635,98,100,0,600,2100
sp3run3base,939,806,2074,1150,1672,4816,38,154512,12361,2074,1152,1694,2070,1149,1646,98,100,0,600,2106
sp3run3base,939,807,2076,1150,1650,4822,38,154506,12360,2077,1152,1714,2074,1149,1645,98,100,0,600,2112
sp3run3base,939,808,2076,1150,1657,4828,38,154503,12360,2076,1151,1706,2075,1149,1646,98,100,0,600,2112
sp3run3base,939,809,2075,1150,1654,4833,38,154495,12359,2076,1151,1696,2075,1148,1645,98,100,0,600,2109
sp3run3base,939,810,2077,1150,1650,4839,38,154490,12359,2077,1151,1719,2075,1148,1647,98,100,0,600,2106
sp3run3base,939,811,2076,1150,1658,4845,38,154484,12358,2078,1152,1709,2076,1149,1646,98,100,0,600,2100
sp3run3base,939,812,2076,1150,1668,4851,38,154479,12358,2077,1151,1697,2076,1148,1645,98,100,0,600,2103
sp3run3base,939,813,2071,1151,1649,4856,38,154473,12357,2077,1152,1690,2071,1149,1633,98,100,0,600,2095
sp3run3base,939,814,2074,1151,1666,4862,38,154467,12357,2074,1153,1702,2069,1150,1632,98,100,0,600,2109
sp3run3base,939,815,2068,1151,1653,4868,38,154461,12356,2074,1153,1700,2068,1150,1628,98,100,0,600,2095
sp3run3base,939,816,2060,1152,1636,4874,38,154453,12356,2068,1153,1687,2060,1148,1630,99,100,0,600,2080
sp3run3base,939,817,2066,1151,1655,4879,39,154447,12355,2066,1152,1698,2059,1149,1631,97,100,0,600,2109
sp3run3base,939,818,2075,1151,1669,4885,39,154442,12355,2075,1152,1711,2066,1148,1644,98,100,0,600,2112
sp3run3base,939,819,2076,1150,1658,4891,39,154436,12354,2077,1152,1707,2075,1149,1645,98,100,0,600,2114
sp3run3base,939,820,2065,1150,1633,4897,39,154430,12354,2076,1151,1700,2065,1148,1632,98,100,0,600,2095
sp3run3base,939,821,2074,1149,1658,4903,39,154424,12353,2074,1151,1698,2062,1148,1633,97,100,0,600,2126
sp3run3base,939,822,2076,1150,1665,4908,39,154419,12353,2079,1152,1695,2073,1149,1626,97,100,0,600,2120
sp3run3base,939,823,2079,1150,1657,4914,39,154414,12353,2084,1151,1707,2076,1149,1627,99,100,0,600,2100
sp3run3base,939,824,2083,1149,1658,4920,39,154409,12352,2083,1151,1705,2078,1148,1633,98,100,0,600,2112
sp3run3base,939,825,2084,1150,1696,4926,39,154404,12352,2085,1151,1708,2083,1149,1637,98,100,0,600,2114
sp3run3base,939,826,2085,1150,1682,4932,39,154402,12352,2085,1151,1697,2083,1149,1639,98,100,0,600,2114
sp3run3base,939,827,2083,1150,1670,4937,39,154395,12351,2086,1151,1705,2083,1149,1638,98,100,0,601,2106
sp3run3base,939,828,2098,1150,1665,4943,39,154392,12351,2098,1151,1711,2083,1149,1648,98,100,0,601,2137
sp3run3base,939,829,2103,1149,1693,4949,39,154391,12351,2103,1151,1726,2098,1148,1652,97,100,0,601,2146
sp3run3base,939,830,2089,1151,1648,4955,39,154384,12350,2105,1152,1721,2089,1148,1636,98,100,0,601,2117
sp3run3base,939,831,2083,1150,1678,4961,39,154379,12350,2090,1152,1707,2082,1149,1635,98,100,0,601,2117
sp3run3base,939,832,2092,1149,1694,4966,39,154376,12350,2092,1151,1715,2083,1149,1635,97,100,0,601,2137
sp3run3base,939,833,2090,1150,1673,4972,39,154372,12349,2096,1151,1714,2090,1148,1638,98,100,0,600,2114
sp3run3base,939,834,2088,1151,1644,4978,39,154367,12349,2090,1152,1701,2088,1149,1642,98,100,0,600,2117
sp3run3base,939,835,2087,1152,1645,4984,39,154363,12349,2088,1152,1702,2085,1149,1631,98,100,0,600,2123
sp3run3base,939,836,2091,1150,1693,4990,39,154359,12348,2094,1152,1708,2086,1149,1635,98,100,0,600,2114
sp3run3base,939,837,2089,1150,1672,4996,39,154355,12348,2091,1152,1711,2089,1148,1632,98,100,0,600,2117
sp3run3base,939,838,2091,1150,1660,5001,40,154351,12348,2091,1151,1712,2089,1148,1642,98,100,0,599,2117
sp3run3base,939,839,2091,1150,1668,5007,40,154347,12347,2091,1152,1717,2089,1149,1657,98,100,0,600,2123
sp3run3base,939,840,2092,1150,1665,5013,40,154345,12347,2092,1151,1720,2090,1149,1663,98,100,0,600,2126
sp3run3base,939,841,2091,1151,1663,5019,40,154339,12347,2092,1152,1721,2091,1149,1662,98,100,0,600,2120
sp3run3base,939,842,2099,1151,1680,5025,40,154336,12346,2101,1152,1733,2091,1148,1657,98,100,0,600,2123
sp3run3base,939,843,2098,1150,1692,5031,40,154333,12346,2099,1152,1718,2098,1149,1650,98,100,0,600,2134
sp3run3base,939,844,2089,1152,1671,5037,40,154329,12346,2098,1153,1696,2089,1149,1642,99,100,0,601,2106
sp3run3base,939,845,2087,1151,1680,5042,40,154324,12345,2089,1152,1685,2087,1149,1645,98,100,0,601,2109
sp3run3base,939,846,2087,1151,1654,5048,40,154322,12345,2088,1152,1689,2086,1149,1644,98,100,0,601,2123
sp3run3base,939,847,2088,1149,1681,5054,40,154316,12345,2089,1152,1716,2087,1146,1647,98,100,0,601,2114
sp3run3base,939,848,2079,1151,1659,5060,40,154311,12344,2088,1152,1704,2079,1149,1636,98,100,0,601,2109
sp3run3base,939,849,2075,1151,1632,5065,40,154305,12344,2079,1152,1708,2074,1150,1631,98,100,0,600,2109
sp3run3base,939,850,2072,1148,1670,5071,40,154300,12344,2075,1152,1706,2072,1147,1632,98,100,0,601,2106
sp3run3base,939,851,2072,1150,1652,5077,40,154294,12343,2074,1151,1713,2072,1146,1633,98,100,0,601,2103
sp3run3base,939,852,2072,1151,1650,5083,40,154291,12343,2073,1151,1694,2072,1148,1632,98,100,0,601,2103
sp3run3base,939,853,2072,1150,1685,5089,40,154285,12342,2073,1151,1708,2072,1148,1633,98,100,0,600,2103
sp3run3base,939,854,2072,1150,1659,5094,40,154278,12342,2073,1152,1708,2072,1148,1628,98,100,0,601,2100
sp3run3base,939,855,2074,1150,1646,5100,40,154273,12341,2074,1152,1707,2072,1149,1635,98,100,0,601,2100
sp3run3base,939,856,2073,1152,1656,5106,40,154268,12341,2074,1152,1708,2072,1150,1630,98,100,0,601,2100
sp3run3base,939,857,2073,1151,1657,5112,40,154262,12341,2073,1152,1702,2072,1149,1635,98,100,0,601,2109
sp3run3base,939,858,2072,1150,1662,5117,40,154257,12340,2074,1152,1699,2071,1149,1629,98,100,0,601,2103
sp3run3base,939,859,2073,1151,1658,5123,40,154252,12340,2073,1152,1705,2071,1150,1628,98,100,0,601,2103
sp3run3base,939,860,2074,1151,1653,5129,41,154246,12339,2074,1152,1706,2072,1148,1631,98,100,0,601,2114
sp3run3base,939,861,2073,1151,1650,5135,41,154241,12339,2074,1152,1707,2073,1149,1630,98,100,0,600,2109
sp3run3base,939,862,2074,1149,1678,5141,41,154236,12338,2075,1153,1697,2073,1149,1629,98,100,0,600,2106
sp3run3base,939,863,2075,1151,1670,5146,41,154233,12338,2076,1153,1709,2074,1149,1636,98,100,0,600,2100
sp3run3base,939,864,2076,1151,1653,5152,41,154228,12338,2077,1153,1712,2074,1150,1634,98,100,0,600,2100
sp3run3base,939,865,2074,1152,1653,5158,41,154221,12337,2076,1153,1707,2073,1150,1633,98,100,0,601,2103
sp3run3base,939,866,2073,1151,1657,5164,41,154216,12337,2074,1153,1705,2072,1150,1638,98,100,0,601,2106
sp3run3base,939,867,2073,1151,1655,5170,41,154211,12336,2073,1153,1701,2072,1150,1637,98,100,0,601,2109
sp3run3base,939,868,2073,1152,1641,5175,41,154205,12336,2075,1152,1707,2073,1149,1635,98,100,0,601,2106
sp3run3base,939,869,2074,1151,1659,5181,41,154200,12336,2075,1152,1700,2073,1149,1634,98,100,0,600,2103
sp3run3base,939,870,2087,1151,1650,5187,41,154197,12335,2087,1152,1713,2073,1149,1640,98,100,0,600,2123
sp3run3base,939,871,2089,1152,1689,5193,41,154193,12335,2089,1152,1697,2087,1150,1645,98,100,0,600,2120
sp3run3base,939,872,2082,1152,1646,5198,41,154189,12335,2090,1152,1712,2082,1150,1637,99,100,0,600,2097
sp3run3base,939,873,2081,1150,1681,5204,41,154184,12334,2082,1152,1696,2076,1149,1641,98,100,0,600,2123
sp3run3base,939,874,2087,1150,1669,5210,41,154180,12334,2087,1152,1711,2081,1149,1653,98,100,0,599,2120
sp3run3base,939,875,2088,1150,1670,5216,41,154178,12334,2088,1151,1695,2087,1149,1655,98,100,0,600,2117
sp3run3base,939,876,2089,1147,1669,5222,41,154173,12333,2090,1151,1699,2088,1145,1655,98,100,0,600,2123
sp3run3base,939,877,2090,1147,1698,5228,41,154169,12333,2090,1147,1722,2089,1144,1657,98,100,0,600,2117
sp3run3base,939,878,2088,1144,1669,5233,41,154165,12333,2090,1147,1705,2088,1143,1656,98,100,0,600,2123
sp3run3base,939,879,2088,1146,1680,5239,41,154161,12332,2089,1147,1718,2088,1143,1656,98,100,0,600,2114
sp3run3base,939,880,2087,1145,1684,5245,41,154158,12332,2089,1147,1707,2087,1144,1654,98,100,0,600,2114
sp3run3base,939,881,2079,1145,1658,5251,42,154153,12332,2088,1146,1713,2079,1144,1642,99,100,0,600,2100
sp3run3base,939,882,2074,1145,1653,5257,42,154148,12331,2079,1147,1706,2074,1144,1642,98,100,0,600,2109
sp3run3base,939,883,2074,1145,1661,5262,42,154143,12331,2074,1147,1713,2073,1143,1640,98,100,0,600,2103
sp3run3base,939,884,2073,1147,1647,5268,42,154139,12331,2074,1147,1706,2072,1143,1642,98,100,0,600,2106
sp3run3base,939,885,2071,1146,1663,5274,42,154134,12330,2073,1147,1713,2071,1144,1641,98,100,0,600,2103
sp3run3base,939,886,2071,1145,1673,5280,42,154128,12330,2072,1148,1703,2071,1145,1639,98,100,0,600,2103
sp3run3base,939,887,2071,1147,1648,5285,42,154122,12329,2071,1148,1703,2069,1145,1639,98,100,0,599,2103
sp3run3base,939,888,2073,1146,1655,5291,42,154119,12329,2074,1148,1709,2071,1145,1645,98,100,0,600,2106
sp3run3base,939,889,2074,1147,1691,5297,42,154113,12329,2075,1148,1702,2073,1145,1641,98,100,0,600,2097
sp3run3base,939,890,2073,1146,1682,5303,42,154108,12328,2074,1148,1702,2073,1145,1641,98,100,0,600,2100
sp3run3base,939,891,2085,1146,1677,5308,42,154104,12328,2085,1147,1721,2073,1144,1642,98,100,0,600,2123
sp3run3base,939,892,2088,1145,1659,5314,42,154102,12328,2089,1147,1706,2085,1144,1654,98,100,0,600,2114
sp3run3base,939,893,2079,1147,1663,5320,42,154098,12327,2089,1147,1708,2079,1145,1640,99,100,0,600,2100
sp3run3base,939,894,2076,1145,1658,5326,42,154091,12327,2079,1148,1702,2075,1145,1640,98,100,0,600,2103
sp3run3base,939,895,2072,1147,1638,5332,42,154088,12327,2076,1147,1706,2072,1144,1638,98,100,0,600,2106
sp3run3base,939,896,2068,1147,1651,5337,42,154081,12326,2072,1148,1698,2068,1146,1638,98,100,0,600,2095
sp3run3base,939,897,2066,1147,1643,5343,42,154076,12326,2070,1147,1709,2066,1144,1640,98,100,0,600,2092
sp3run3base,939,898,2063,1146,1685,5349,42,154070,12325,2066,1148,1705,2062,1145,1639,98,100,0,600,2089
sp3run3base,939,899,2061,1146,1646,5355,42,154064,12325,2063,1147,1698,2061,1144,1639,98,100,0,600,2089
sp3run3base,939,900,2060,1148,1641,5360,42,154058,12324,2062,1149,1695,2060,1144,1638,99,100,0,600,2077
sp3run3base,939,901,2067,1146,1653,5366,42,154053,12324,2068,1149,1695,2060,1145,1637,98,100,0,599,2089
sp3run3base,939,902,2062,1147,1668,5372,42,154048,12323,2067,1148,1702,2062,1146,1638,98,100,0,600,2092
sp3run3base,939,903,2060,1147,1657,5378,43,154042,12323,2062,1149,1695,2060,1146,1637,98,100,0,600,2086
sp3run3base,939,904,2061,1146,1675,5384,43,154038,12323,2062,1149,1696,2060,1146,1638,98,100,0,600,2083
sp3run3base,939,905,2062,1147,1654,5389,43,154030,12322,2062,1148,1706,2060,1146,1636,98,100,0,600,2100
sp3run3base,939,906,2061,1148,1641,5395,43,154025,12322,2062,1148,1710,2061,1146,1637,98,100,0,600,2086
sp3run3base,939,907,2060,1148,1654,5401,43,154019,12321,2061,1149,1696,2060,1146,1637,98,100,0,600,2089
sp3run3base,939,908,2060,1146,1656,5407,43,154013,12321,2061,1149,1699,2060,1146,1637,98,100,0,600,2095
sp3run3base,939,909,2060,1148,1640,5412,43,154007,12320,2061,1149,1703,2059,1145,1637,98,100,0,600,2095
sp3run3base,939,910,2060,1147,1660,5418,43,154002,12320,2061,1148,1700,2059,1146,1636,98,100,0,600,2089
sp3run3base,939,911,2060,1147,1679,5424,43,153996,12319,2061,1148,1693,2059,1146,1638,98,100,0,600,2092
sp3run3base,939,912,2060,1146,1661,5430,43,153990,12319,2061,1148,1693,2060,1144,1636,98,100,0,600,2095
sp3run3base,939,913,2059,1147,1669,5435,43,153985,12318,2061,1148,1696,2059,1144,1637,99,100,0,599,2075
sp3run3base,939,914,2059,1146,1661,5441,43,153979,12318,2060,1148,1707,2059,1146,1637,98,100,0,600,2083
sp3run3base,939,915,2060,1145,1645,5447,43,153973,12317,2061,1148,1697,2059,1144,1638,98,100,0,600,2095
sp3run3base,939,916,2060,1147,1654,5452,43,153968,12317,2062,1148,1701,2059,1144,1637,98,100,0,600,2089
sp3run3base,939,917,2059,1148,1663,5458,43,153962,12316,2060,1148,1700,2059,1146,1636,98,100,0,600,2089
sp3run3base,939,918,2070,1146,1642,5464,43,153957,12316,2071,1148,1698,2058,1146,1637,98,100,0,600,2100
sp3run3base,939,919,2078,1147,1682,5470,43,153953,12316,2078,1148,1721,2068,1145,1640,97,100,0,600,2134
sp3run3base,939,920,2074,1146,1665,5475,43,153950,12316,2082,1148,1713,2074,1146,1643,99,100,0,600,2092
sp3run3base,939,921,2071,1146,1666,5481,43,153944,12315,2074,1148,1711,2070,1145,1640,98,100,0,600,2100
sp3run3base,939,922,2070,1147,1642,5487,43,153939,12315,2071,1148,1706,2069,1145,1642,98,100,0,600,2106
sp3run3base,939,923,2070,1146,1653,5493,43,153936,12314,2070,1148,1707,2069,1145,1640,98,100,0,600,2106
sp3run3base,939,924,2069,1147,1668,5498,43,153929,12314,2070,1147,1705,2068,1145,1634,98,100,0,600,2103
sp3run3base,939,925,2073,1146,1666,5504,44,153926,12314,2074,1147,1708,2069,1145,1641,98,100,0,600,2103
sp3run3base,939,926,2081,1146,1671,5510,44,153921,12313,2081,1147,1703,2072,1144,1638,98,100,0,600,2120
sp3run3base,939,927,2083,1146,1658,5516,44,153917,12313,2084,1147,1714,2081,1145,1641,98,100,0,600,2109
sp3run3base,939,928,2091,1147,1699,5522,44,153914,12313,2091,1148,1711,2083,1146,1643,98,100,0,600,2129
sp3run3base,939,929,2101,1146,1674,5528,44,153912,12313,2101,1148,1722,2091,1145,1655,98,100,0,600,2134
sp3run3base,939,930,2101,1148,1654,5534,44,153911,12312,2104,1148,1724,2100,1144,1651,99,100,0,601,2112
sp3run3base,939,931,2102,1146,1672,5539,44,153907,12312,2102,1148,1722,2098,1143,1651,98,100,0,601,2131
sp3run3base,939,932,2092,1146,1677,5545,44,153904,12312,2102,1147,1715,2092,1144,1650,98,100,0,601,2114
sp3run3base,939,933,2087,1146,1718,5551,44,153901,12312,2092,1148,1721,2087,1144,1649,98,100,0,601,2117
sp3run3base,939,934,2089,1147,1673,5557,44,153899,12311,2089,1148,1726,2087,1146,1662,98,100,0,601,2114
sp3run3base,939,935,2089,1147,1678,5562,44,153894,12311,2089,1148,1724,2089,1145,1667,98,100,0,601,2114
sp3run3base,939,936,2089,1146,1675,5568,44,153891,12311,2090,1148,1722,2088,1146,1667,98,100,0,601,2120
sp3run3base,939,937,2082,1147,1664,5574,44,153887,12311,2089,1148,1722,2082,1146,1649,98,100,0,601,2109
sp3run3base,939,938,1693,1148,1362,5579,44,153869,12309,2082,1150,1694,1693,1145,1361,98,100,0,601,1716
Processed 939 lines from power meter
There were 0 errors in reading from the meter
