RunId,NumDataLines,SeqNum,Watts,Amps,WattHours,Cost,MoKWh,MoCost,MaxWatts,MaxVolts,MaxAmps,MinWatts,MinVolts,MinAmps,Factor,DutyCycle,PowerCycle
sp3run4base,875,0,2139,1135,1733,11,0,153205,12256,2217,1136,1852,2132,1134,1693,97,100,0,600,2186
sp3run4base,875,1,2143,1135,1738,17,0,153288,12263,2144,1137,1759,2139,1133,1699,98,100,0,600,2174
sp3run4base,875,2,2142,1135,1731,23,0,153635,12290,2145,1136,1759,2140,1134,1696,98,100,0,600,2177
sp3run4base,875,3,2149,1135,1734,29,0,153992,12319,2149,1135,1761,2142,1133,1708,98,100,0,600,2177
sp3run4base,875,4,2147,1136,1707,35,0,154416,12353,2149,1136,1757,2147,1133,1706,99,100,0,600,2168
sp3run4base,875,5,2145,1136,1744,41,0,154251,12340,2148,1136,1757,2141,1134,1707,98,100,0,600,2180
sp3run4base,875,6,2143,1136,1725,47,0,154341,12347,2150,1136,1768,2143,1134,1700,99,100,0,600,2154
sp3run4base,875,7,2135,1135,1738,53,0,154292,12343,2143,1137,1744,2134,1134,1704,98,100,0,599,2163
sp3run4base,875,8,2145,1136,1756,59,0,154355,12348,2145,1136,1761,2133,1134,1686,98,100,0,600,2188
sp3run4base,875,9,2148,1136,1746,64,0,154435,12354,2148,1136,1765,2145,1134,1721,98,100,0,599,2188
sp3run4base,875,10,2151,1136,1729,70,0,154517,12361,2153,1136,1798,2148,1133,1704,98,100,0,600,2180
sp3run4base,875,11,2149,1135,1732,76,0,154568,12365,2151,1136,1768,2148,1133,1718,98,100,0,600,2183
sp3run4base,875,12,2154,1134,1740,82,0,154650,12372,2154,1136,1762,2149,1133,1717,98,100,0,599,2186
sp3run4base,875,13,2156,1134,1748,89,0,154721,12377,2156,1136,1761,2153,1132,1713,98,100,0,600,2191
sp3run4base,875,14,2161,1134,1754,95,0,154814,12385,2162,1135,1772,2156,1133,1723,98,100,0,600,2183
sp3run4base,875,15,2160,1134,1747,101,0,154886,12390,2163,1135,1767,2160,1133,1710,99,100,0,600,2180
sp3run4base,875,16,2154,1134,1729,107,0,154927,12394,2162,1135,1771,2154,1132,1709,99,100,0,600,2171
sp3run4base,875,17,2144,1134,1756,113,0,154910,12392,2154,1135,1776,2141,1133,1687,98,100,0,600,2186
sp3run4base,875,18,2150,1134,1749,118,0,155009,12400,2150,1136,1773,2144,1133,1708,97,100,0,600,2194
sp3run4base,875,19,2159,1134,1746,124,1,154988,12399,2159,1135,1766,2150,1133,1722,98,100,0,599,2188
sp3run4base,875,20,2164,1134,1752,131,1,155056,12404,2164,1135,1810,2159,1133,1722,98,100,0,600,2194
sp3run4base,875,21,2165,1134,1738,137,1,155181,12414,2167,1136,1773,2164,1133,1641,98,100,0,600,2188
sp3run4base,875,22,2161,1134,1760,143,1,155141,12411,2165,1136,1769,2157,1133,1715,98,100,0,600,2197
sp3run4base,875,23,2149,1135,1751,149,1,155125,12410,2162,1135,1771,2144,1133,1690,97,100,0,600,2194
sp3run4base,875,24,2158,1136,1736,155,1,155162,12412,2158,1137,1764,2149,1134,1709,98,100,0,600,2186
sp3run4base,875,25,2154,1134,1733,161,1,155173,12413,2158,1136,1776,2154,1133,1711,99,100,0,600,2166
sp3run4base,875,26,2152,1134,1752,167,1,155189,12415,2159,1135,1767,2152,1133,1707,99,100,0,600,2168
sp3run4base,875,27,2142,1135,1722,173,1,155163,12413,2152,1135,1765,2142,1134,1700,98,100,0,600,2166
sp3run4base,875,28,2142,1134,1739,178,1,155142,12411,2142,1135,1779,2137,1132,1702,98,100,0,600,2177
sp3run4base,875,29,2146,1134,1740,185,1,155139,12411,2146,1135,1762,2142,1133,1715,98,100,0,601,2174
sp3run4base,875,30,2145,1133,1748,191,1,155130,12410,2146,1135,1765,2143,1133,1705,98,100,0,601,2188
sp3run4base,875,31,2149,1134,1734,197,1,155136,12410,2149,1135,1779,2145,1132,1711,98,100,0,601,2186
sp3run4base,875,32,2157,1133,1763,203,1,155160,12412,2159,1135,1771,2148,1132,1710,99,100,0,601,2171
sp3run4base,875,33,2163,1134,1746,209,1,155237,12419,2163,1135,1777,2157,1132,1711,98,100,0,601,2194
sp3run4base,875,34,2166,1134,1754,214,1,155226,12418,2166,1135,1783,2163,1132,1719,98,100,0,601,2191
sp3run4base,875,35,2166,1133,1760,221,1,155265,12421,2170,1135,1779,2166,1132,1717,99,100,0,601,2180
sp3run4base,875,36,2146,1134,1719,227,1,155243,12419,2166,1135,1765,2146,1133,1707,99,100,0,601,2166
sp3run4base,875,37,2156,1134,1754,233,1,155256,12420,2156,1134,1779,2143,1132,1711,98,100,0,601,2197
sp3run4base,875,38,2164,1133,1761,239,1,155287,12422,2164,1135,1772,2156,1132,1717,98,100,0,601,2200
sp3run4base,875,39,2165,1134,1757,245,1,155315,12425,2166,1135,1777,2164,1133,1714,98,100,0,601,2191
sp3run4base,875,40,2168,1134,1753,251,2,155346,12427,2169,1135,1775,2165,1132,1719,98,100,0,601,2197
sp3run4base,875,41,2159,1132,1733,257,2,155393,12431,2170,1135,1803,2159,1132,1713,98,100,0,601,2186
sp3run4base,875,42,2160,1133,1738,263,2,155371,12429,2160,1134,1774,2158,1132,1715,98,100,0,601,2194
sp3run4base,875,43,2166,1133,1757,269,2,155399,12431,2166,1134,1779,2160,1132,1738,98,100,0,601,2200
sp3run4base,875,44,2164,1132,1751,275,2,155417,12433,2166,1134,1778,2164,1131,1708,99,100,0,601,2180
sp3run4base,875,45,2162,1133,1764,281,2,155431,12434,2164,1134,1788,2160,1131,1716,98,100,0,601,2191
sp3run4base,875,46,2168,1133,1770,287,2,155456,12436,2168,1134,1787,2162,1131,1724,98,100,0,601,2200
sp3run4base,875,47,2167,1133,1756,293,2,155478,12438,2170,1134,1785,2167,1132,1724,99,100,0,601,2188
sp3run4base,875,48,2151,1134,1752,299,2,155505,12440,2167,1134,1771,2151,1132,1710,99,100,0,601,2160
sp3run4base,875,49,2146,1133,1767,305,2,155465,12437,2154,1134,1767,2146,1132,1713,98,100,0,601,2168
sp3run4base,875,50,2148,1132,1734,311,2,155458,12436,2148,1134,1769,2146,1132,1709,98,100,0,600,2174
sp3run4base,875,51,2142,1132,1746,317,2,155443,12435,2148,1133,1759,2142,1132,1701,98,100,0,600,2168
sp3run4base,875,52,2153,1133,1779,323,2,155475,12438,2153,1134,1782,2142,1131,1718,97,100,0,600,2208
sp3run4base,875,53,2161,1133,1769,329,2,155465,12437,2166,1134,1782,2153,1131,1730,98,100,0,600,2188
sp3run4base,875,54,2156,1133,1726,335,2,155467,12437,2162,1134,1780,2154,1131,1699,98,100,0,600,2183
sp3run4base,875,55,2160,1133,1733,341,2,155477,12438,2160,1134,1770,2154,1132,1724,98,100,0,600,2191
sp3run4base,875,56,2157,1133,1741,347,2,155485,12438,2165,1134,1771,2157,1131,1699,99,100,0,600,2177
sp3run4base,875,57,2152,1134,1750,353,2,155482,12438,2157,1134,1764,2151,1132,1712,98,100,0,600,2180
sp3run4base,875,58,2154,1133,1751,359,2,155486,12438,2155,1134,1759,2152,1132,1721,98,100,0,600,2177
sp3run4base,875,59,2154,1133,1746,365,2,155486,12438,2155,1135,1757,2154,1132,1717,98,100,0,600,2183
sp3run4base,875,60,2154,1133,1747,371,2,155487,12439,2154,1134,1769,2153,1132,1726,98,100,0,600,2194
sp3run4base,875,61,2154,1133,1738,377,3,155489,12439,2155,1135,1760,2154,1131,1722,98,100,0,600,2183
sp3run4base,875,62,2153,1134,1743,383,3,155514,12441,2155,1135,1758,2153,1132,1722,98,100,0,600,2183
sp3run4base,875,63,2150,1133,1718,389,3,155485,12438,2153,1135,1758,2150,1131,1699,99,100,0,600,2160
sp3run4base,875,64,2166,1133,1765,395,3,155507,12440,2166,1134,1769,2150,1131,1718,98,100,0,600,2203
sp3run4base,875,65,2170,1133,1757,401,3,155526,12442,2170,1134,1768,2166,1131,1729,98,100,0,599,2197
sp3run4base,875,66,2171,1132,1763,407,3,155543,12443,2171,1134,1768,2169,1131,1729,98,100,0,600,2200
sp3run4base,875,67,2171,1133,1748,413,3,155560,12444,2171,1134,1770,2168,1131,1718,98,100,0,600,2200
sp3run4base,875,68,2170,1133,1759,419,3,155577,12446,2171,1134,1769,2170,1132,1728,98,100,0,599,2197
sp3run4base,875,69,2172,1133,1761,425,3,155594,12447,2172,1134,1768,2170,1131,1731,98,100,0,599,2200
sp3run4base,875,70,2171,1133,1759,431,3,155610,12448,2172,1134,1767,2170,1132,1714,98,100,0,600,2197
sp3run4base,875,71,2170,1133,1758,437,3,155625,12450,2171,1134,1767,2170,1131,1728,98,100,0,600,2197
sp3run4base,875,72,2172,1133,1761,443,3,155643,12451,2172,1134,1768,2170,1131,1728,98,100,0,600,2203
sp3run4base,875,73,2171,1133,1758,449,3,155657,12452,2173,1134,1769,2169,1131,1715,98,100,0,600,2200
sp3run4base,875,74,2171,1133,1756,455,3,155671,12453,2171,1134,1768,2170,1132,1727,98,100,0,600,2200
sp3run4base,875,75,2172,1132,1759,461,3,155688,12455,2173,1134,1772,2170,1131,1727,98,100,0,600,2194
sp3run4base,875,76,2169,1132,1760,468,3,155698,12455,2173,1134,1767,2168,1131,1696,98,100,0,600,2194
sp3run4base,875,77,2171,1132,1763,474,3,155713,12457,2171,1134,1770,2169,1130,1732,98,100,0,600,2205
sp3run4base,875,78,2172,1132,1765,480,3,155728,12458,2173,1134,1768,2171,1131,1729,98,100,0,600,2200
sp3run4base,875,79,2170,1132,1758,486,3,155739,12459,2173,1134,1768,2169,1131,1723,98,100,0,600,2200
sp3run4base,875,80,2164,1133,1749,492,3,155745,12459,2171,1134,1770,2164,1131,1723,98,100,0,600,2186
sp3run4base,875,81,2157,1133,1746,498,3,155744,12459,2164,1135,1758,2157,1132,1721,98,100,0,600,2180
sp3run4base,875,82,2151,1133,1745,504,4,155756,12460,2157,1134,1756,2151,1133,1705,98,100,0,600,2177
sp3run4base,875,83,2152,1134,1742,510,4,155752,12460,2153,1134,1756,2151,1132,1725,98,100,0,600,2174
sp3run4base,875,84,2156,1133,1754,516,4,155735,12458,2157,1135,1774,2152,1131,1701,98,100,0,600,2183
sp3run4base,875,85,2170,1133,1769,522,4,155750,12460,2170,1134,1821,2156,1132,1736,98,100,0,600,2203
sp3run4base,875,86,2173,1133,1746,528,4,155764,12461,2175,1134,1811,2170,1131,1734,99,100,0,601,2191
sp3run4base,875,87,2172,1133,1766,534,4,155792,12463,2173,1134,1773,2167,1131,1731,98,100,0,601,2205
sp3run4base,875,88,2166,1132,1753,540,4,155781,12462,2174,1134,1801,2165,1131,1719,98,100,0,600,2194
sp3run4base,875,89,2168,1132,1763,546,4,155787,12462,2168,1134,1774,2160,1131,1714,98,100,0,601,2200
sp3run4base,875,90,2168,1133,1755,552,4,155814,12465,2172,1134,1779,2168,1131,1723,99,100,0,601,2186
sp3run4base,875,91,2167,1132,1762,558,4,155806,12464,2171,1134,1770,2167,1131,1690,99,100,0,600,2174
sp3run4base,875,92,2173,1133,1763,564,4,155819,12465,2173,1133,1772,2167,1131,1735,98,100,0,600,2200
sp3run4base,875,93,2173,1132,1763,570,4,155831,12466,2175,1133,1772,2173,1131,1733,98,100,0,600,2200
sp3run4base,875,94,2167,1131,1751,576,4,155838,12467,2174,1133,1770,2167,1131,1707,100,100,0,600,2167
sp3run4base,875,95,2158,1132,1750,582,4,155836,12466,2167,1133,1773,2158,1131,1723,98,100,0,600,2186
sp3run4base,875,96,2156,1132,1757,588,4,155850,12468,2158,1133,1769,2155,1131,1724,98,100,0,600,2188
sp3run4base,875,97,2158,1133,1743,594,4,155835,12466,2160,1134,1801,2156,1131,1724,98,100,0,599,2183
sp3run4base,875,98,2166,1133,1766,600,4,155843,12467,2167,1134,1776,2157,1132,1687,98,100,0,600,2200
sp3run4base,875,99,2165,1132,1743,606,4,155849,12467,2173,1133,1772,2165,1131,1722,99,100,0,600,2180
sp3run4base,875,100,2153,1132,1745,612,4,155843,12467,2165,1134,1757,2153,1131,1715,99,100,0,600,2166
sp3run4base,875,101,2154,1133,1752,618,4,155841,12467,2154,1133,1767,2153,1130,1719,98,100,0,600,2177
sp3run4base,875,102,2162,1132,1763,624,4,155845,12467,2162,1133,1782,2154,1131,1726,98,100,0,600,2197
sp3run4base,875,103,2171,1131,1764,630,5,155856,12468,2171,1134,1815,2162,1130,1731,98,100,0,600,2200
sp3run4base,875,104,2177,1132,1770,636,5,155870,12469,2177,1133,1820,2171,1131,1724,98,100,0,600,2214
sp3run4base,875,105,2164,1132,1747,642,5,155872,12469,2178,1133,1773,2164,1131,1718,99,100,0,600,2180
sp3run4base,875,106,2170,1133,1742,649,5,155880,12470,2170,1134,1809,2161,1131,1722,98,100,0,600,2205
sp3run4base,875,107,2157,1132,1758,655,5,155875,12470,2170,1134,1764,2156,1131,1705,98,100,0,600,2188
sp3run4base,875,108,2150,1132,1750,661,5,155889,12471,2226,1133,1825,2150,1131,1713,98,100,0,600,2183
sp3run4base,875,109,2158,1132,1741,666,5,155907,12472,2164,1134,1810,2150,1131,1722,98,100,0,600,2188
sp3run4base,875,110,2131,1132,1721,672,5,155870,12469,2158,1133,1760,2131,1131,1705,99,100,0,600,2146
sp3run4base,875,111,2148,1132,1742,678,5,155866,12469,2148,1133,1771,2131,1130,1711,98,100,0,600,2180
sp3run4base,875,112,2153,1132,1756,684,5,155864,12469,2153,1134,1765,2148,1131,1730,98,100,0,600,2186
sp3run4base,875,113,2156,1132,1748,691,5,155876,12470,2156,1133,1793,2152,1131,1727,98,100,0,599,2186
sp3run4base,875,114,2157,1132,1740,697,5,155862,12469,2157,1134,1766,2155,1131,1731,98,100,0,599,2186
sp3run4base,875,115,2156,1133,1754,703,5,155860,12468,2157,1134,1770,2156,1130,1683,99,100,0,600,2177
sp3run4base,875,116,2158,1132,1757,709,5,155861,12468,2158,1134,1771,2155,1131,1727,98,100,0,600,2188
sp3run4base,875,117,2165,1133,1745,714,5,155866,12469,2166,1133,1811,2158,1131,1734,98,100,0,600,2191
sp3run4base,875,118,2169,1133,1766,721,5,155873,12469,2169,1134,1813,2164,1131,1730,98,100,0,600,2203
sp3run4base,875,119,2171,1132,1765,727,5,155882,12470,2176,1134,1785,2169,1131,1717,99,100,0,600,2186
sp3run4base,875,120,2162,1133,1758,733,5,155894,12471,2171,1134,1766,2161,1132,1729,98,100,0,600,2194
sp3run4base,875,121,2170,1131,1749,739,5,155890,12471,2172,1133,1782,2162,1130,1726,99,100,0,600,2186
sp3run4base,875,122,2168,1132,1767,745,5,155895,12471,2170,1133,1783,2166,1131,1717,99,100,0,600,2186
sp3run4base,875,123,2175,1132,1770,751,6,155906,12472,2175,1133,1775,2168,1131,1746,98,100,0,600,2203
sp3run4base,875,124,2177,1132,1765,757,6,155916,12473,2177,1134,1775,2175,1132,1749,98,100,0,600,2208
sp3run4base,875,125,2175,1132,1767,763,6,155925,12474,2178,1134,1776,2175,1131,1723,99,100,0,600,2186
sp3run4base,875,126,2177,1132,1767,769,6,155949,12475,2178,1133,1783,2175,1131,1744,98,100,0,600,2205
sp3run4base,875,127,2178,1132,1764,775,6,155947,12475,2178,1133,1781,2177,1131,1754,98,100,0,601,2203
sp3run4base,875,128,2179,1132,1764,781,6,155957,12476,2179,1133,1792,2178,1131,1736,98,100,0,601,2205
sp3run4base,875,129,2178,1132,1763,787,6,155967,12477,2179,1133,1793,2176,1131,1724,98,100,0,601,2205
sp3run4base,875,130,2178,1133,1758,793,6,155976,12478,2178,1134,1791,2178,1132,1735,98,100,0,600,2203
sp3run4base,875,131,2177,1132,1761,799,6,155986,12478,2178,1134,1780,2176,1131,1734,98,100,0,600,2205
sp3run4base,875,132,2179,1133,1767,805,6,155995,12479,2179,1134,1792,2175,1132,1717,98,100,0,600,2205
sp3run4base,875,133,2179,1132,1763,811,6,156005,12480,2180,1133,1791,2179,1131,1740,98,100,0,600,2205
sp3run4base,875,134,2179,1133,1772,818,6,156016,12481,2179,1134,1786,2179,1131,1732,98,100,0,600,2205
sp3run4base,875,135,2179,1133,1764,824,6,156025,12482,2179,1134,1790,2177,1132,1725,98,100,0,600,2208
sp3run4base,875,136,2179,1133,1761,830,6,156035,12482,2180,1134,1780,2179,1132,1740,98,100,0,600,2205
sp3run4base,875,137,2178,1133,1767,836,6,156055,12484,2179,1134,1789,2178,1131,1758,98,100,0,600,2203
sp3run4base,875,138,2178,1133,1766,842,6,156052,12484,2179,1133,1788,2175,1132,1717,98,100,0,599,2211
sp3run4base,875,139,2179,1132,1764,848,6,156062,12484,2179,1133,1780,2178,1130,1740,98,100,0,600,2208
sp3run4base,875,140,2173,1133,1748,854,6,156068,12485,2179,1134,1788,2173,1131,1698,99,100,0,600,2177
sp3run4base,875,141,2165,1132,1765,860,6,156068,12485,2173,1134,1779,2164,1131,1725,98,100,0,600,2203
sp3run4base,875,142,2176,1132,1765,866,6,156078,12486,2176,1133,1792,2165,1131,1749,98,100,0,600,2208
sp3run4base,875,143,2178,1133,1766,872,6,156087,12487,2179,1133,1780,2176,1131,1735,99,100,0,600,2200
sp3run4base,875,144,2177,1132,1765,878,7,156095,12487,2178,1133,1790,2177,1131,1733,98,100,0,600,2203
sp3run4base,875,145,2179,1132,1763,884,7,156103,12488,2180,1133,1783,2177,1130,1738,98,100,0,600,2208
sp3run4base,875,146,2179,1131,1765,890,7,156112,12489,2180,1133,1792,2179,1130,1739,98,100,0,600,2203
sp3run4base,875,147,2177,1132,1768,896,7,156130,12490,2179,1132,1794,2177,1130,1727,98,100,0,600,2203
sp3run4base,875,148,2179,1132,1766,903,7,156138,12491,2179,1133,1795,2177,1131,1739,98,100,0,600,2208
sp3run4base,875,149,2180,1132,1764,909,7,156137,12490,2180,1133,1786,2179,1130,1737,98,100,0,600,2211
sp3run4base,875,150,2172,1133,1753,915,7,156142,12491,2180,1133,1781,2172,1131,1734,99,100,0,600,2183
sp3run4base,875,151,2160,1132,1744,921,7,156149,12491,2172,1134,1769,2160,1131,1728,98,100,0,600,2183
sp3run4base,875,152,2158,1132,1754,927,7,156137,12491,2161,1134,1801,2158,1131,1731,98,100,0,600,2180
sp3run4base,875,153,2133,1131,1719,933,7,156121,12489,2159,1133,1776,2133,1131,1692,99,100,0,600,2140
sp3run4base,875,154,2146,1133,1753,939,7,156115,12489,2146,1134,1771,2128,1131,1707,98,100,0,600,2186
sp3run4base,875,155,2168,1133,1760,945,7,156121,12489,2168,1134,1788,2146,1131,1740,98,100,0,600,2205
sp3run4base,875,156,2163,1133,1730,951,7,156122,12489,2172,1134,1787,2163,1131,1644,98,100,0,600,2186
sp3run4base,875,157,2165,1132,1762,957,7,156123,12489,2165,1133,1773,2161,1131,1730,98,100,0,600,2194
sp3run4base,875,158,2168,1132,1757,963,7,156126,12490,2168,1133,1767,2165,1131,1738,98,100,0,600,2200
sp3run4base,875,159,2169,1133,1758,969,7,156129,12490,2170,1135,1766,2167,1131,1739,98,100,0,600,2197
sp3run4base,875,160,2166,1133,1748,975,7,156131,12490,2170,1134,1766,2166,1132,1737,98,100,0,600,2191
sp3run4base,875,161,2163,1133,1751,981,7,156131,12490,2166,1134,1769,2163,1132,1741,98,100,0,600,2191
sp3run4base,875,162,2163,1133,1753,987,7,156131,12490,2163,1135,1773,2162,1131,1743,98,100,0,599,2197
sp3run4base,875,163,2167,1133,1757,993,7,156133,12490,2167,1134,1766,2162,1132,1720,98,100,0,599,2200
sp3run4base,875,164,2169,1132,1754,999,7,156136,12490,2169,1134,1766,2167,1131,1738,98,100,0,600,2197
sp3run4base,875,165,2168,1133,1755,1005,8,156139,12491,2169,1134,1765,2168,1131,1735,98,100,0,600,2197
sp3run4base,875,166,2167,1133,1755,1011,8,156150,12492,2169,1134,1769,2166,1132,1713,98,100,0,600,2200
sp3run4base,875,167,2168,1132,1758,1017,8,156144,12491,2169,1134,1766,2167,1132,1741,98,100,0,600,2191
sp3run4base,875,168,2168,1133,1753,1023,8,156146,12491,2168,1134,1766,2168,1131,1751,98,100,0,600,2194
sp3run4base,875,169,2167,1132,1758,1029,8,156148,12491,2168,1133,1765,2166,1130,1714,98,100,0,600,2197
sp3run4base,875,170,2170,1132,1754,1035,8,156151,12492,2170,1133,1770,2167,1131,1739,98,100,0,600,2200
sp3run4base,875,171,2165,1132,1760,1041,8,156152,12492,2170,1133,1764,2164,1131,1743,98,100,0,600,2194
sp3run4base,875,172,2166,1133,1760,1047,8,156153,12492,2167,1133,1766,2164,1131,1714,98,100,0,600,2197
sp3run4base,875,173,2169,1132,1760,1053,8,156157,12492,2169,1134,1767,2166,1131,1738,98,100,0,600,2197
sp3run4base,875,174,2169,1133,1754,1059,8,156160,12492,2171,1134,1770,2169,1130,1733,98,100,0,600,2197
sp3run4base,875,175,2162,1132,1749,1065,8,156168,12493,2170,1134,1763,2162,1132,1711,99,100,0,600,2183
sp3run4base,875,176,2158,1133,1750,1071,8,156157,12492,2162,1134,1757,2158,1131,1733,98,100,0,599,2183
sp3run4base,875,177,2158,1132,1744,1077,8,156155,12492,2158,1134,1760,2157,1130,1735,98,100,0,600,2188
sp3run4base,875,178,2158,1131,1754,1083,8,156153,12492,2158,1133,1765,2157,1131,1732,98,100,0,600,2188
sp3run4base,875,179,2160,1131,1750,1089,8,156162,12492,2161,1133,1767,2158,1131,1736,98,100,0,600,2186
sp3run4base,875,180,2161,1133,1749,1096,8,156162,12492,2161,1134,1763,2160,1130,1746,98,100,0,600,2188
sp3run4base,875,181,2162,1133,1753,1101,8,156153,12492,2162,1133,1765,2161,1131,1723,98,100,0,600,2194
sp3run4base,875,182,2166,1132,1757,1107,8,156155,12492,2166,1133,1770,2162,1131,1736,98,100,0,600,2194
sp3run4base,875,183,2168,1133,1760,1113,8,156157,12492,2168,1134,1767,2166,1130,1735,98,100,0,600,2200
sp3run4base,875,184,2170,1133,1736,1120,8,156160,12492,2170,1134,1771,2168,1131,1734,98,100,0,600,2194
sp3run4base,875,185,2163,1134,1749,1126,9,156159,12492,2170,1134,1800,2163,1132,1731,98,100,0,600,2186
sp3run4base,875,186,2169,1132,1746,1132,9,156163,12493,2169,1134,1793,2162,1132,1736,98,100,0,600,2200
sp3run4base,875,187,2159,1133,1745,1138,9,156160,12492,2169,1134,1759,2159,1132,1740,98,100,0,600,2183
sp3run4base,875,188,2167,1133,1762,1144,9,156170,12493,2167,1134,1767,2155,1132,1701,98,100,0,600,2200
sp3run4base,875,189,2170,1133,1759,1150,9,156165,12493,2170,1134,1767,2167,1132,1737,98,100,0,600,2200
sp3run4base,875,190,2171,1133,1757,1156,9,156168,12493,2171,1134,1768,2170,1129,1743,98,100,0,600,2200
sp3run4base,875,191,2170,1132,1764,1162,9,156171,12493,2172,1134,1767,2169,1132,1718,98,100,0,600,2200
sp3run4base,875,192,2172,1133,1761,1168,9,156175,12494,2172,1134,1766,2170,1132,1736,98,100,0,600,2200
sp3run4base,875,193,2171,1133,1760,1174,9,156177,12494,2172,1134,1766,2171,1132,1740,98,100,0,600,2200
sp3run4base,875,194,2162,1132,1750,1180,9,156184,12494,2171,1134,1770,2162,1132,1719,99,100,0,600,2183
sp3run4base,875,195,2163,1132,1750,1186,9,156177,12494,2167,1134,1813,2161,1132,1738,98,100,0,600,2186
sp3run4base,875,196,2157,1132,1747,1192,9,156174,12493,2163,1134,1755,2157,1131,1726,98,100,0,600,2183
sp3run4base,875,197,2156,1133,1749,1198,9,156172,12493,2157,1134,1771,2156,1131,1722,98,100,0,600,2186
sp3run4base,875,198,2156,1132,1762,1204,9,156170,12493,2157,1134,1762,2156,1131,1728,98,100,0,600,2183
sp3run4base,875,199,2170,1133,1762,1210,9,156174,12493,2171,1134,1770,2156,1131,1740,98,100,0,600,2197
sp3run4base,875,200,2167,1134,1753,1216,9,156176,12494,2173,1134,1774,2167,1131,1721,99,100,0,600,2177
sp3run4base,875,201,2164,1133,1754,1222,9,156176,12494,2167,1134,1797,2163,1132,1737,98,100,0,600,2191
sp3run4base,875,202,2169,1134,1753,1228,9,156179,12494,2169,1135,1766,2163,1132,1730,98,100,0,600,2200
sp3run4base,875,203,2170,1133,1760,1234,9,156182,12494,2170,1135,1767,2167,1132,1710,98,100,0,599,2203
sp3run4base,875,204,2175,1134,1762,1240,9,156186,12494,2175,1135,1814,2170,1132,1739,98,100,0,600,2211
sp3run4base,875,205,2170,1134,1757,1246,9,156188,12495,2175,1135,1771,2168,1133,1710,98,100,0,600,2203
sp3run4base,875,206,2173,1133,1762,1252,10,156192,12495,2175,1135,1807,2170,1131,1728,99,100,0,600,2194
sp3run4base,875,207,2170,1133,1763,1258,10,156201,12496,2173,1134,1807,2163,1132,1739,96,100,0,600,2242
sp3run4base,875,208,2176,1133,1763,1265,10,156198,12495,2176,1135,1814,2170,1132,1737,98,100,0,601,2208
sp3run4base,875,209,2163,1134,1756,1271,10,156205,12496,2177,1135,1806,2163,1132,1689,98,100,0,601,2186
sp3run4base,875,210,2157,1134,1747,1276,10,156195,12495,2164,1135,1769,2157,1133,1726,98,100,0,601,2183
sp3run4base,875,211,2166,1133,1741,1282,10,156197,12495,2167,1135,1788,2157,1132,1719,98,100,0,601,2188
sp3run4base,875,212,2161,1133,1765,1288,10,156196,12495,2166,1134,1772,2158,1132,1726,98,100,0,601,2203
sp3run4base,875,213,2170,1133,1752,1295,10,156199,12495,2170,1135,1779,2161,1133,1736,98,100,0,601,2197
sp3run4base,875,214,2158,1134,1745,1301,10,156195,12495,2170,1134,1769,2158,1131,1720,98,100,0,601,2186
sp3run4base,875,215,2166,1134,1722,1307,10,156197,12495,2168,1135,1813,2157,1132,1717,99,100,0,601,2180
sp3run4base,875,216,2164,1133,1758,1313,10,156196,12495,2166,1135,1773,2161,1132,1703,98,100,0,601,2194
sp3run4base,875,217,2165,1133,1753,1319,10,156197,12495,2167,1134,1783,2164,1131,1730,98,100,0,601,2188
sp3run4base,875,218,2168,1133,1762,1325,10,156199,12495,2168,1134,1771,2164,1132,1738,98,100,0,600,2203
sp3run4base,875,219,2175,1133,1765,1331,10,156204,12496,2175,1135,1781,2168,1132,1741,98,100,0,600,2200
sp3run4base,875,220,2166,1133,1735,1337,10,156204,12496,2175,1134,1779,2166,1131,1697,99,100,0,600,2183
sp3run4base,875,221,2165,1132,1766,1343,10,156210,12496,2166,1134,1771,2161,1132,1731,98,100,0,600,2203
sp3run4base,875,222,2174,1133,1766,1349,10,156215,12497,2174,1134,1811,2165,1131,1732,98,100,0,600,2205
sp3run4base,875,223,2150,1132,1749,1355,10,156221,12497,2233,1134,1851,2150,1130,1684,98,100,0,600,2180
sp3run4base,875,224,2160,1132,1760,1361,10,156214,12497,2160,1133,1787,2150,1130,1721,98,100,0,599,2188
sp3run4base,875,225,2214,1133,1757,1367,10,156216,12497,2219,1133,1855,2160,1131,1732,99,100,0,600,2222
sp3run4base,875,226,2175,1133,1743,1373,10,156215,12497,2214,1134,1778,2175,1131,1731,99,100,0,599,2188
sp3run4base,875,227,2163,1134,1756,1379,11,156215,12497,2175,1134,1772,2163,1132,1715,99,100,0,600,2177
sp3run4base,875,228,2168,1132,1765,1385,11,156216,12497,2168,1134,1778,2163,1132,1716,98,100,0,600,2200
sp3run4base,875,229,2172,1132,1771,1391,11,156219,12497,2172,1133,1775,2168,1131,1741,98,100,0,600,2200
sp3run4base,875,230,2173,1132,1761,1397,11,156223,12497,2173,1133,1776,2172,1131,1744,98,100,0,600,2203
sp3run4base,875,231,2170,1133,1765,1403,11,156225,12498,2174,1134,1780,2170,1131,1721,99,100,0,600,2191
sp3run4base,875,232,2171,1132,1757,1409,11,156227,12498,2174,1134,1810,2169,1131,1740,98,100,0,599,2197
sp3run4base,875,233,2174,1132,1763,1415,11,156238,12499,2174,1134,1773,2171,1131,1755,98,100,0,600,2203
sp3run4base,875,234,2177,1133,1760,1421,11,156236,12498,2181,1134,1819,2174,1131,1715,98,100,0,600,2200
sp3run4base,875,235,2170,1132,1753,1428,11,156238,12499,2177,1134,1773,2170,1132,1732,99,100,0,600,2188
sp3run4base,875,236,2161,1133,1720,1434,11,156236,12498,2170,1134,1762,2161,1132,1720,98,100,0,600,2188
sp3run4base,875,237,2161,1133,1756,1440,11,156236,12498,2163,1134,1773,2160,1132,1695,98,100,0,599,2194
sp3run4base,875,238,2165,1133,1764,1446,11,156236,12498,2165,1135,1779,2161,1132,1743,98,100,0,600,2203
sp3run4base,875,239,2172,1133,1751,1452,11,156240,12499,2173,1134,1774,2165,1131,1740,98,100,0,600,2197
sp3run4base,875,240,2162,1133,1750,1458,11,156238,12499,2172,1134,1775,2162,1131,1738,98,100,0,600,2188
sp3run4base,875,241,2162,1132,1762,1464,11,156238,12499,2162,1134,1766,2160,1132,1733,98,100,0,600,2197
sp3run4base,875,242,2165,1133,1752,1470,11,156238,12499,2165,1134,1765,2162,1131,1740,98,100,0,600,2194
sp3run4base,875,243,2162,1133,1754,1476,11,156238,12499,2165,1134,1761,2162,1132,1743,98,100,0,600,2188
sp3run4base,875,244,2159,1133,1748,1482,11,156236,12498,2162,1134,1760,2159,1132,1730,98,100,0,600,2186
sp3run4base,875,245,2161,1133,1756,1488,11,156235,12498,2161,1134,1762,2158,1131,1738,98,100,0,600,2191
sp3run4base,875,246,2162,1133,1750,1494,11,156235,12498,2163,1134,1763,2161,1131,1738,98,100,0,600,2188
sp3run4base,875,247,2159,1133,1754,1500,12,156234,12498,2162,1133,1767,2159,1132,1709,98,100,0,600,2186
sp3run4base,875,248,2159,1132,1746,1506,12,156232,12498,2159,1134,1762,2158,1132,1732,98,100,0,600,2188
sp3run4base,875,249,2160,1131,1754,1512,12,156231,12498,2160,1134,1772,2159,1131,1735,98,100,0,600,2188
sp3run4base,875,250,2161,1132,1763,1518,12,156231,12498,2163,1133,1775,2160,1131,1732,98,100,0,600,2186
sp3run4base,875,251,2160,1133,1765,1524,12,156230,12498,2161,1133,1808,2159,1131,1734,98,100,0,600,2188
sp3run4base,875,252,2169,1132,1755,1530,12,156232,12498,2169,1133,1781,2160,1130,1741,98,100,0,600,2203
sp3run4base,875,253,2160,1132,1767,1536,12,156230,12498,2170,1133,1774,2160,1130,1711,98,100,0,600,2183
sp3run4base,875,254,2160,1132,1747,1542,12,156236,12498,2160,1133,1776,2160,1130,1739,98,100,0,600,2194
sp3run4base,875,255,2169,1132,1776,1548,12,156238,12499,2169,1133,1777,2160,1129,1740,98,100,0,600,2200
sp3run4base,875,256,2171,1133,1764,1554,12,156234,12498,2172,1134,1777,2167,1132,1715,98,100,0,600,2200
sp3run4base,875,257,2173,1133,1765,1560,12,156237,12499,2173,1133,1779,2171,1131,1749,98,100,0,600,2205
sp3run4base,875,258,2173,1133,1770,1566,12,156240,12499,2174,1134,1788,2173,1130,1737,98,100,0,600,2200
sp3run4base,875,259,2172,1132,1763,1572,12,156242,12499,2174,1134,1777,2172,1132,1718,98,100,0,600,2203
sp3run4base,875,260,2173,1132,1766,1578,12,156245,12499,2174,1133,1779,2172,1131,1738,98,100,0,600,2197
sp3run4base,875,261,2172,1132,1767,1584,12,156254,12500,2173,1133,1776,2172,1131,1755,98,100,0,600,2200
sp3run4base,875,262,2167,1133,1754,1590,12,156249,12499,2173,1133,1784,2167,1131,1734,99,100,0,600,2180
sp3run4base,875,263,2167,1133,1758,1596,12,156254,12500,2167,1134,1779,2160,1131,1720,98,100,0,600,2203
sp3run4base,875,264,2163,1132,1749,1602,12,156248,12499,2170,1133,1778,2163,1131,1735,98,100,0,600,2188
sp3run4base,875,265,2167,1133,1762,1608,12,156250,12500,2169,1134,1780,2163,1131,1714,98,100,0,600,2205
sp3run4base,875,266,2175,1132,1764,1615,12,156259,12500,2175,1134,1781,2167,1131,1745,98,100,0,600,2205
sp3run4base,875,267,2175,1132,1776,1621,12,156263,12501,2176,1133,1781,2175,1130,1723,98,100,0,599,2200
sp3run4base,875,268,2168,1133,1743,1627,13,156264,12501,2177,1133,1778,2168,1131,1736,99,100,0,600,2188
sp3run4base,875,269,2169,1132,1744,1633,13,156258,12500,2169,1134,1814,2161,1131,1725,98,100,0,600,2203
sp3run4base,875,270,2159,1131,1746,1639,13,156256,12500,2169,1133,1768,2159,1130,1729,98,100,0,600,2186
sp3run4base,875,271,2154,1132,1757,1645,13,156254,12500,2159,1133,1771,2154,1130,1700,99,100,0,601,2163
sp3run4base,875,272,2154,1133,1763,1651,13,156251,12500,2154,1133,1769,2153,1130,1730,98,100,0,601,2186
sp3run4base,875,273,2156,1132,1743,1657,13,156249,12499,2158,1133,1777,2153,1130,1692,99,100,0,601,2174
sp3run4base,875,274,2155,1132,1742,1663,13,156247,12499,2156,1133,1767,2155,1131,1737,98,100,0,601,2183
sp3run4base,875,275,2154,1132,1750,1669,13,156244,12499,2157,1133,1779,2154,1130,1732,98,100,0,601,2177
sp3run4base,875,276,2169,1132,1771,1675,13,156247,12499,2169,1133,1780,2154,1130,1739,98,100,0,601,2203
sp3run4base,875,277,2166,1132,1763,1681,13,156248,12499,2172,1133,1781,2166,1130,1728,98,100,0,601,2191
sp3run4base,875,278,2172,1132,1760,1687,13,156251,12500,2172,1133,1777,2166,1131,1742,98,100,0,601,2203
sp3run4base,875,279,2161,1132,1746,1693,13,156249,12499,2172,1133,1774,2161,1130,1694,99,100,0,600,2180
sp3run4base,875,280,2166,1132,1747,1699,13,156256,12500,2166,1133,1775,2160,1130,1745,98,100,0,600,2197
sp3run4base,875,281,2168,1131,1762,1705,13,156251,12500,2168,1133,1768,2165,1131,1720,98,100,0,600,2200
sp3run4base,875,282,2168,1133,1757,1711,13,156253,12500,2168,1133,1767,2167,1130,1738,98,100,0,600,2194
sp3run4base,875,283,2169,1132,1759,1717,13,156254,12500,2169,1134,1767,2168,1131,1740,98,100,0,600,2200
sp3run4base,875,284,2169,1132,1761,1723,13,156255,12500,2170,1133,1767,2167,1131,1713,98,100,0,600,2200
sp3run4base,875,285,2168,1132,1758,1729,13,156256,12500,2170,1133,1767,2168,1130,1738,98,100,0,600,2197
sp3run4base,875,286,2168,1132,1757,1735,13,156257,12500,2168,1134,1766,2167,1130,1740,98,100,0,600,2197
sp3run4base,875,287,2169,1132,1762,1741,13,156258,12500,2169,1133,1770,2166,1131,1713,98,100,0,599,2200
sp3run4base,875,288,2170,1131,1758,1747,13,156265,12501,2171,1132,1768,2169,1130,1747,98,100,0,600,2197
sp3run4base,875,289,2170,1132,1759,1753,14,156262,12500,2171,1133,1767,2170,1130,1755,98,100,0,599,2197
sp3run4base,875,290,2170,1131,1764,1759,14,156263,12501,2171,1133,1774,2168,1131,1720,98,100,0,600,2203
sp3run4base,875,291,2172,1132,1760,1765,14,156271,12501,2172,1133,1771,2170,1130,1740,98,100,0,600,2203
sp3run4base,875,292,2170,1130,1762,1771,14,156272,12501,2172,1133,1768,2170,1130,1738,98,100,0,600,2200
sp3run4base,875,293,2170,1132,1762,1777,14,156268,12501,2171,1133,1769,2168,1130,1715,98,100,0,600,2200
sp3run4base,875,294,2172,1132,1761,1784,14,156275,12502,2172,1133,1770,2170,1130,1745,98,100,0,600,2200
sp3run4base,875,295,2171,1131,1763,1790,14,156272,12501,2172,1133,1767,2171,1130,1740,98,100,0,600,2200
sp3run4base,875,296,2169,1131,1761,1796,14,156273,12501,2171,1133,1768,2169,1130,1719,98,100,0,600,2197
sp3run4base,875,297,2171,1132,1764,1802,14,156275,12502,2171,1133,1772,2169,1130,1741,98,100,0,600,2200
sp3run4base,875,298,2171,1131,1762,1808,14,156282,12502,2172,1133,1769,2171,1131,1742,98,100,0,600,2197
sp3run4base,875,299,2168,1131,1762,1814,14,156278,12502,2172,1133,1766,2168,1130,1720,98,100,0,601,2197
sp3run4base,875,300,2169,1131,1759,1820,14,156279,12502,2169,1132,1768,2168,1131,1743,98,100,0,601,2197
sp3run4base,875,301,2170,1133,1755,1826,14,156281,12502,2170,1133,1768,2169,1131,1748,98,100,0,601,2197
sp3run4base,875,302,2168,1131,1739,1832,14,156281,12502,2170,1133,1768,2168,1130,1718,99,100,0,601,2188
sp3run4base,875,303,2168,1132,1758,1838,14,156283,12502,2168,1133,1768,2166,1130,1739,98,100,0,601,2197
sp3run4base,875,304,2171,1132,1762,1844,14,156284,12502,2171,1133,1770,2168,1130,1742,98,100,0,601,2200
sp3run4base,875,305,2172,1133,1725,1850,14,156286,12502,2173,1133,1774,2171,1130,1725,98,100,0,601,2200
sp3run4base,875,306,2172,1132,1765,1856,14,156288,12503,2172,1133,1768,2170,1131,1719,98,100,0,601,2200
sp3run4base,875,307,2170,1131,1758,1862,14,156289,12503,2174,1133,1811,2170,1130,1731,99,100,0,601,2186
sp3run4base,875,308,2164,1131,1749,1868,14,156289,12503,2170,1133,1810,2164,1130,1737,98,100,0,601,2186
sp3run4base,875,309,2166,1131,1766,1874,14,156289,12503,2166,1132,1768,2158,1130,1709,98,100,0,601,2200
sp3run4base,875,310,2170,1130,1764,1880,15,156291,12503,2170,1132,1771,2166,1129,1747,98,100,0,601,2200
sp3run4base,875,311,2170,1131,1760,1886,15,156292,12503,2172,1132,1771,2170,1129,1745,99,100,0,601,2191
sp3run4base,875,312,2162,1131,1759,1892,15,156291,12503,2170,1132,1770,2162,1129,1733,98,100,0,601,2188
sp3run4base,875,313,2162,1132,1753,1898,15,156291,12503,2167,1133,1814,2162,1130,1715,98,100,0,601,2186
sp3run4base,875,314,2159,1132,1752,1904,15,156290,12503,2162,1133,1765,2159,1131,1737,98,100,0,601,2188
sp3run4base,875,315,2159,1132,1751,1910,15,156288,12503,2160,1133,1774,2159,1131,1725,98,100,0,601,2186
sp3run4base,875,316,2165,1130,1769,1916,15,156289,12503,2165,1132,1814,2158,1130,1734,98,100,0,601,2203
sp3run4base,875,317,2173,1131,1768,1922,15,156291,12503,2173,1132,1813,2165,1129,1747,98,100,0,601,2200
sp3run4base,875,318,2175,1130,1771,1929,15,156294,12503,2176,1132,1784,2173,1130,1754,98,100,0,601,2203
sp3run4base,875,319,2167,1132,1758,1935,15,156294,12503,2176,1132,1786,2167,1129,1714,99,100,0,600,2186
sp3run4base,875,320,2159,1131,1756,1940,15,156297,12503,2167,1132,1761,2159,1130,1735,98,100,0,601,2183
sp3run4base,875,321,2157,1132,1752,1947,15,156291,12503,2164,1132,1810,2157,1130,1691,98,100,0,601,2183
sp3run4base,875,322,2157,1132,1750,1953,15,156290,12503,2158,1132,1760,2157,1130,1734,98,100,0,601,2183
sp3run4base,875,323,2157,1132,1751,1959,15,156288,12503,2157,1133,1760,2157,1130,1745,98,100,0,601,2183
sp3run4base,875,324,2158,1132,1749,1965,15,156287,12502,2161,1132,1803,2156,1130,1676,98,100,0,601,2183
sp3run4base,875,325,2161,1131,1765,1971,15,156287,12502,2161,1132,1806,2158,1130,1736,98,100,0,601,2188
sp3run4base,875,326,2173,1132,1776,1977,15,156289,12503,2173,1133,1808,2161,1129,1740,97,100,0,600,2228
sp3run4base,875,327,2172,1131,1760,1983,15,156291,12503,2179,1132,1807,2172,1130,1721,98,100,0,600,2197
sp3run4base,875,328,2171,1131,1765,1989,15,156293,12503,2172,1132,1770,2171,1130,1744,98,100,0,600,2200
sp3run4base,875,329,2178,1132,1766,1995,15,156296,12503,2181,1133,1819,2171,1130,1750,98,100,0,600,2203
sp3run4base,875,330,2172,1131,1760,2001,16,156298,12503,2178,1132,1774,2172,1130,1716,99,100,0,600,2177
sp3run4base,875,331,2172,1131,1756,2007,16,156300,12504,2172,1132,1777,2172,1130,1755,98,100,0,600,2200
sp3run4base,875,332,2175,1132,1766,2013,16,156302,12504,2175,1133,1775,2172,1130,1746,98,100,0,600,2203
sp3run4base,875,333,2173,1132,1768,2019,16,156304,12504,2176,1133,1775,2173,1129,1719,99,100,0,600,2180
sp3run4base,875,334,2174,1131,1762,2025,16,156311,12504,2174,1133,1776,2173,1130,1746,98,100,0,600,2203
sp3run4base,875,335,2176,1131,1767,2031,16,156309,12504,2179,1133,1818,2174,1130,1745,98,100,0,600,2203
sp3run4base,875,336,2176,1132,1762,2037,16,156312,12504,2177,1133,1776,2176,1130,1753,98,100,0,600,2203
sp3run4base,875,337,2176,1132,1761,2043,16,156315,12505,2180,1132,1820,2174,1130,1719,98,100,0,599,2200
sp3run4base,875,338,2169,1132,1759,2049,16,156315,12505,2177,1133,1773,2169,1130,1739,98,100,0,600,2191
sp3run4base,875,339,2172,1131,1765,2056,16,156317,12505,2172,1133,1778,2169,1131,1740,98,100,0,600,2203
sp3run4base,875,340,2172,1132,1762,2062,16,156319,12505,2173,1133,1776,2169,1130,1709,98,100,0,600,2197
sp3run4base,875,341,2172,1130,1757,2068,16,156320,12505,2173,1132,1774,2172,1130,1736,98,100,0,600,2197
sp3run4base,875,342,2174,1132,1761,2074,16,156322,12505,2174,1132,1774,2172,1130,1739,98,100,0,600,2205
sp3run4base,875,343,2175,1131,1766,2080,16,156329,12506,2175,1132,1774,2172,1130,1726,98,100,0,600,2205
sp3run4base,875,344,2176,1132,1764,2086,16,156327,12506,2176,1132,1774,2175,1130,1745,98,100,0,601,2203
sp3run4base,875,345,2177,1130,1768,2092,16,156329,12506,2177,1132,1773,2176,1129,1749,98,100,0,601,2203
sp3run4base,875,346,2176,1131,1769,2098,16,156331,12506,2177,1131,1773,2173,1129,1719,98,100,0,601,2205
sp3run4base,875,347,2178,1131,1766,2104,16,156334,12506,2178,1132,1773,2176,1129,1746,99,100,0,601,2200
sp3run4base,875,348,2177,1132,1756,2110,16,156337,12506,2178,1133,1769,2177,1130,1756,98,100,0,601,2205
sp3run4base,875,349,2176,1132,1763,2116,16,156339,12507,2177,1133,1778,2176,1131,1734,98,100,0,601,2203
sp3run4base,875,350,2176,1133,1767,2122,16,156341,12507,2176,1133,1779,2176,1131,1748,98,100,0,601,2203
sp3run4base,875,351,2174,1132,1759,2128,17,156343,12507,2176,1133,1786,2174,1130,1745,98,100,0,601,2203
sp3run4base,875,352,2173,1131,1762,2134,17,156344,12507,2175,1133,1780,2172,1130,1721,98,100,0,601,2203
sp3run4base,875,353,2170,1132,1772,2140,17,156350,12508,2173,1132,1786,2168,1130,1725,98,100,0,601,2208
sp3run4base,875,354,2163,1133,1750,2146,17,156345,12507,2173,1133,1779,2163,1130,1733,99,100,0,601,2183
sp3run4base,875,355,2153,1132,1755,2152,17,156342,12507,2163,1133,1769,2153,1130,1703,99,100,0,601,2174
sp3run4base,875,356,2157,1131,1749,2158,17,156340,12507,2157,1133,1779,2153,1130,1740,98,100,0,601,2186
sp3run4base,875,357,2155,1132,1752,2164,17,156338,12507,2157,1133,1768,2155,1130,1734,98,100,0,601,2183
sp3run4base,875,358,2161,1132,1749,2170,17,156338,12507,2163,1133,1783,2155,1130,1726,99,100,0,601,2177
sp3run4base,875,359,2165,1133,1768,2176,17,156338,12507,2165,1133,1814,2158,1130,1730,97,100,0,601,2214
sp3run4base,875,360,2173,1132,1763,2182,17,156340,12507,2173,1134,1776,2165,1131,1744,98,100,0,601,2205
sp3run4base,875,361,2176,1132,1774,2189,17,156342,12507,2177,1133,1814,2173,1131,1751,98,100,0,601,2203
sp3run4base,875,362,2176,1131,1761,2195,17,156345,12507,2177,1133,1813,2176,1131,1739,98,100,0,601,2200
sp3run4base,875,363,2171,1133,1762,2200,17,156346,12507,2177,1134,1775,2171,1131,1727,99,100,0,601,2183
sp3run4base,875,364,2164,1133,1726,2207,17,156349,12507,2171,1134,1782,2164,1131,1699,99,100,0,601,2180
sp3run4base,875,365,2169,1132,1759,2213,17,156346,12507,2169,1133,1804,2160,1131,1711,98,100,0,601,2203
sp3run4base,875,366,2174,1132,1766,2219,17,156352,12508,2174,1133,1779,2169,1131,1744,98,100,0,601,2205
sp3run4base,875,367,2176,1131,1764,2225,17,156350,12508,2176,1133,1781,2174,1131,1742,98,100,0,600,2205
sp3run4base,875,368,2175,1132,1764,2231,17,156352,12508,2176,1133,1789,2173,1130,1725,98,100,0,600,2200
sp3run4base,875,369,2175,1132,1758,2237,17,156358,12508,2176,1133,1790,2175,1130,1745,98,100,0,599,2200
sp3run4base,875,370,2176,1132,1765,2243,17,156356,12508,2177,1133,1785,2175,1130,1747,98,100,0,600,2205
sp3run4base,875,371,2177,1133,1766,2249,17,156358,12508,2177,1133,1789,2175,1131,1716,98,100,0,600,2205
sp3run4base,875,372,2176,1133,1767,2255,18,156364,12509,2177,1134,1779,2176,1130,1742,98,100,0,600,2203
sp3run4base,875,373,2177,1132,1766,2261,18,156367,12509,2177,1134,1779,2175,1131,1752,98,100,0,599,2205
sp3run4base,875,374,2177,1132,1762,2267,18,156365,12509,2178,1134,1788,2175,1130,1723,98,100,0,600,2208
sp3run4base,875,375,2177,1131,1767,2273,18,156371,12509,2178,1133,1781,2177,1131,1748,98,100,0,600,2200
sp3run4base,875,376,2175,1132,1767,2279,18,156369,12509,2177,1133,1777,2175,1130,1747,98,100,0,600,2203
sp3run4base,875,377,2162,1132,1715,2285,18,156368,12509,2176,1133,1779,2162,1130,1711,100,100,0,600,2162
sp3run4base,875,378,2123,1132,1718,2291,18,156360,12508,2162,1133,1761,2111,1130,1708,97,100,0,600,2177
sp3run4base,875,379,2125,1132,1713,2297,18,156353,12508,2127,1134,1755,2123,1131,1708,99,100,0,600,2140
sp3run4base,875,380,2119,1132,1720,2303,18,156344,12507,2125,1133,1740,2119,1130,1710,98,100,0,600,2146
sp3run4base,875,381,2120,1131,1718,2309,18,156335,12506,2120,1132,1732,2118,1130,1711,98,100,0,600,2146
sp3run4base,875,382,2117,1130,1720,2315,18,156326,12506,2120,1132,1737,2117,1129,1712,98,100,0,600,2149
sp3run4base,875,383,2117,1131,1718,2321,18,156317,12505,2119,1133,1729,2117,1130,1708,98,100,0,600,2140
sp3run4base,875,384,2119,1132,1713,2327,18,156309,12504,2119,1133,1728,2116,1130,1712,98,100,0,600,2146
sp3run4base,875,385,2116,1132,1724,2333,18,156299,12503,2119,1133,1728,2115,1130,1709,98,100,0,600,2146
sp3run4base,875,386,2119,1132,1715,2339,18,156291,12503,2120,1132,1731,2116,1130,1712,98,100,0,600,2143
sp3run4base,875,387,2115,1133,1715,2344,18,156282,12502,2119,1133,1724,2115,1131,1710,98,100,0,600,2140
sp3run4base,875,388,2117,1132,1718,2350,18,156273,12501,2117,1133,1727,2115,1130,1709,98,100,0,599,2143
sp3run4base,875,389,2114,1133,1715,2356,18,156264,12501,2117,1133,1724,2114,1131,1705,98,100,0,600,2140
sp3run4base,875,390,2117,1132,1719,2362,18,156255,12500,2117,1133,1727,2113,1131,1710,98,100,0,601,2146
sp3run4base,875,391,2119,1132,1714,2368,18,156247,12499,2119,1134,1728,2117,1130,1709,98,100,0,601,2143
sp3run4base,875,392,2115,1133,1723,2374,18,156238,12499,2119,1134,1726,2115,1131,1706,98,100,0,601,2146
sp3run4base,875,393,2116,1132,1716,2380,19,156230,12498,2117,1133,1728,2115,1131,1711,98,100,0,600,2140
sp3run4base,875,394,2114,1132,1719,2386,19,156220,12497,2116,1133,1724,2114,1130,1709,98,100,0,599,2140
sp3run4base,875,395,2114,1131,1717,2392,19,156211,12496,2114,1133,1724,2113,1131,1708,98,100,0,600,2143
sp3run4base,875,396,2115,1132,1715,2398,19,156203,12496,2117,1132,1729,2114,1130,1710,98,100,0,600,2140
sp3run4base,875,397,2117,1132,1719,2403,19,156194,12495,2117,1133,1727,2114,1130,1710,98,100,0,600,2143
sp3run4base,875,398,2114,1132,1719,2409,19,156186,12494,2117,1133,1726,2114,1131,1709,98,100,0,600,2146
sp3run4base,875,399,2114,1131,1718,2415,19,156177,12494,2117,1133,1729,2114,1131,1708,98,100,0,600,2140
sp3run4base,875,400,2116,1131,1715,2421,19,156169,12493,2117,1132,1727,2113,1130,1709,98,100,0,600,2140
sp3run4base,875,401,2114,1131,1720,2427,19,156160,12492,2116,1132,1726,2113,1130,1709,98,100,0,600,2146
sp3run4base,875,402,2117,1131,1719,2433,19,156152,12492,2118,1133,1728,2114,1130,1711,98,100,0,600,2143
sp3run4base,875,403,2114,1132,1718,2439,19,156143,12491,2117,1133,1724,2114,1131,1709,98,100,0,600,2140
sp3run4base,875,404,2117,1132,1712,2445,19,156139,12491,2117,1133,1728,2113,1131,1710,98,100,0,600,2140
sp3run4base,875,405,2116,1131,1711,2451,19,156131,12490,2117,1133,1725,2114,1131,1708,98,100,0,600,2140
sp3run4base,875,406,2114,1132,1725,2456,19,156118,12489,2116,1134,1728,2114,1131,1707,98,100,0,600,2149
sp3run4base,875,407,2119,1133,1712,2462,19,156111,12488,2119,1134,1728,2114,1131,1709,98,100,0,600,2143
sp3run4base,875,408,2114,1131,1717,2468,19,156103,12488,2119,1134,1730,2114,1131,1709,98,100,0,601,2143
sp3run4base,875,409,2117,1132,1712,2474,19,156098,12487,2117,1134,1729,2113,1131,1710,98,100,0,601,2146
sp3run4base,875,410,2116,1132,1723,2480,19,156086,12486,2117,1133,1728,2114,1131,1708,98,100,0,601,2149
sp3run4base,875,411,2115,1132,1716,2486,19,156078,12486,2118,1133,1727,2115,1131,1708,98,100,0,601,2137
sp3run4base,875,412,2113,1131,1722,2492,19,156070,12485,2115,1133,1726,2113,1130,1710,98,100,0,601,2140
sp3run4base,875,413,2114,1132,1713,2498,19,156062,12484,2116,1133,1728,2113,1129,1709,98,100,0,601,2137
sp3run4base,875,414,2117,1133,1724,2504,20,156054,12484,2117,1133,1727,2113,1131,1709,98,100,0,601,2146
sp3run4base,875,415,2119,1133,1716,2509,20,156047,12483,2120,1133,1729,2117,1131,1713,98,100,0,601,2146
sp3run4base,875,416,2114,1133,1722,2515,20,156039,12483,2119,1134,1726,2114,1130,1709,98,100,0,601,2143
sp3run4base,875,417,2119,1132,1716,2521,20,156032,12482,2119,1133,1728,2114,1131,1710,98,100,0,601,2146
sp3run4base,875,418,2113,1132,1714,2527,20,156024,12481,2119,1133,1722,2113,1130,1709,98,100,0,601,2140
sp3run4base,875,419,2117,1132,1724,2533,20,156016,12481,2117,1134,1727,2113,1131,1710,98,100,0,601,2149
sp3run4base,875,420,2120,1133,1713,2539,20,156009,12480,2120,1133,1729,2117,1131,1711,98,100,0,601,2146
sp3run4base,875,421,2115,1132,1720,2545,20,156001,12480,2120,1133,1726,2115,1131,1709,98,100,0,601,2140
sp3run4base,875,422,2115,1132,1715,2551,20,155994,12479,2118,1133,1729,2115,1130,1710,98,100,0,601,2140
sp3run4base,875,423,2112,1132,1723,2557,20,155986,12478,2115,1133,1725,2112,1130,1704,98,100,0,601,2134
sp3run4base,875,424,2113,1131,1715,2562,20,155978,12478,2116,1133,1728,2112,1131,1709,98,100,0,601,2137
sp3run4base,875,425,2116,1131,1719,2568,20,155971,12477,2116,1133,1728,2112,1130,1708,98,100,0,601,2149
sp3run4base,875,426,2114,1131,1718,2574,20,155963,12477,2118,1132,1727,2114,1130,1709,98,100,0,601,2137
sp3run4base,875,427,2117,1132,1720,2580,20,155956,12476,2117,1132,1763,2112,1130,1708,97,100,0,601,2171
sp3run4base,875,428,2115,1132,1717,2586,20,155948,12475,2119,1133,1730,2115,1130,1707,98,100,0,601,2140
sp3run4base,875,429,2117,1130,1716,2592,20,155941,12475,2117,1132,1737,2114,1129,1709,98,100,0,601,2149
sp3run4base,875,430,2115,1132,1716,2598,20,155934,12474,2120,1133,1763,2114,1130,1705,98,100,0,601,2140
sp3run4base,875,431,2118,1131,1735,2604,20,155927,12474,2118,1133,1738,2113,1130,1691,98,100,0,601,2149
sp3run4base,875,432,2119,1132,1726,2610,20,155920,12473,2119,1133,1735,2117,1131,1707,98,100,0,601,2146
sp3run4base,875,433,2117,1132,1705,2616,20,155913,12473,2121,1133,1737,2117,1131,1704,98,100,0,601,2143
sp3run4base,875,434,2119,1133,1722,2621,20,155910,12472,2119,1134,1739,2115,1131,1703,98,100,0,600,2154
sp3run4base,875,435,2122,1131,1714,2627,21,155904,12472,2123,1133,1737,2119,1131,1713,98,100,0,600,2151
sp3run4base,875,436,2121,1133,1713,2633,21,155894,12471,2122,1133,1738,2117,1131,1700,98,100,0,600,2151
sp3run4base,875,437,2118,1132,1719,2639,21,155891,12471,2121,1133,1730,2118,1131,1708,98,100,0,600,2143
sp3run4base,875,438,2118,1132,1710,2645,21,155881,12470,2121,1134,1731,2118,1131,1706,98,100,0,601,2143
sp3run4base,875,439,2120,1131,1724,2651,21,155874,12469,2120,1133,1733,2117,1130,1708,98,100,0,601,2151
sp3run4base,875,440,2122,1131,1719,2657,21,155869,12469,2122,1132,1738,2120,1130,1712,98,100,0,601,2151
sp3run4base,875,441,2118,1132,1725,2663,21,155862,12468,2122,1133,1730,2118,1130,1705,98,100,0,600,2146
sp3run4base,875,442,2118,1131,1726,2669,21,155855,12468,2121,1133,1731,2118,1130,1707,98,100,0,600,2140
sp3run4base,875,443,2122,1132,1719,2675,21,155853,12468,2122,1132,1734,2117,1130,1711,98,100,0,600,2154
sp3run4base,875,444,2118,1131,1719,2681,21,155843,12467,2122,1132,1728,2118,1129,1709,98,100,0,600,2146
sp3run4base,875,445,2117,1133,1715,2686,21,155836,12466,2118,1133,1726,2117,1130,1709,98,100,0,600,2146
sp3run4base,875,446,2123,1132,1726,2692,21,155834,12466,2123,1134,1730,2117,1131,1713,98,100,0,600,2157
sp3run4base,875,447,2127,1132,1719,2698,21,155826,12466,2127,1133,1730,2123,1131,1716,98,100,0,599,2157
sp3run4base,875,448,2120,1132,1711,2704,21,155820,12465,2127,1133,1761,2120,1131,1709,98,100,0,599,2143
sp3run4base,875,449,2040,1133,1636,2710,21,155813,12465,2126,1133,1771,2040,1131,1635,98,100,0,599,2077
sp3run4base,875,450,2137,1132,1734,2716,21,155804,12464,2137,1133,1789,2030,1131,1634,98,100,0,600,2177
sp3run4base,875,451,2191,1133,1733,2722,21,155807,12464,2205,1133,1812,2137,1131,1731,100,100,0,600,2191
sp3run4base,875,452,2172,1132,1769,2728,21,155809,12464,2191,1133,1789,2172,1131,1730,98,100,0,600,2194
sp3run4base,875,453,2171,1132,1748,2734,21,155810,12464,2172,1133,1779,2170,1130,1738,98,100,0,600,2200
sp3run4base,875,454,2169,1132,1750,2740,21,155812,12464,2171,1132,1777,2167,1130,1720,98,100,0,600,2197
sp3run4base,875,455,2168,1133,1757,2746,21,155814,12465,2170,1133,1778,2168,1131,1729,98,100,0,599,2200
sp3run4base,875,456,2169,1131,1747,2752,22,155815,12465,2169,1133,1776,2166,1131,1715,98,100,0,600,2200
sp3run4base,875,457,2169,1133,1765,2758,22,155817,12465,2170,1133,1778,2168,1131,1737,98,100,0,600,2200
sp3run4base,875,458,2175,1132,1730,2764,22,155820,12465,2181,1133,1817,2168,1130,1725,99,100,0,599,2183
sp3run4base,875,459,2171,1132,1753,2770,22,155825,12466,2175,1132,1777,2168,1130,1725,98,100,0,600,2200
sp3run4base,875,460,2169,1133,1772,2776,22,155824,12465,2182,1133,1822,2169,1130,1720,99,100,0,599,2186
sp3run4base,875,461,2170,1131,1768,2782,22,155829,12466,2170,1133,1784,2168,1130,1729,98,100,0,600,2200
sp3run4base,875,462,2168,1132,1768,2788,22,155828,12466,2170,1133,1775,2168,1130,1720,99,100,0,600,2188
sp3run4base,875,463,2169,1133,1768,2794,22,155829,12466,2170,1133,1779,2168,1131,1729,98,100,0,600,2197
sp3run4base,875,464,2168,1133,1764,2801,22,155831,12466,2169,1133,1776,2168,1131,1723,98,100,0,600,2191
sp3run4base,875,465,2168,1133,1765,2807,22,155836,12466,2169,1133,1779,2167,1131,1728,98,100,0,601,2197
sp3run4base,875,466,2167,1132,1766,2813,22,155834,12466,2168,1133,1777,2167,1131,1729,99,100,0,601,2183
sp3run4base,875,467,2164,1132,1739,2819,22,155835,12466,2167,1133,1782,2164,1131,1734,98,100,0,601,2188
sp3run4base,875,468,2160,1132,1739,2825,22,155835,12466,2164,1133,1768,2159,1131,1723,98,100,0,601,2191
sp3run4base,875,469,2155,1132,1747,2831,22,155838,12467,2160,1133,1774,2155,1131,1721,98,100,0,601,2183
sp3run4base,875,470,2152,1132,1742,2837,22,155833,12466,2155,1133,1760,2152,1131,1723,98,100,0,601,2183
sp3run4base,875,471,2153,1133,1738,2843,22,155833,12466,2155,1133,1772,2152,1131,1725,98,100,0,601,2177
sp3run4base,875,472,2152,1132,1747,2849,22,155831,12466,2153,1133,1768,2151,1131,1716,98,100,0,601,2177
sp3run4base,875,473,2152,1132,1747,2855,22,155831,12466,2154,1133,1763,2152,1131,1726,98,100,0,601,2177
sp3run4base,875,474,2155,1131,1747,2861,22,155830,12466,2155,1133,1762,2152,1131,1724,98,100,0,601,2188
sp3run4base,875,475,2152,1131,1745,2867,22,155833,12466,2155,1134,1767,2152,1131,1724,98,100,0,601,2177
sp3run4base,875,476,2153,1132,1756,2873,22,155829,12466,2155,1133,1760,2152,1131,1731,98,100,0,601,2186
sp3run4base,875,477,2155,1133,1750,2879,23,155828,12466,2155,1134,1769,2152,1131,1720,98,100,0,601,2180
sp3run4base,875,478,2153,1133,1754,2885,23,155828,12466,2155,1134,1760,2153,1131,1721,98,100,0,601,2177
sp3run4base,875,479,2152,1133,1755,2891,23,155827,12466,2155,1134,1769,2152,1131,1715,99,100,0,601,2171
sp3run4base,875,480,2155,1133,1756,2897,23,155827,12466,2156,1133,1768,2152,1131,1724,98,100,0,600,2180
sp3run4base,875,481,2155,1132,1752,2903,23,155826,12466,2157,1133,1764,2155,1131,1728,99,100,0,600,2174
sp3run4base,875,482,2156,1133,1754,2909,23,155826,12466,2156,1133,1764,2153,1131,1721,98,100,0,600,2186
sp3run4base,875,483,2155,1133,1749,2915,23,155826,12466,2157,1133,1765,2155,1131,1723,98,100,0,600,2186
sp3run4base,875,484,2153,1131,1757,2921,23,155825,12466,2155,1133,1771,2153,1131,1720,98,100,0,600,2177
sp3run4base,875,485,2153,1132,1749,2927,23,155824,12465,2156,1134,1767,2153,1131,1721,99,100,0,599,2174
sp3run4base,875,486,2156,1132,1755,2933,23,155824,12465,2156,1134,1764,2153,1130,1726,98,100,0,600,2188
sp3run4base,875,487,2155,1131,1748,2939,23,155827,12466,2157,1133,1766,2154,1130,1722,98,100,0,599,2188
sp3run4base,875,488,2155,1132,1753,2945,23,155827,12466,2157,1134,1769,2155,1131,1724,98,100,0,599,2180
sp3run4base,875,489,2157,1134,1732,2951,23,155824,12465,2157,1135,1770,2155,1132,1715,98,100,0,599,2188
sp3run4base,875,490,2156,1133,1744,2957,23,155826,12466,2157,1135,1764,2155,1131,1716,98,100,0,600,2186
sp3run4base,875,491,2157,1133,1748,2963,23,155823,12465,2157,1134,1761,2155,1132,1723,98,100,0,600,2186
sp3run4base,875,492,2154,1134,1737,2969,23,155822,12465,2157,1134,1766,2153,1132,1723,98,100,0,600,2186
sp3run4base,875,493,2153,1133,1750,2975,23,155822,12465,2156,1134,1764,2153,1131,1729,98,100,0,600,2180
sp3run4base,875,494,2154,1133,1752,2981,23,155825,12466,2155,1134,1759,2152,1132,1722,98,100,0,601,2177
sp3run4base,875,495,2153,1133,1749,2987,23,155820,12465,2155,1134,1762,2152,1132,1715,98,100,0,601,2186
sp3run4base,875,496,2157,1133,1745,2993,23,155820,12465,2157,1134,1763,2153,1132,1726,98,100,0,601,2191
sp3run4base,875,497,2154,1134,1744,2999,23,155823,12465,2157,1134,1762,2154,1132,1725,98,100,0,601,2183
sp3run4base,875,498,2154,1133,1748,3005,24,155819,12465,2157,1134,1764,2154,1132,1727,98,100,0,601,2177
sp3run4base,875,499,2156,1133,1751,3011,24,155819,12465,2156,1135,1775,2154,1132,1723,98,100,0,601,2180
sp3run4base,875,500,2157,1134,1741,3017,24,155819,12465,2157,1135,1771,2155,1132,1722,98,100,0,601,2186
sp3run4base,875,501,2155,1133,1743,3023,24,155819,12465,2157,1135,1776,2155,1132,1719,98,100,0,601,2183
sp3run4base,875,502,2157,1132,1761,3029,24,155819,12465,2157,1134,1778,2154,1131,1725,98,100,0,601,2188
sp3run4base,875,503,2156,1133,1730,3035,24,155818,12465,2157,1134,1781,2155,1131,1727,98,100,0,601,2188
sp3run4base,875,504,2156,1133,1761,3041,24,155821,12465,2156,1134,1778,2155,1132,1727,98,100,0,601,2188
sp3run4base,875,505,2157,1133,1750,3047,24,155818,12465,2157,1134,1781,2156,1132,1723,98,100,0,600,2188
sp3run4base,875,506,2157,1133,1742,3053,24,155818,12465,2157,1134,1779,2156,1132,1730,98,100,0,600,2186
sp3run4base,875,507,2156,1134,1723,3059,24,155817,12465,2158,1134,1779,2156,1132,1723,98,100,0,600,2180
sp3run4base,875,508,2155,1134,1728,3065,24,155817,12465,2157,1135,1779,2155,1133,1723,98,100,0,600,2180
sp3run4base,875,509,2156,1134,1736,3071,24,155817,12465,2156,1135,1776,2155,1132,1723,98,100,0,600,2183
sp3run4base,875,510,2154,1132,1770,3077,24,155817,12465,2156,1134,1776,2154,1131,1721,98,100,0,600,2177
sp3run4base,875,511,2155,1133,1731,3083,24,155816,12465,2156,1134,1779,2154,1132,1726,98,100,0,600,2180
sp3run4base,875,512,2155,1134,1743,3089,24,155816,12465,2155,1134,1780,2154,1131,1727,98,100,0,601,2183
sp3run4base,875,513,2156,1133,1730,3095,24,155816,12465,2158,1134,1777,2155,1132,1722,98,100,0,601,2180
sp3run4base,875,514,2156,1132,1767,3101,24,155816,12465,2156,1135,1778,2155,1132,1725,98,100,0,601,2188
sp3run4base,875,515,2157,1133,1746,3107,24,155816,12465,2159,1134,1786,2156,1131,1724,98,100,0,600,2186
sp3run4base,875,516,2156,1133,1761,3113,24,155815,12465,2157,1134,1778,2156,1131,1726,98,100,0,600,2188
sp3run4base,875,517,2158,1132,1734,3119,24,155818,12465,2158,1133,1780,2155,1131,1723,98,100,0,600,2188
sp3run4base,875,518,2157,1132,1757,3125,25,155818,12465,2159,1134,1783,2157,1131,1730,98,100,0,600,2180
sp3run4base,875,519,2156,1134,1726,3131,25,155815,12465,2157,1135,1775,2156,1132,1724,98,100,0,600,2180
sp3run4base,875,520,2157,1134,1758,3137,25,155815,12465,2157,1135,1776,2155,1132,1718,98,100,0,601,2188
sp3run4base,875,521,2156,1134,1753,3143,25,155814,12465,2157,1134,1781,2156,1131,1726,98,100,0,600,2186
sp3run4base,875,522,2156,1133,1740,3149,25,155817,12465,2157,1134,1781,2156,1131,1728,98,100,0,600,2186
sp3run4base,875,523,2155,1133,1751,3155,25,155814,12465,2156,1134,1776,2155,1132,1726,98,100,0,600,2180
sp3run4base,875,524,2154,1133,1769,3161,25,155814,12465,2155,1134,1777,2154,1131,1726,98,100,0,600,2180
sp3run4base,875,525,2156,1134,1743,3167,25,155814,12465,2157,1134,1777,2154,1132,1726,98,100,0,601,2186
sp3run4base,875,526,2157,1133,1753,3173,25,155813,12465,2157,1134,1781,2155,1131,1725,98,100,0,600,2186
sp3run4base,875,527,2153,1132,1730,3179,25,155813,12465,2157,1134,1782,2153,1131,1725,99,100,0,600,2174
sp3run4base,875,528,2151,1133,1743,3185,25,155812,12464,2154,1134,1780,2151,1131,1724,98,100,0,600,2174
sp3run4base,875,529,2147,1134,1729,3191,25,155810,12464,2151,1134,1778,2147,1132,1720,99,100,0,600,2168
sp3run4base,875,530,2146,1134,1740,3197,25,155809,12464,2147,1134,1777,2145,1132,1722,98,100,0,600,2177
sp3run4base,875,531,2148,1134,1732,3203,25,155808,12464,2149,1134,1776,2146,1132,1728,98,100,0,601,2177
sp3run4base,875,532,2146,1133,1727,3209,25,155806,12464,2149,1134,1778,2146,1132,1722,98,100,0,601,2168
sp3run4base,875,533,2145,1134,1726,3215,25,155804,12464,2147,1134,1779,2145,1132,1722,98,100,0,600,2174
sp3run4base,875,534,2147,1133,1732,3221,25,155803,12464,2147,1134,1775,2144,1132,1723,98,100,0,600,2171
sp3run4base,875,535,2145,1133,1743,3227,25,155801,12464,2147,1134,1775,2145,1132,1721,98,100,0,600,2171
sp3run4base,875,536,2144,1133,1731,3233,25,155802,12464,2145,1134,1777,2143,1132,1722,98,100,0,600,2174
sp3run4base,875,537,2143,1133,1743,3239,25,155797,12463,2144,1135,1777,2142,1131,1722,98,100,0,601,2171
sp3run4base,875,538,2144,1133,1771,3245,25,155796,12463,2145,1134,1776,2143,1132,1722,98,100,0,601,2174
sp3run4base,875,539,2146,1134,1730,3251,26,155794,12463,2146,1134,1780,2143,1132,1722,98,100,0,600,2177
sp3run4base,875,540,2145,1133,1736,3257,26,155793,12463,2147,1134,1776,2145,1131,1723,98,100,0,600,2174
sp3run4base,875,541,2145,1132,1747,3263,26,155791,12463,2147,1133,1777,2144,1131,1722,99,100,0,600,2166
sp3run4base,875,542,2148,1132,1744,3269,26,155790,12463,2148,1133,1786,2145,1131,1725,98,100,0,600,2171
sp3run4base,875,543,2145,1132,1748,3275,26,155788,12463,2148,1133,1791,2145,1130,1723,98,100,0,599,2174
sp3run4base,875,544,2146,1130,1752,3281,26,155790,12463,2148,1133,1778,2145,1129,1725,98,100,0,600,2177
sp3run4base,875,545,2143,1132,1745,3287,26,155785,12462,2146,1133,1780,2143,1130,1698,98,100,0,600,2171
sp3run4base,875,546,2144,1132,1733,3293,26,155783,12462,2145,1134,1778,2143,1131,1725,98,100,0,600,2166
sp3run4base,875,547,2147,1131,1731,3299,26,155782,12462,2147,1133,1800,2143,1131,1726,98,100,0,600,2186
sp3run4base,875,548,2145,1131,1772,3305,26,155781,12462,2147,1133,1778,2145,1129,1725,98,100,0,600,2171
sp3run4base,875,549,2148,1132,1726,3311,26,155780,12462,2149,1132,1782,2145,1130,1725,98,100,0,600,2177
sp3run4base,875,550,2147,1132,1755,3316,26,155778,12462,2149,1133,1779,2146,1131,1726,99,100,0,600,2166
sp3run4base,875,551,2146,1133,1730,3322,26,155777,12462,2147,1133,1787,2144,1131,1725,98,100,0,600,2186
sp3run4base,875,552,2146,1132,1783,3328,26,155775,12462,2147,1133,1783,2145,1130,1724,98,100,0,600,2177
sp3run4base,875,553,2170,1133,1746,3335,26,155779,12462,2175,1133,1804,2146,1130,1725,99,100,0,600,2171
sp3run4base,875,554,2178,1132,1780,3341,26,155781,12462,2178,1133,1816,2161,1130,1727,97,100,0,600,2234
sp3run4base,875,555,2171,1133,1778,3347,26,155783,12462,2189,1134,1816,2171,1131,1725,99,100,0,600,2180
sp3run4base,875,556,2099,1133,1711,3353,26,155778,12462,2171,1133,1782,2098,1131,1686,98,100,0,601,2129
sp3run4base,875,557,2108,1133,1702,3359,26,155773,12461,2115,1134,1763,2099,1131,1675,99,100,0,601,2120
sp3run4base,875,558,2103,1131,1694,3364,26,155765,12461,2108,1133,1741,2103,1131,1682,99,100,0,600,2123
sp3run4base,875,559,2100,1132,1714,3370,26,155758,12460,2103,1133,1739,2100,1131,1668,98,100,0,600,2126
sp3run4base,875,560,2099,1133,1718,3376,27,155751,12460,2102,1133,1739,2099,1130,1684,98,100,0,600,2129
sp3run4base,875,561,2097,1133,1686,3382,27,155743,12459,2101,1134,1740,2097,1132,1663,99,100,0,600,2109
sp3run4base,875,562,2098,1133,1707,3388,27,155736,12458,2099,1134,1743,2094,1131,1669,98,100,0,600,2126
sp3run4base,875,563,2097,1133,1726,3393,27,155728,12458,2101,1133,1752,2097,1131,1662,98,100,0,599,2123
sp3run4base,875,564,2099,1132,1708,3399,27,155721,12457,2100,1133,1745,2097,1130,1685,98,100,0,600,2123
sp3run4base,875,565,2099,1132,1715,3405,27,155714,12457,2100,1133,1736,2097,1130,1658,98,100,0,600,2129
sp3run4base,875,566,2103,1132,1733,3411,27,155707,12456,2103,1133,1738,2098,1131,1670,97,100,0,600,2149
sp3run4base,875,567,2114,1133,1725,3417,27,155702,12456,2114,1133,1743,2103,1130,1676,98,100,0,600,2151
sp3run4base,875,568,2118,1131,1705,3423,27,155698,12455,2118,1133,1742,2114,1129,1687,98,100,0,600,2154
sp3run4base,875,569,2105,1131,1715,3429,27,155691,12455,2118,1133,1746,2105,1130,1672,99,100,0,600,2126
sp3run4base,875,570,2105,1133,1700,3435,27,155685,12454,2107,1133,1751,2105,1131,1684,98,100,0,600,2129
sp3run4base,875,571,2102,1132,1696,3441,27,155678,12454,2106,1133,1754,2102,1130,1679,98,100,0,600,2126
sp3run4base,875,572,2100,1132,1706,3446,27,155671,12453,2102,1133,1755,2099,1131,1682,98,100,0,600,2129
sp3run4base,875,573,2098,1132,1704,3452,27,155663,12453,2100,1133,1723,2097,1130,1676,98,100,0,600,2126
sp3run4base,875,574,2099,1132,1703,3458,27,155656,12452,2099,1133,1722,2097,1130,1673,98,100,0,599,2131
sp3run4base,875,575,2100,1132,1710,3464,27,155649,12451,2100,1133,1758,2098,1131,1677,98,100,0,599,2126
sp3run4base,875,576,2099,1132,1713,3470,27,155642,12451,2101,1133,1720,2099,1130,1680,98,100,0,599,2129
sp3run4base,875,577,2094,1133,1691,3476,27,155635,12450,2100,1134,1723,2094,1132,1670,99,100,0,600,2114
sp3run4base,875,578,2086,1133,1684,3481,27,155626,12450,2094,1134,1737,2086,1132,1664,98,100,0,600,2117
sp3run4base,875,579,2085,1132,1679,3487,27,155617,12449,2086,1134,1740,2084,1131,1666,98,100,0,600,2114
sp3run4base,875,580,2084,1131,1691,3493,27,155608,12448,2085,1133,1739,2082,1130,1666,98,100,0,600,2112
sp3run4base,875,581,2083,1131,1694,3499,27,155600,12448,2085,1133,1740,2083,1130,1661,98,100,0,600,2117
sp3run4base,875,582,2087,1132,1678,3505,28,155591,12447,2087,1133,1741,2083,1131,1662,98,100,0,600,2117
sp3run4base,875,583,2084,1132,1690,3510,28,155583,12446,2087,1134,1740,2084,1131,1670,98,100,0,600,2114
sp3run4base,875,584,2083,1132,1674,3516,28,155574,12445,2085,1134,1739,2083,1131,1662,98,100,0,600,2109
sp3run4base,875,585,2091,1133,1713,3522,28,155569,12445,2092,1134,1745,2082,1132,1669,98,100,0,600,2117
sp3run4base,875,586,2097,1132,1711,3528,28,155560,12444,2097,1134,1724,2091,1131,1673,98,100,0,600,2129
sp3run4base,875,587,2098,1132,1709,3534,28,155553,12444,2099,1133,1727,2097,1131,1673,98,100,0,600,2123
sp3run4base,875,588,2088,1132,1715,3539,28,155545,12443,2098,1133,1741,2088,1131,1661,99,100,0,601,2109
sp3run4base,875,589,2085,1133,1697,3545,28,155539,12443,2089,1133,1739,2085,1131,1669,98,100,0,601,2114
sp3run4base,875,590,2085,1132,1683,3551,28,155527,12442,2086,1133,1734,2084,1131,1667,98,100,0,601,2114
sp3run4base,875,591,2082,1133,1692,3557,28,155519,12441,2085,1133,1744,2082,1131,1662,99,100,0,601,2100
sp3run4base,875,592,2081,1132,1692,3563,28,155513,12441,2083,1133,1731,2080,1131,1667,98,100,0,601,2112
sp3run4base,875,593,2082,1132,1670,3568,28,155501,12440,2082,1133,1741,2080,1130,1668,98,100,0,601,2112
sp3run4base,875,594,2088,1132,1691,3574,28,155493,12439,2088,1133,1732,2080,1130,1668,98,100,0,601,2126
sp3run4base,875,595,2097,1132,1702,3580,28,155487,12438,2097,1132,1729,2088,1130,1679,98,100,0,600,2129
sp3run4base,875,596,2088,1131,1701,3586,28,155479,12438,2097,1133,1738,2088,1130,1670,99,100,0,600,2109
sp3run4base,875,597,2084,1132,1711,3592,28,155473,12437,2088,1132,1740,2084,1130,1666,98,100,0,600,2112
sp3run4base,875,598,2083,1132,1710,3598,28,155462,12437,2084,1133,1733,2082,1131,1666,98,100,0,600,2112
sp3run4base,875,599,2083,1131,1690,3603,28,155453,12436,2084,1133,1728,2082,1130,1668,98,100,0,600,2114
sp3run4base,875,600,2081,1132,1702,3609,28,155448,12435,2083,1133,1731,2081,1131,1671,98,100,0,600,2103
sp3run4base,875,601,2082,1132,1674,3615,28,155436,12434,2083,1132,1731,2081,1130,1671,99,100,0,600,2103
sp3run4base,875,602,2082,1133,1677,3621,28,155428,12434,2082,1133,1727,2080,1130,1670,98,100,0,600,2117
sp3run4base,875,603,2082,1130,1696,3627,29,155420,12433,2082,1133,1732,2081,1130,1672,98,100,0,599,2114
sp3run4base,875,604,2084,1132,1706,3633,29,155414,12433,2084,1133,1735,2082,1130,1671,98,100,0,600,2112
sp3run4base,875,605,2084,1132,1669,3638,29,155403,12432,2084,1133,1739,2082,1130,1669,98,100,0,600,2117
sp3run4base,875,606,2082,1132,1705,3644,29,155397,12431,2084,1133,1735,2081,1131,1667,98,100,0,600,2114
sp3run4base,875,607,2092,1133,1697,3650,29,155388,12431,2092,1133,1729,2082,1130,1675,98,100,0,601,2126
sp3run4base,875,608,2088,1131,1693,3656,29,155384,12430,2095,1133,1731,2088,1131,1669,99,100,0,601,2100
sp3run4base,875,609,2082,1132,1699,3661,29,155373,12429,2088,1133,1732,2082,1130,1667,99,100,0,601,2103
sp3run4base,875,610,2094,1134,1693,3667,29,155366,12429,2094,1134,1746,2082,1130,1674,98,100,0,601,2129
sp3run4base,875,611,2096,1133,1706,3673,29,155360,12428,2097,1134,1726,2094,1131,1683,98,100,0,601,2129
sp3run4base,875,612,2088,1133,1691,3679,29,155352,12428,2097,1134,1730,2088,1131,1668,99,100,0,601,2109
sp3run4base,875,613,2083,1133,1697,3685,29,155347,12427,2088,1134,1734,2083,1131,1668,98,100,0,601,2106
sp3run4base,875,614,2082,1132,1710,3691,29,155336,12426,2083,1133,1734,2081,1131,1667,98,100,0,601,2109
sp3run4base,875,615,2081,1132,1686,3696,29,155328,12426,2082,1133,1733,2081,1130,1666,98,100,0,601,2103
sp3run4base,875,616,2082,1132,1691,3702,29,155320,12425,2082,1133,1741,2081,1131,1670,98,100,0,601,2106
sp3run4base,875,617,2081,1132,1693,3708,29,155312,12424,2082,1133,1732,2081,1131,1667,98,100,0,600,2106
sp3run4base,875,618,2081,1131,1692,3714,29,155306,12424,2081,1133,1733,2079,1131,1667,98,100,0,600,2109
sp3run4base,875,619,2080,1132,1665,3720,29,155295,12423,2081,1133,1736,2080,1131,1665,98,100,0,600,2112
sp3run4base,875,620,2080,1130,1710,3725,29,155287,12423,2080,1133,1729,2079,1130,1665,98,100,0,600,2114
sp3run4base,875,621,2081,1133,1689,3731,29,155282,12422,2082,1134,1729,2080,1130,1668,98,100,0,600,2109
sp3run4base,875,622,2089,1133,1684,3737,29,155272,12421,2089,1134,1734,2081,1132,1665,98,100,0,600,2126
sp3run4base,875,623,2092,1134,1681,3743,29,155266,12421,2092,1134,1724,2089,1132,1681,98,100,0,600,2123
sp3run4base,875,624,2092,1133,1723,3749,29,155259,12420,2093,1134,1739,2091,1132,1681,98,100,0,600,2120
sp3run4base,875,625,2079,1134,1700,3754,30,155251,12420,2093,1134,1733,2079,1131,1665,99,100,0,600,2100
sp3run4base,875,626,2074,1133,1675,3760,30,155242,12419,2079,1134,1724,2074,1132,1665,98,100,0,600,2097
sp3run4base,875,627,2073,1133,1702,3766,30,155233,12418,2075,1134,1722,2072,1131,1665,98,100,0,600,2095
sp3run4base,875,628,2073,1133,1673,3772,30,155224,12417,2073,1135,1726,2071,1131,1667,98,100,0,600,2100
sp3run4base,875,629,2073,1132,1670,3777,30,155218,12417,2073,1134,1724,2072,1131,1667,98,100,0,600,2103
sp3run4base,875,630,2073,1133,1688,3783,30,155206,12416,2073,1133,1732,2072,1130,1668,98,100,0,600,2103
sp3run4base,875,631,2072,1132,1686,3789,30,155198,12415,2073,1133,1728,2072,1130,1668,98,100,0,600,2103
sp3run4base,875,632,2072,1132,1670,3795,30,155189,12415,2073,1133,1729,2072,1130,1669,98,100,0,600,2103
sp3run4base,875,633,2072,1132,1706,3801,30,155180,12414,2073,1133,1730,2072,1130,1667,98,100,0,600,2097
sp3run4base,875,634,2072,1131,1692,3806,30,155172,12413,2073,1133,1726,2071,1130,1668,98,100,0,600,2103
sp3run4base,875,635,2077,1131,1685,3812,30,155164,12413,2081,1132,1751,2072,1130,1669,99,100,0,600,2097
sp3run4base,875,636,2071,1132,1716,3818,30,155155,12412,2077,1133,1734,2071,1130,1665,98,100,0,600,2095
sp3run4base,875,637,2070,1132,1676,3824,30,155146,12411,2072,1132,1730,2070,1130,1667,99,100,0,600,2089
sp3run4base,875,638,2070,1132,1706,3830,30,155138,12411,2071,1133,1725,2069,1130,1667,98,100,0,601,2103
sp3run4base,875,639,2071,1132,1669,3835,30,155129,12410,2071,1133,1732,2070,1130,1667,98,100,0,601,2106
sp3run4base,875,640,2070,1131,1713,3841,30,155120,12409,2071,1132,1726,2070,1130,1667,99,100,0,601,2089
sp3run4base,875,641,2069,1131,1689,3847,30,155114,12409,2071,1132,1729,2069,1130,1667,98,100,0,601,2092
sp3run4base,875,642,2070,1132,1669,3853,30,155103,12408,2070,1133,1730,2068,1130,1665,98,100,0,601,2106
sp3run4base,875,643,2069,1132,1672,3858,30,155094,12407,2071,1133,1736,2069,1130,1667,98,100,0,601,2095
sp3run4base,875,644,2077,1132,1685,3864,30,155086,12406,2078,1133,1730,2069,1130,1668,99,100,0,601,2097
sp3run4base,875,645,2082,1132,1698,3870,30,155079,12406,2085,1133,1730,2075,1130,1668,98,100,0,601,2109
sp3run4base,875,646,2089,1131,1690,3876,31,155073,12405,2089,1133,1741,2082,1130,1676,97,100,0,601,2134
sp3run4base,875,647,2127,1131,1705,3882,31,155069,12405,2148,1132,1778,2089,1130,1689,100,100,0,601,2127
sp3run4base,875,648,2100,1131,1702,3887,31,155065,12405,2127,1132,1741,2100,1130,1676,98,100,0,601,2123
sp3run4base,875,649,2097,1131,1714,3893,31,155057,12404,2100,1133,1748,2097,1131,1687,98,100,0,601,2120
sp3run4base,875,650,2098,1130,1707,3899,31,155051,12404,2098,1133,1755,2096,1130,1684,98,100,0,601,2126
sp3run4base,875,651,2095,1131,1696,3905,31,155046,12403,2098,1132,1737,2095,1130,1678,98,100,0,601,2120
sp3run4base,875,652,2091,1130,1693,3911,31,155039,12403,2095,1132,1739,2091,1129,1675,98,100,0,600,2120
sp3run4base,875,653,2090,1130,1703,3917,31,155033,12402,2091,1132,1755,2087,1130,1662,98,100,0,600,2129
sp3run4base,875,654,2097,1131,1701,3923,31,155030,12402,2097,1132,1744,2090,1129,1687,98,100,0,600,2126
sp3run4base,875,655,2099,1130,1720,3928,31,155022,12401,2099,1132,1743,2097,1129,1675,98,100,0,599,2129
sp3run4base,875,656,2106,1130,1716,3934,31,155018,12401,2106,1132,1744,2099,1130,1687,97,100,0,600,2149
sp3run4base,875,657,2116,1131,1717,3940,31,155015,12401,2116,1131,1764,2106,1129,1690,98,100,0,600,2151
sp3run4base,875,658,2111,1130,1719,3946,31,155011,12400,2118,1132,1757,2111,1129,1669,99,100,0,599,2117
sp3run4base,875,659,2101,1130,1698,3952,31,155006,12400,2111,1132,1753,2101,1130,1674,98,100,0,600,2126
sp3run4base,875,660,2102,1131,1696,3958,31,155001,12400,2109,1132,1763,2101,1129,1659,98,100,0,599,2129
sp3run4base,875,661,2099,1131,1715,3963,31,154996,12399,2102,1133,1746,2097,1129,1669,98,100,0,599,2134
sp3run4base,875,662,2096,1131,1710,3969,31,154993,12399,2100,1132,1733,2093,1130,1670,98,100,0,600,2129
sp3run4base,875,663,2097,1131,1686,3975,31,154985,12398,2098,1132,1746,2096,1131,1684,98,100,0,600,2129
sp3run4base,875,664,2098,1131,1691,3981,31,154982,12398,2098,1133,1740,2097,1130,1671,98,100,0,600,2134
sp3run4base,875,665,2098,1130,1700,3987,31,154975,12398,2099,1132,1738,2097,1130,1673,98,100,0,600,2131
sp3run4base,875,666,2099,1132,1712,3993,31,154972,12397,2099,1133,1738,2097,1130,1666,98,100,0,600,2129
sp3run4base,875,667,2101,1131,1705,3999,31,154965,12397,2101,1133,1744,2097,1130,1683,98,100,0,600,2137
sp3run4base,875,668,2095,1131,1721,4005,32,154959,12396,2101,1132,1736,2093,1130,1669,98,100,0,600,2126
sp3run4base,875,669,2099,1131,1674,4010,32,154954,12396,2100,1132,1745,2095,1130,1666,98,100,0,599,2123
sp3run4base,875,670,2100,1132,1708,4016,32,154949,12395,2102,1133,1760,2097,1130,1674,98,100,0,600,2123
sp3run4base,875,671,2099,1132,1712,4022,32,154947,12395,2100,1133,1734,2099,1131,1673,98,100,0,600,2126
sp3run4base,875,672,2100,1132,1708,4028,32,154939,12395,2101,1133,1748,2098,1130,1677,98,100,0,600,2126
sp3run4base,875,673,2097,1131,1716,4034,32,154934,12394,2101,1132,1739,2097,1130,1664,98,100,0,600,2129
sp3run4base,875,674,2099,1132,1683,4040,32,154929,12394,2099,1132,1737,2097,1130,1681,98,100,0,600,2131
sp3run4base,875,675,2109,1132,1721,4045,32,154928,12394,2109,1132,1765,2098,1130,1683,98,100,0,599,2146
sp3run4base,875,676,2103,1132,1697,4051,32,154921,12393,2109,1133,1749,2103,1130,1678,98,100,0,600,2131
sp3run4base,875,677,2101,1131,1722,4057,32,154916,12393,2103,1132,1753,2101,1130,1675,98,100,0,600,2129
sp3run4base,875,678,2103,1131,1712,4063,32,154914,12393,2103,1132,1751,2101,1129,1699,98,100,0,600,2129
sp3run4base,875,679,2103,1131,1710,4069,32,154907,12392,2103,1132,1752,2102,1129,1699,98,100,0,600,2134
sp3run4base,875,680,2099,1131,1688,4075,32,154905,12392,2103,1133,1751,2099,1130,1676,98,100,0,600,2123
sp3run4base,875,681,2101,1132,1711,4081,32,154900,12392,2101,1133,1746,2095,1130,1683,98,100,0,600,2134
sp3run4base,875,682,2094,1130,1692,4086,32,154894,12391,2102,1133,1744,2094,1130,1672,98,100,0,600,2117
sp3run4base,875,683,2084,1132,1690,4092,32,154886,12390,2094,1133,1739,2084,1130,1672,98,100,0,600,2112
sp3run4base,875,684,2082,1131,1706,4098,32,154879,12390,2085,1133,1739,2082,1130,1673,98,100,0,601,2112
sp3run4base,875,685,2082,1132,1698,4104,32,154872,12389,2083,1133,1739,2081,1130,1666,98,100,0,601,2109
sp3run4base,875,686,2082,1133,1690,4110,32,154866,12389,2083,1133,1745,2082,1130,1672,98,100,0,601,2109
sp3run4base,875,687,2082,1132,1713,4116,32,154859,12388,2083,1133,1736,2081,1131,1670,99,100,0,601,2103
sp3run4base,875,688,2082,1132,1695,4121,32,154853,12388,2083,1133,1741,2080,1130,1670,99,100,0,601,2100
sp3run4base,875,689,2083,1133,1698,4127,33,154846,12387,2083,1133,1731,2081,1130,1673,98,100,0,601,2106
sp3run4base,875,690,2086,1131,1709,4133,33,154843,12387,2086,1133,1738,2081,1130,1674,98,100,0,601,2123
sp3run4base,875,691,2095,1131,1688,4139,33,154836,12386,2095,1133,1724,2086,1130,1683,98,100,0,601,2129
sp3run4base,875,692,2097,1131,1715,4144,33,154831,12386,2097,1133,1722,2095,1130,1683,98,100,0,601,2129
sp3run4base,875,693,2097,1131,1688,4150,33,154826,12386,2099,1132,1726,2096,1130,1686,98,100,0,601,2129
sp3run4base,875,694,2098,1133,1693,4156,33,154821,12385,2099,1133,1751,2096,1130,1685,98,100,0,601,2123
sp3run4base,875,695,2098,1132,1720,4162,33,154817,12385,2099,1133,1724,2097,1129,1684,98,100,0,600,2123
sp3run4base,875,696,2089,1131,1676,4168,33,154813,12385,2098,1133,1737,2089,1130,1674,98,100,0,600,2117
sp3run4base,875,697,2084,1131,1714,4174,33,154806,12384,2089,1133,1733,2084,1130,1672,98,100,0,600,2112
sp3run4base,875,698,2095,1132,1698,4180,33,154802,12384,2095,1132,1751,2084,1130,1676,98,100,0,600,2129
sp3run4base,875,699,2098,1132,1700,4185,33,154795,12383,2098,1132,1728,2095,1130,1677,98,100,0,600,2131
sp3run4base,875,700,2089,1131,1678,4191,33,154789,12383,2098,1132,1743,2089,1130,1665,98,100,0,600,2123
sp3run4base,875,701,2085,1132,1690,4197,33,154783,12382,2089,1133,1739,2085,1129,1674,98,100,0,600,2117
sp3run4base,875,702,2093,1133,1696,4203,33,154780,12382,2093,1133,1748,2085,1130,1674,98,100,0,600,2134
sp3run4base,875,703,2087,1132,1681,4209,33,154772,12381,2093,1133,1728,2087,1131,1669,98,100,0,600,2109
sp3run4base,875,704,2085,1132,1687,4215,33,154768,12381,2087,1133,1739,2084,1131,1673,98,100,0,600,2120
sp3run4base,875,705,2083,1132,1692,4220,33,154760,12380,2085,1134,1736,2082,1131,1672,98,100,0,600,2112
sp3run4base,875,706,2085,1133,1688,4226,33,154754,12380,2085,1133,1738,2083,1131,1665,98,100,0,600,2123
sp3run4base,875,707,2087,1134,1691,4232,33,154748,12379,2087,1134,1738,2085,1131,1669,98,100,0,600,2117
sp3run4base,875,708,2085,1133,1730,4238,33,154743,12379,2088,1134,1736,2085,1131,1671,98,100,0,600,2109
sp3run4base,875,709,2087,1133,1688,4243,33,154737,12378,2087,1134,1739,2085,1132,1667,98,100,0,600,2120
sp3run4base,875,710,2085,1133,1677,4249,33,154731,12378,2087,1133,1732,2085,1131,1667,98,100,0,599,2114
sp3run4base,875,711,2084,1132,1687,4255,34,154725,12378,2085,1133,1732,2083,1131,1670,98,100,0,600,2114
sp3run4base,875,712,2091,1132,1689,4261,34,154720,12377,2091,1133,1735,2082,1131,1670,98,100,0,600,2129
sp3run4base,875,713,2096,1132,1713,4267,34,154715,12377,2096,1133,1727,2091,1130,1682,98,100,0,600,2131
sp3run4base,875,714,2097,1130,1723,4273,34,154711,12376,2098,1133,1744,2095,1130,1683,98,100,0,600,2126
sp3run4base,875,715,2094,1132,1687,4278,34,154706,12376,2101,1133,1748,2094,1130,1670,99,100,0,600,2114
sp3run4base,875,716,2085,1131,1692,4284,34,154702,12376,2094,1132,1730,2085,1130,1671,98,100,0,600,2109
sp3run4base,875,717,2083,1131,1700,4290,34,154694,12375,2085,1132,1737,2083,1130,1671,98,100,0,599,2117
sp3run4base,875,718,2082,1131,1698,4296,34,154688,12375,2083,1132,1740,2081,1130,1669,98,100,0,600,2106
sp3run4base,875,719,2081,1132,1696,4302,34,154682,12374,2082,1133,1730,2080,1130,1666,98,100,0,600,2109
sp3run4base,875,720,2081,1132,1686,4308,34,154678,12374,2081,1133,1741,2080,1130,1666,98,100,0,600,2112
sp3run4base,875,721,2085,1131,1705,4313,34,154672,12373,2085,1133,1730,2080,1130,1667,98,100,0,600,2126
sp3run4base,875,722,2093,1131,1723,4319,34,154665,12373,2094,1132,1739,2085,1131,1683,98,100,0,599,2126
sp3run4base,875,723,2095,1130,1696,4325,34,154661,12372,2095,1133,1733,2093,1130,1680,98,100,0,600,2126
sp3run4base,875,724,2094,1130,1708,4331,34,154656,12372,2097,1132,1747,2094,1130,1675,99,100,0,600,2106
sp3run4base,875,725,2083,1130,1698,4336,34,154650,12372,2094,1132,1733,2083,1130,1668,98,100,0,600,2106
sp3run4base,875,726,2082,1130,1669,4342,34,154644,12371,2083,1132,1735,2082,1129,1668,98,100,0,601,2106
sp3run4base,875,727,2082,1130,1690,4348,34,154638,12371,2082,1132,1737,2080,1130,1669,98,100,0,601,2112
sp3run4base,875,728,2081,1131,1693,4354,34,154634,12370,2082,1132,1738,2079,1130,1670,98,100,0,601,2112
sp3run4base,875,729,2081,1132,1688,4360,34,154628,12370,2081,1132,1735,2080,1129,1668,98,100,0,601,2114
sp3run4base,875,730,2084,1131,1688,4366,34,154621,12369,2084,1132,1739,2081,1129,1674,98,100,0,601,2117
sp3run4base,875,731,2085,1130,1698,4371,34,154615,12369,2085,1132,1736,2083,1129,1673,98,100,0,601,2114
sp3run4base,875,732,2083,1131,1707,4377,35,154609,12368,2085,1132,1736,2083,1129,1671,98,100,0,601,2114
sp3run4base,875,733,2084,1132,1679,4383,35,154604,12368,2085,1132,1734,2083,1130,1671,98,100,0,601,2106
sp3run4base,875,734,2078,1131,1687,4389,35,154598,12367,2084,1132,1734,2078,1130,1669,98,100,0,601,2106
sp3run4base,875,735,2083,1132,1688,4395,35,154592,12367,2083,1132,1737,2077,1130,1669,98,100,0,601,2120
sp3run4base,875,736,2081,1131,1674,4400,35,154586,12366,2087,1132,1727,2081,1130,1670,98,100,0,601,2106
sp3run4base,875,737,2076,1130,1691,4406,35,154582,12366,2081,1132,1729,2075,1130,1668,98,100,0,601,2109
sp3run4base,875,738,2078,1130,1696,4412,35,154574,12365,2083,1131,1744,2076,1128,1672,99,100,0,601,2097
sp3run4base,875,739,2075,1131,1674,4418,35,154567,12365,2078,1132,1733,2074,1129,1671,98,100,0,601,2109
sp3run4base,875,740,2073,1131,1675,4424,35,154563,12365,2075,1132,1728,2073,1129,1671,98,100,0,601,2097
sp3run4base,875,741,2071,1131,1722,4429,35,154554,12364,2073,1132,1735,2070,1129,1668,98,100,0,601,2097
sp3run4base,875,742,2070,1131,1696,4435,35,154550,12364,2072,1132,1740,2070,1130,1668,98,100,0,601,2092
sp3run4base,875,743,2070,1131,1686,4441,35,154541,12363,2072,1132,1728,2070,1129,1670,98,100,0,601,2092
sp3run4base,875,744,2072,1131,1673,4447,35,154534,12362,2072,1132,1728,2070,1129,1671,98,100,0,601,2100
sp3run4base,875,745,2071,1131,1710,4452,35,154528,12362,2072,1132,1733,2071,1129,1668,98,100,0,601,2100
sp3run4base,875,746,2072,1131,1673,4458,35,154521,12361,2072,1132,1733,2070,1129,1670,98,100,0,601,2100
sp3run4base,875,747,2071,1131,1684,4464,35,154515,12361,2072,1131,1739,2071,1129,1671,98,100,0,601,2100
sp3run4base,875,748,2071,1130,1690,4470,35,154510,12360,2072,1131,1738,2070,1129,1670,98,100,0,601,2103
sp3run4base,875,749,2072,1130,1675,4475,35,154501,12360,2072,1131,1728,2070,1129,1671,98,100,0,601,2106
sp3run4base,875,750,2070,1130,1709,4481,35,154495,12359,2072,1131,1734,2070,1129,1670,98,100,0,601,2097
sp3run4base,875,751,2071,1130,1705,4487,35,154488,12359,2072,1131,1729,2070,1128,1671,98,100,0,601,2092
sp3run4base,875,752,2072,1130,1675,4493,35,154482,12358,2072,1131,1737,2071,1128,1670,98,100,0,601,2109
sp3run4base,875,753,2071,1131,1681,4499,35,154475,12358,2072,1131,1729,2070,1128,1670,98,100,0,601,2103
sp3run4base,875,754,2071,1131,1673,4504,36,154469,12357,2071,1131,1737,2069,1128,1669,98,100,0,601,2097
sp3run4base,875,755,2072,1130,1693,4510,36,154462,12357,2072,1131,1735,2070,1129,1669,98,100,0,601,2114
sp3run4base,875,756,2096,1129,1716,4516,36,154459,12356,2096,1132,1743,2072,1128,1685,99,100,0,600,2112
sp3run4base,875,757,2087,1129,1689,4522,36,154454,12356,2103,1131,1749,2087,1129,1664,98,100,0,600,2109
sp3run4base,875,758,2096,1131,1701,4528,36,154450,12356,2096,1131,1748,2086,1129,1675,97,100,0,600,2146
sp3run4base,875,759,2093,1131,1726,4534,36,154446,12355,2097,1131,1743,2091,1129,1665,98,100,0,600,2123
sp3run4base,875,760,2095,1130,1716,4539,36,154444,12355,2095,1132,1735,2093,1128,1684,98,100,0,599,2126
sp3run4base,875,761,2096,1129,1714,4545,36,154438,12355,2096,1131,1736,2095,1128,1674,98,100,0,600,2120
sp3run4base,875,762,2096,1128,1715,4551,36,154434,12354,2097,1130,1739,2095,1127,1674,98,100,0,600,2126
sp3run4base,875,763,2096,1131,1697,4557,36,154430,12354,2097,1131,1747,2095,1128,1669,98,100,0,601,2126
sp3run4base,875,764,2099,1131,1689,4563,36,154426,12354,2099,1132,1742,2095,1128,1684,98,100,0,601,2131
sp3run4base,875,765,2094,1129,1699,4568,36,154423,12353,2099,1132,1737,2092,1129,1664,98,100,0,600,2117
sp3run4base,875,766,2094,1130,1710,4574,36,154419,12353,2097,1131,1745,2094,1129,1669,99,100,0,600,2103
sp3run4base,875,767,2096,1129,1735,4580,36,154413,12353,2096,1131,1737,2091,1128,1665,97,100,0,600,2140
sp3run4base,875,768,2110,1130,1737,4586,36,154411,12352,2110,1130,1754,2096,1128,1692,98,100,0,601,2140
sp3run4base,875,769,2115,1130,1728,4592,36,154409,12352,2115,1131,1752,2110,1128,1686,98,100,0,601,2140
sp3run4base,875,770,2114,1130,1732,4598,36,154407,12352,2116,1131,1744,2114,1129,1682,98,100,0,601,2143
sp3run4base,875,771,2113,1130,1730,4604,36,154405,12352,2116,1131,1740,2111,1129,1674,98,100,0,600,2140
sp3run4base,875,772,2118,1130,1727,4610,36,154403,12352,2118,1131,1768,2113,1128,1686,98,100,0,601,2149
sp3run4base,875,773,2118,1130,1719,4616,36,154401,12352,2119,1131,1747,2117,1129,1699,98,100,0,601,2143
sp3run4base,875,774,2117,1131,1717,4622,36,154399,12351,2118,1131,1747,2116,1129,1696,98,100,0,601,2146
sp3run4base,875,775,2118,1130,1727,4627,37,154397,12351,2118,1131,1737,2117,1129,1711,98,100,0,600,2146
sp3run4base,875,776,2107,1130,1707,4633,37,154394,12351,2118,1131,1754,2107,1129,1699,98,100,0,600,2131
sp3run4base,875,777,2100,1129,1698,4639,37,154390,12351,2107,1131,1753,2100,1128,1688,99,100,0,600,2120
sp3run4base,875,778,2096,1130,1703,4645,37,154386,12350,2100,1130,1753,2095,1128,1678,98,100,0,600,2131
sp3run4base,875,779,2095,1130,1688,4651,37,154382,12350,2096,1130,1757,2095,1127,1683,98,100,0,600,2126
sp3run4base,875,780,2088,1130,1694,4656,37,154377,12350,2095,1131,1745,2088,1128,1677,98,100,0,600,2117
sp3run4base,875,781,2085,1130,1696,4662,37,154372,12349,2088,1131,1746,2085,1128,1677,98,100,0,600,2112
sp3run4base,875,782,2085,1130,1682,4668,37,154367,12349,2085,1131,1742,2083,1128,1675,98,100,0,600,2120
sp3run4base,875,783,2085,1130,1679,4674,37,154365,12349,2086,1131,1746,2084,1129,1676,98,100,0,600,2117
sp3run4base,875,784,2084,1130,1686,4680,37,154358,12348,2086,1131,1745,2084,1128,1673,98,100,0,600,2114
sp3run4base,875,785,2086,1130,1696,4686,37,154353,12348,2086,1130,1741,2083,1127,1674,98,100,0,600,2117
sp3run4base,875,786,2084,1129,1694,4691,37,154350,12348,2086,1131,1739,2084,1128,1672,98,100,0,600,2114
sp3run4base,875,787,2084,1130,1698,4697,37,154343,12347,2085,1131,1742,2083,1128,1675,98,100,0,600,2106
sp3run4base,875,788,2085,1131,1694,4703,37,154338,12347,2085,1131,1742,2083,1128,1676,98,100,0,600,2120
sp3run4base,875,789,2085,1131,1687,4709,37,154336,12346,2085,1131,1745,2084,1129,1668,98,100,0,600,2114
sp3run4base,875,790,2084,1130,1701,4715,37,154329,12346,2086,1131,1742,2084,1128,1675,98,100,0,600,2109
sp3run4base,875,791,2082,1129,1695,4720,37,154324,12345,2084,1131,1741,2082,1128,1673,98,100,0,600,2106
sp3run4base,875,792,2083,1129,1700,4726,37,154319,12345,2083,1131,1739,2080,1128,1671,98,100,0,600,2106
sp3run4base,875,793,2093,1130,1699,4732,37,154315,12345,2093,1130,1750,2082,1128,1678,98,100,0,600,2131
sp3run4base,875,794,2099,1130,1700,4738,37,154312,12344,2099,1131,1740,2093,1128,1683,98,100,0,600,2134
sp3run4base,875,795,2100,1129,1715,4744,37,154309,12344,2100,1131,1734,2098,1128,1690,98,100,0,600,2131
sp3run4base,875,796,2100,1129,1711,4750,38,154305,12344,2100,1130,1732,2098,1128,1689,98,100,0,600,2134
sp3run4base,875,797,2101,1130,1702,4755,38,154302,12344,2102,1131,1753,2099,1128,1687,98,100,0,600,2134
sp3run4base,875,798,2088,1129,1691,4761,38,154297,12343,2101,1131,1746,2088,1128,1673,99,100,0,600,2106
sp3run4base,875,799,2088,1129,1695,4767,38,154295,12343,2090,1131,1742,2086,1128,1674,99,100,0,599,2106
sp3run4base,875,800,2087,1130,1696,4773,38,154289,12343,2088,1130,1740,2086,1128,1674,98,100,0,600,2112
sp3run4base,875,801,2084,1130,1702,4779,38,154284,12342,2087,1131,1744,2084,1128,1677,98,100,0,600,2112
sp3run4base,875,802,2084,1130,1682,4785,38,154279,12342,2084,1131,1741,2083,1128,1678,98,100,0,600,2114
sp3run4base,875,803,2085,1130,1705,4790,38,154275,12342,2086,1131,1745,2084,1128,1677,98,100,0,600,2112
sp3run4base,875,804,2085,1130,1708,4796,38,154270,12341,2086,1131,1743,2084,1129,1674,98,100,0,599,2109
sp3run4base,875,805,2084,1129,1691,4802,38,154266,12341,2085,1131,1745,2084,1128,1675,99,100,0,600,2103
sp3run4base,875,806,2085,1128,1685,4808,38,154261,12340,2086,1131,1743,2084,1127,1672,98,100,0,600,2117
sp3run4base,875,807,2085,1135,1695,4814,38,154256,12340,2085,1136,1733,2084,1126,1665,98,100,0,600,2114
sp3run4base,875,808,2083,1137,1697,4819,38,154254,12340,2085,1139,1730,2083,1134,1664,98,100,0,600,2112
sp3run4base,875,809,2083,1137,1695,4825,38,154247,12339,2084,1139,1724,2082,1136,1664,98,100,0,600,2106
sp3run4base,875,810,2084,1138,1678,4831,38,154242,12339,2085,1138,1725,2083,1136,1665,98,100,0,600,2112
sp3run4base,875,811,2090,1136,1705,4837,38,154240,12339,2090,1138,1730,2083,1135,1667,97,100,0,599,2143
sp3run4base,875,812,2096,1139,1679,4843,38,154235,12338,2096,1139,1738,2090,1136,1675,98,100,0,600,2126
sp3run4base,875,813,2088,1138,1706,4848,38,154231,12338,2098,1139,1725,2088,1137,1664,99,100,0,600,2109
sp3run4base,875,814,2085,1138,1693,4854,38,154228,12338,2088,1139,1722,2083,1136,1659,98,100,0,600,2123
sp3run4base,875,815,2087,1137,1683,4860,38,154222,12337,2091,1138,1721,2085,1135,1663,98,100,0,600,2109
sp3run4base,875,816,2082,1137,1716,4866,38,154217,12337,2087,1138,1721,2082,1135,1663,98,100,0,600,2109
sp3run4base,875,817,2081,1137,1672,4872,38,154214,12337,2083,1138,1728,2081,1135,1660,98,100,0,600,2112
sp3run4base,875,818,2082,1136,1697,4878,39,154208,12336,2084,1137,1728,2081,1135,1661,98,100,0,599,2109
sp3run4base,875,819,2082,1137,1675,4883,39,154203,12336,2082,1138,1733,2081,1134,1663,98,100,0,600,2114
sp3run4base,875,820,2092,1137,1718,4889,39,154200,12336,2092,1138,1722,2081,1135,1665,98,100,0,600,2123
sp3run4base,875,821,2096,1136,1716,4895,39,154196,12335,2096,1138,1720,2092,1136,1675,98,100,0,600,2126
sp3run4base,875,822,2097,1136,1695,4901,39,154193,12335,2098,1138,1731,2095,1135,1676,98,100,0,600,2129
sp3run4base,875,823,2085,1137,1689,4907,39,154188,12335,2097,1137,1729,2085,1135,1664,99,100,0,600,2103
sp3run4base,875,824,2082,1137,1682,4913,39,154184,12334,2085,1138,1724,2082,1135,1662,98,100,0,600,2106
sp3run4base,875,825,2083,1137,1701,4918,39,154179,12334,2083,1138,1729,2082,1135,1663,98,100,0,600,2112
sp3run4base,875,826,2082,1138,1693,4924,39,154174,12333,2083,1138,1727,2081,1135,1663,98,100,0,600,2112
sp3run4base,875,827,2082,1137,1659,4930,39,154170,12333,2082,1138,1724,2081,1136,1659,98,100,0,600,2114
sp3run4base,875,828,2082,1137,1698,4936,39,154167,12333,2082,1138,1723,2080,1135,1659,98,100,0,600,2120
sp3run4base,875,829,2081,1138,1673,4941,39,154160,12332,2082,1138,1720,2080,1136,1659,98,100,0,601,2117
sp3run4base,875,830,2081,1138,1706,4947,39,154156,12332,2081,1138,1721,2080,1136,1658,98,100,0,601,2109
sp3run4base,875,831,2077,1138,1670,4953,39,154151,12332,2081,1139,1727,2077,1136,1660,99,100,0,601,2092
sp3run4base,875,832,2077,1137,1677,4959,39,154146,12331,2077,1138,1721,2076,1135,1661,98,100,0,601,2106
sp3run4base,875,833,2074,1138,1664,4965,39,154140,12331,2077,1138,1725,2073,1136,1659,98,100,0,601,2106
sp3run4base,875,834,2073,1136,1670,4970,39,154135,12330,2074,1138,1725,2072,1135,1662,98,100,0,601,2106
sp3run4base,875,835,2072,1137,1676,4976,39,154130,12330,2074,1138,1724,2072,1136,1660,98,100,0,600,2097
sp3run4base,875,836,2080,1137,1678,4982,39,154125,12330,2080,1138,1737,2072,1136,1661,98,100,0,600,2117
sp3run4base,875,837,2085,1137,1702,4988,39,154121,12329,2085,1138,1732,2080,1136,1676,98,100,0,600,2114
sp3run4base,875,838,2076,1137,1663,4994,39,154118,12329,2085,1138,1720,2075,1136,1660,98,100,0,600,2109
sp3run4base,875,839,2078,1137,1693,4999,39,154113,12329,2078,1138,1723,2072,1136,1660,97,100,0,600,2126
sp3run4base,875,840,2077,1137,1692,5005,40,154106,12328,2083,1138,1735,2077,1135,1662,99,100,0,600,2089
sp3run4base,875,841,2073,1137,1679,5011,40,154101,12328,2077,1138,1730,2073,1135,1662,98,100,0,599,2097
sp3run4base,875,842,2073,1135,1678,5017,40,154098,12327,2074,1138,1724,2072,1135,1661,98,100,0,600,2109
sp3run4base,875,843,2073,1135,1668,5022,40,154091,12327,2073,1137,1728,2071,1134,1660,98,100,0,600,2106
sp3run4base,875,844,2073,1136,1664,5028,40,154085,12326,2073,1137,1733,2072,1134,1662,98,100,0,599,2106
sp3run4base,875,845,2073,1135,1679,5034,40,154080,12326,2073,1137,1720,2072,1134,1663,98,100,0,599,2106
sp3run4base,875,846,2073,1136,1667,5040,40,154075,12326,2074,1137,1730,2072,1134,1662,98,100,0,600,2106
sp3run4base,875,847,2072,1136,1678,5045,40,154070,12325,2073,1138,1722,2072,1134,1663,98,100,0,600,2109
sp3run4base,875,848,2072,1136,1683,5051,40,154065,12325,2073,1137,1727,2072,1135,1661,98,100,0,599,2095
sp3run4base,875,849,2072,1136,1676,5057,40,154059,12324,2073,1137,1719,2071,1135,1660,98,100,0,600,2103
sp3run4base,875,850,2072,1135,1687,5063,40,154054,12324,2072,1138,1725,2070,1135,1660,98,100,0,600,2109
sp3run4base,875,851,2076,1136,1681,5069,40,154049,12323,2076,1137,1733,2071,1135,1661,98,100,0,600,2114
sp3run4base,875,852,2084,1137,1683,5074,40,154046,12323,2084,1137,1732,2076,1135,1670,98,100,0,600,2117
sp3run4base,875,853,2098,1136,1690,5080,40,154043,12323,2101,1137,1741,2084,1134,1677,98,100,0,600,2131
sp3run4base,875,854,2086,1136,1672,5086,40,154041,12323,2098,1137,1735,2086,1134,1664,98,100,0,599,2109
sp3run4base,875,855,2097,1136,1695,5092,40,154036,12322,2097,1137,1747,2082,1134,1668,97,100,0,600,2140
sp3run4base,875,856,2087,1136,1678,5098,40,154031,12322,2097,1137,1733,2087,1134,1669,98,100,0,599,2117
sp3run4base,875,857,2083,1135,1703,5104,40,154027,12322,2087,1138,1734,2083,1135,1666,98,100,0,600,2112
sp3run4base,875,858,2084,1136,1706,5109,40,154025,12322,2084,1136,1732,2082,1134,1667,98,100,0,600,2120
sp3run4base,875,859,2096,1135,1709,5115,40,154022,12321,2096,1137,1741,2084,1134,1673,98,100,0,600,2137
sp3run4base,875,860,2090,1136,1679,5121,40,154017,12321,2096,1137,1730,2090,1134,1665,98,100,0,600,2114
sp3run4base,875,861,2086,1135,1692,5127,41,154013,12321,2090,1137,1730,2086,1134,1663,98,100,0,600,2114
sp3run4base,875,862,2093,1135,1681,5133,41,154010,12320,2093,1137,1729,2086,1134,1676,98,100,0,600,2123
sp3run4base,875,863,2097,1136,1697,5139,41,154007,12320,2097,1136,1733,2093,1134,1666,98,100,0,600,2129
sp3run4base,875,864,2106,1135,1696,5144,41,154005,12320,2106,1136,1731,2095,1133,1678,98,100,0,600,2146
sp3run4base,875,865,2114,1134,1719,5150,41,154003,12320,2114,1137,1755,2106,1134,1682,98,100,0,600,2151
sp3run4base,875,866,2116,1135,1687,5156,41,154002,12320,2117,1137,1751,2114,1133,1682,99,100,0,601,2137
sp3run4base,875,867,2113,1136,1695,5162,41,154000,12320,2116,1136,1742,2113,1134,1677,99,100,0,601,2131
sp3run4base,875,868,2105,1134,1680,5168,41,153998,12319,2113,1136,1749,2105,1134,1673,98,100,0,601,2131
sp3run4base,875,869,2102,1134,1698,5174,41,153997,12319,2105,1136,1749,2101,1133,1667,98,100,0,601,2129
sp3run4base,875,870,2108,1134,1738,5180,41,153993,12319,2108,1135,1772,2101,1133,1695,97,100,0,601,2157
sp3run4base,875,871,2106,1134,1695,5186,41,153991,12319,2112,1135,1746,2105,1133,1683,98,100,0,600,2137
sp3run4base,875,872,2086,1135,1680,5191,41,153987,12318,2106,1136,1742,2086,1132,1673,99,100,0,600,2106
sp3run4base,875,873,2075,1135,1579,5197,41,153983,12318,2145,1136,1762,2075,1133,1579,98,100,0,600,2097
sp3run4base,875,874,1703,1137,1381,5202,41,153948,12315,2075,1138,1579,1699,1135,1378,98,100,0,600,1722
Processed 875 lines from power meter
There were 0 errors in reading from the meter
