RunId,NumDataLines,SeqNum,Watts,Amps,WattHours,Cost,MoKWh,MoCost,MaxWatts,MaxVolts,MaxAmps,MinWatts,MinVolts,MinAmps,Factor,DutyCycle,PowerCycle
tas4mixF,869,0,2145,1134,1714,11,0,154402,12352,2260,1134,1868,2123,1131,1650,98,100,0,599,2174
tas4mixF,869,1,2126,1132,1720,17,0,153943,12315,2145,1135,1744,2126,1132,1700,98,100,0,600,2151
tas4mixF,869,2,2131,1133,1734,23,0,153871,12309,2131,1134,1773,2122,1131,1702,97,100,0,600,2180
tas4mixF,869,3,2133,1133,1734,29,0,153965,12317,2138,1134,1759,2131,1130,1710,99,100,0,600,2154
tas4mixF,869,4,2132,1130,1734,35,0,154210,12336,2133,1134,1751,2128,1130,1691,98,100,0,600,2166
tas4mixF,869,5,2140,1132,1745,41,0,154065,12325,2141,1132,1759,2132,1129,1706,98,100,0,600,2168
tas4mixF,869,6,2146,1131,1742,47,0,154204,12336,2147,1133,1772,2140,1129,1711,98,100,0,600,2174
tas4mixF,869,7,2145,1132,1751,53,0,154459,12356,2146,1133,1757,2144,1130,1710,98,100,0,600,2177
tas4mixF,869,8,2149,1129,1758,59,0,154394,12351,2150,1132,1763,2145,1129,1719,98,100,0,600,2174
tas4mixF,869,9,2156,1130,1739,64,0,154514,12361,2157,1132,1807,2149,1129,1720,98,100,0,600,2183
tas4mixF,869,10,2152,1132,1750,70,0,154597,12367,2161,1132,1811,2152,1129,1708,98,100,0,600,2177
tas4mixF,869,11,2151,1131,1751,76,0,154772,12381,2152,1132,1761,2150,1130,1714,98,100,0,600,2188
tas4mixF,869,12,2150,1131,1755,82,0,154697,12375,2152,1132,1772,2150,1129,1709,98,100,0,599,2186
tas4mixF,869,13,2152,1131,1749,88,0,154743,12379,2152,1132,1767,2149,1129,1713,98,100,0,599,2186
tas4mixF,869,14,2154,1133,1751,94,0,154805,12384,2156,1133,1776,2152,1130,1719,98,100,0,600,2180
tas4mixF,869,15,2153,1132,1757,101,0,154841,12387,2154,1133,1768,2152,1130,1725,98,100,0,600,2183
tas4mixF,869,16,2156,1131,1748,107,0,154892,12391,2156,1133,1773,2153,1130,1710,98,100,0,600,2183
tas4mixF,869,17,2155,1131,1751,113,0,154926,12394,2156,1132,1767,2154,1128,1711,98,100,0,600,2188
tas4mixF,869,18,2153,1131,1749,118,0,154954,12396,2155,1132,1765,2153,1129,1717,98,100,0,600,2183
tas4mixF,869,19,2155,1133,1758,124,1,154994,12399,2158,1134,1815,2153,1130,1710,98,100,0,600,2186
tas4mixF,869,20,2155,1133,1755,130,1,155029,12402,2156,1134,1768,2155,1132,1722,98,100,0,600,2186
tas4mixF,869,21,2145,1132,1747,136,1,155025,12402,2157,1133,1771,2145,1130,1718,99,100,0,601,2157
tas4mixF,869,22,2153,1131,1751,142,1,155047,12403,2153,1133,1773,2143,1131,1697,98,100,0,601,2191
tas4mixF,869,23,2153,1132,1750,149,1,155066,12405,2155,1134,1771,2152,1130,1713,98,100,0,601,2177
tas4mixF,869,24,2154,1131,1753,155,1,155086,12406,2155,1133,1772,2153,1130,1717,98,100,0,601,2191
tas4mixF,869,25,2139,1132,1729,161,1,155057,12404,2155,1133,1768,2139,1129,1702,99,100,0,601,2157
tas4mixF,869,26,2136,1132,1727,166,1,155075,12406,2139,1134,1771,2133,1131,1707,98,100,0,601,2171
tas4mixF,869,27,2135,1133,1729,172,1,154989,12399,2136,1133,1767,2132,1130,1698,98,100,0,600,2177
tas4mixF,869,28,2139,1132,1754,178,1,154978,12398,2141,1133,1773,2135,1130,1707,99,100,0,600,2157
tas4mixF,869,29,2135,1132,1728,184,1,154945,12395,2139,1133,1762,2133,1131,1700,98,100,0,600,2174
tas4mixF,869,30,2131,1132,1727,190,1,154908,12392,2135,1133,1770,2129,1131,1704,98,100,0,600,2166
tas4mixF,869,31,2126,1132,1743,196,1,154864,12389,2131,1133,1757,2125,1130,1698,98,100,0,600,2157
tas4mixF,869,32,2140,1130,1755,202,1,154867,12389,2140,1133,1773,2126,1129,1718,97,100,0,600,2188
tas4mixF,869,33,2153,1132,1759,208,1,154939,12395,2153,1133,1775,2140,1130,1722,98,100,0,600,2191
tas4mixF,869,34,2159,1130,1756,214,1,154926,12394,2160,1133,1803,2153,1130,1719,98,100,0,600,2186
tas4mixF,869,35,2162,1130,1765,220,1,154961,12396,2162,1132,1783,2158,1130,1723,98,100,0,600,2194
tas4mixF,869,36,2158,1131,1755,226,1,154982,12398,2163,1133,1777,2158,1129,1717,98,100,0,600,2180
tas4mixF,869,37,2159,1130,1756,232,1,155049,12403,2163,1132,1784,2157,1129,1727,98,100,0,600,2191
tas4mixF,869,38,2158,1131,1743,238,1,155067,12405,2159,1132,1777,2157,1129,1721,98,100,0,600,2191
tas4mixF,869,39,2158,1130,1756,244,1,155051,12404,2160,1132,1783,2158,1130,1716,98,100,0,600,2180
tas4mixF,869,40,2157,1131,1757,250,2,155069,12405,2158,1132,1774,2157,1128,1717,98,100,0,600,2188
tas4mixF,869,41,2161,1130,1758,256,2,155094,12407,2161,1132,1788,2157,1128,1727,98,100,0,599,2194
tas4mixF,869,42,2152,1131,1755,262,2,155093,12407,2161,1132,1803,2149,1128,1716,98,100,0,600,2188
tas4mixF,869,43,2138,1130,1737,268,2,155104,12408,2153,1132,1773,2138,1129,1693,99,100,0,600,2151
tas4mixF,869,44,2148,1131,1756,274,2,155073,12405,2148,1132,1774,2137,1130,1710,97,100,0,600,2194
tas4mixF,869,45,2155,1132,1757,280,2,155090,12407,2155,1132,1776,2148,1130,1720,98,100,0,599,2191
tas4mixF,869,46,2159,1130,1772,286,2,155142,12411,2159,1132,1772,2155,1129,1724,98,100,0,600,2194
tas4mixF,869,47,2164,1129,1759,292,2,155168,12413,2164,1132,1779,2159,1129,1725,98,100,0,599,2203
tas4mixF,869,48,2164,1131,1765,298,2,155158,12412,2165,1132,1812,2162,1128,1722,98,100,0,600,2205
tas4mixF,869,49,2164,1131,1764,304,2,155180,12414,2165,1133,1783,2163,1130,1719,98,100,0,600,2188
tas4mixF,869,50,2162,1129,1799,310,2,155197,12415,2164,1132,1799,2161,1128,1712,98,100,0,599,2191
tas4mixF,869,51,2147,1131,1730,316,2,155187,12414,2162,1131,1799,2147,1128,1717,98,100,0,600,2174
tas4mixF,869,52,2144,1131,1753,322,2,155178,12414,2147,1131,1769,2141,1129,1710,98,100,0,600,2177
tas4mixF,869,53,2144,1132,1762,328,2,155171,12413,2145,1133,1773,2142,1128,1704,98,100,0,600,2186
tas4mixF,869,54,2144,1129,1729,334,2,155163,12413,2145,1132,1762,2143,1128,1722,98,100,0,600,2174
tas4mixF,869,55,2145,1131,1743,340,2,155158,12412,2145,1131,1759,2143,1128,1724,98,100,0,599,2177
tas4mixF,869,56,2148,1131,1754,346,2,155157,12412,2148,1133,1762,2144,1129,1708,98,100,0,600,2188
tas4mixF,869,57,2157,1129,1756,352,2,155171,12413,2157,1131,1764,2148,1129,1728,98,100,0,600,2188
tas4mixF,869,58,2163,1130,1765,358,2,155190,12415,2163,1131,1776,2157,1128,1732,98,100,0,600,2197
tas4mixF,869,59,2155,1130,1745,364,2,155194,12415,2163,1131,1768,2155,1129,1721,98,100,0,600,2183
tas4mixF,869,60,2152,1129,1731,370,2,155197,12415,2155,1131,1805,2152,1127,1720,98,100,0,599,2180
tas4mixF,869,61,2154,1129,1751,376,3,155204,12416,2155,1130,1806,2152,1128,1731,98,100,0,600,2183
tas4mixF,869,62,2157,1131,1755,382,3,155212,12417,2158,1132,1767,2153,1128,1723,98,100,0,600,2186
tas4mixF,869,63,2157,1132,1760,388,3,155221,12417,2160,1132,1770,2155,1129,1721,98,100,0,600,2194
tas4mixF,869,64,2159,1131,1760,394,3,155233,12418,2161,1132,1774,2157,1130,1731,98,100,0,599,2197
tas4mixF,869,65,2163,1131,1759,400,3,155250,12420,2163,1132,1777,2159,1130,1725,98,100,0,600,2197
tas4mixF,869,66,2166,1131,1764,406,3,155267,12421,2166,1132,1772,2163,1130,1730,98,100,0,599,2200
tas4mixF,869,67,2166,1131,1758,412,3,155308,12424,2167,1132,1770,2166,1130,1727,98,100,0,600,2188
tas4mixF,869,68,2163,1130,1746,418,3,155298,12423,2167,1132,1780,2163,1128,1723,99,100,0,600,2180
tas4mixF,869,69,2155,1130,1758,424,3,155322,12425,2163,1131,1801,2155,1128,1732,99,100,0,600,2171
tas4mixF,869,70,2160,1131,1757,430,3,155312,12424,2160,1133,1767,2154,1129,1727,98,100,0,600,2194
tas4mixF,869,71,2155,1131,1742,436,3,155317,12425,2161,1132,1765,2155,1130,1715,98,100,0,600,2177
tas4mixF,869,72,2151,1130,1752,442,3,155314,12425,2155,1132,1762,2150,1128,1724,98,100,0,600,2183
tas4mixF,869,73,2149,1132,1747,448,3,155312,12425,2151,1133,1761,2149,1129,1721,98,100,0,600,2180
tas4mixF,869,74,2148,1130,1749,454,3,155310,12424,2149,1132,1762,2148,1129,1718,98,100,0,600,2177
tas4mixF,869,75,2151,1132,1750,460,3,155312,12425,2151,1132,1761,2148,1129,1725,98,100,0,600,2186
tas4mixF,869,76,2151,1130,1744,466,3,155333,12426,2152,1132,1795,2151,1129,1722,98,100,0,600,2177
tas4mixF,869,77,2149,1131,1764,472,3,155312,12425,2151,1132,1771,2149,1129,1725,98,100,0,600,2177
tas4mixF,869,78,2149,1131,1731,478,3,155310,12424,2152,1132,1764,2149,1130,1706,98,100,0,600,2177
tas4mixF,869,79,2155,1131,1757,484,3,155315,12425,2155,1133,1766,2147,1130,1727,98,100,0,600,2188
tas4mixF,869,80,2162,1130,1763,490,3,155327,12426,2162,1133,1781,2155,1129,1730,98,100,0,600,2197
tas4mixF,869,81,2155,1131,1747,496,3,155329,12426,2163,1132,1770,2155,1129,1725,98,100,0,601,2180
tas4mixF,869,82,2158,1132,1798,502,4,155335,12426,2158,1132,1813,2152,1130,1726,98,100,0,601,2200
tas4mixF,869,83,2167,1130,1755,508,4,155349,12427,2167,1132,1818,2158,1129,1728,98,100,0,601,2203
tas4mixF,869,84,2170,1131,1763,514,4,155366,12429,2170,1132,1818,2166,1130,1731,98,100,0,601,2194
tas4mixF,869,85,2167,1130,1770,520,4,155379,12430,2170,1132,1770,2167,1130,1733,98,100,0,600,2191
tas4mixF,869,86,2170,1131,1766,526,4,155412,12433,2170,1132,1809,2167,1130,1733,98,100,0,600,2203
tas4mixF,869,87,2166,1131,1752,533,4,155404,12432,2170,1133,1799,2165,1131,1727,98,100,0,600,2200
tas4mixF,869,88,2165,1130,1766,539,4,155416,12433,2166,1132,1771,2165,1129,1736,98,100,0,600,2194
tas4mixF,869,89,2170,1130,1763,545,4,155431,12434,2170,1132,1814,2165,1129,1731,98,100,0,600,2208
tas4mixF,869,90,2158,1131,1748,550,4,155435,12434,2171,1132,1773,2158,1130,1721,99,100,0,600,2174
tas4mixF,869,91,2165,1130,1765,557,4,155446,12435,2165,1132,1774,2157,1130,1736,98,100,0,600,2200
tas4mixF,869,92,2171,1130,1758,563,4,155460,12436,2171,1132,1816,2165,1130,1731,98,100,0,600,2211
tas4mixF,869,93,2170,1130,1763,569,4,155473,12437,2171,1132,1810,2168,1130,1730,98,100,0,600,2203
tas4mixF,869,94,2164,1132,1765,575,4,155498,12439,2170,1132,1806,2164,1129,1727,98,100,0,599,2194
tas4mixF,869,95,2158,1130,1747,581,4,155485,12438,2166,1132,1809,2158,1129,1730,98,100,0,599,2186
tas4mixF,869,96,2158,1131,1741,587,4,155491,12439,2164,1131,1818,2158,1129,1731,99,100,0,600,2174
tas4mixF,869,97,2155,1131,1753,593,4,155490,12439,2158,1132,1809,2153,1128,1723,98,100,0,600,2186
tas4mixF,869,98,2161,1131,1762,599,4,155496,12439,2161,1132,1775,2154,1130,1722,98,100,0,599,2191
tas4mixF,869,99,2159,1131,1754,605,4,155517,12441,2165,1132,1777,2159,1130,1722,99,100,0,600,2174
tas4mixF,869,100,2149,1131,1749,611,4,155496,12439,2159,1132,1757,2149,1130,1721,98,100,0,600,2180
tas4mixF,869,101,2151,1131,1757,617,4,155495,12439,2151,1132,1768,2147,1130,1717,98,100,0,600,2191
tas4mixF,869,102,2164,1130,1766,623,4,155506,12440,2164,1132,1813,2151,1129,1731,97,100,0,600,2211
tas4mixF,869,103,2170,1131,1762,629,5,155518,12441,2170,1132,1814,2164,1129,1734,98,100,0,600,2211
tas4mixF,869,104,2168,1131,1764,635,5,155527,12442,2170,1131,1812,2168,1129,1731,98,100,0,600,2197
tas4mixF,869,105,2104,1131,1713,641,5,155512,12441,2168,1132,1770,2104,1129,1705,98,100,0,599,2134
tas4mixF,869,106,2168,1130,1766,647,5,155514,12441,2168,1131,1767,2104,1129,1704,98,100,0,600,2200
tas4mixF,869,107,2180,1131,1756,653,5,155517,12441,2180,1132,1824,2168,1129,1740,97,100,0,600,2231
tas4mixF,869,108,2174,1130,1763,659,5,155545,12443,2182,1131,1816,2174,1128,1738,98,100,0,600,2203
tas4mixF,869,109,2172,1128,1769,665,5,155555,12444,2174,1131,1787,2168,1127,1725,98,100,0,600,2205
tas4mixF,869,110,2174,1130,1769,671,5,155555,12444,2174,1132,1788,2172,1127,1748,98,100,0,600,2205
tas4mixF,869,111,2173,1129,1763,677,5,155567,12445,2174,1132,1778,2173,1128,1752,98,100,0,600,2203
tas4mixF,869,112,2158,1130,1744,683,5,155567,12445,2173,1131,1774,2158,1128,1718,98,100,0,600,2183
tas4mixF,869,113,2151,1127,1748,689,5,155563,12445,2158,1131,1766,2151,1127,1729,98,100,0,600,2177
tas4mixF,869,114,2152,1127,1758,695,5,155563,12445,2153,1130,1781,2150,1127,1732,98,100,0,600,2177
tas4mixF,869,115,2164,1128,1778,701,5,155570,12445,2164,1129,1810,2152,1127,1742,98,100,0,600,2205
tas4mixF,869,116,2179,1129,1762,707,5,155587,12447,2179,1130,1859,2164,1127,1749,97,100,0,600,2240
tas4mixF,869,117,2176,1128,1764,713,5,155600,12448,2179,1130,1790,2176,1126,1747,98,100,0,600,2205
tas4mixF,869,118,2170,1128,1753,719,5,155608,12448,2176,1130,1789,2170,1127,1742,99,100,0,600,2180
tas4mixF,869,119,2169,1129,1764,725,5,155615,12449,2170,1130,1782,2163,1126,1739,98,100,0,600,2205
tas4mixF,869,120,2173,1127,1772,731,5,155626,12450,2173,1129,1782,2169,1126,1748,98,100,0,600,2203
tas4mixF,869,121,2172,1127,1769,737,5,155637,12450,2174,1128,1789,2171,1126,1729,98,100,0,600,2205
tas4mixF,869,122,2172,1127,1770,743,5,155647,12451,2173,1129,1785,2172,1127,1745,98,100,0,600,2200
tas4mixF,869,123,2172,1128,1773,750,6,155657,12452,2173,1129,1781,2172,1126,1741,98,100,0,601,2200
tas4mixF,869,124,2174,1128,1765,756,6,155668,12453,2175,1129,1792,2172,1126,1743,98,100,0,601,2203
tas4mixF,869,125,2151,1127,1747,762,6,155663,12453,2174,1129,1783,2151,1126,1733,99,100,0,601,2166
tas4mixF,869,126,2148,1127,1739,768,6,155658,12452,2151,1129,1783,2148,1126,1729,98,100,0,600,2177
tas4mixF,869,127,2144,1127,1752,774,6,155662,12453,2148,1129,1772,2142,1126,1713,98,100,0,600,2177
tas4mixF,869,128,2146,1127,1749,779,6,155646,12451,2147,1128,1773,2144,1126,1726,98,100,0,600,2177
tas4mixF,869,129,2161,1127,1775,786,6,155663,12453,2161,1128,1815,2146,1126,1736,98,100,0,600,2200
tas4mixF,869,130,2171,1128,1777,792,6,155661,12452,2171,1128,1823,2161,1126,1740,98,100,0,601,2203
tas4mixF,869,131,2173,1129,1771,798,6,155671,12453,2173,1129,1789,2171,1126,1755,98,100,0,600,2205
tas4mixF,869,132,2172,1128,1775,804,6,155692,12455,2174,1129,1786,2172,1128,1746,98,100,0,599,2200
tas4mixF,869,133,2174,1125,1768,810,6,155690,12455,2174,1129,1787,2172,1125,1751,98,100,0,600,2208
tas4mixF,869,134,2175,1127,1778,816,6,155712,12457,2176,1128,1795,2174,1125,1747,98,100,0,600,2205
tas4mixF,869,135,2174,1128,1773,822,6,155710,12456,2175,1129,1784,2174,1127,1744,98,100,0,601,2205
tas4mixF,869,136,2172,1129,1749,828,6,155718,12457,2175,1129,1788,2172,1126,1727,98,100,0,600,2194
tas4mixF,869,137,2156,1128,1759,834,6,155715,12457,2172,1129,1799,2156,1126,1733,98,100,0,600,2183
tas4mixF,869,138,2166,1127,1764,840,6,155721,12457,2166,1128,1819,2153,1126,1743,98,100,0,600,2203
tas4mixF,869,139,2171,1127,1773,846,6,155729,12458,2171,1129,1794,2166,1126,1761,98,100,0,600,2200
tas4mixF,869,140,2174,1127,1777,852,6,155738,12459,2174,1129,1786,2171,1126,1745,98,100,0,600,2203
tas4mixF,869,141,2174,1128,1772,858,6,155748,12459,2175,1129,1788,2174,1126,1742,98,100,0,600,2203
tas4mixF,869,142,2175,1127,1772,864,6,155756,12460,2175,1129,1819,2174,1127,1744,98,100,0,601,2203
tas4mixF,869,143,2153,1128,1746,870,6,155752,12460,2175,1129,1786,2153,1127,1720,99,100,0,601,2174
tas4mixF,869,144,2146,1128,1737,876,7,155745,12459,2153,1128,1776,2146,1127,1717,98,100,0,600,2174
tas4mixF,869,145,2153,1127,1774,882,7,155744,12459,2153,1128,1821,2146,1125,1735,97,100,0,600,2208
tas4mixF,869,146,2149,1128,1754,888,7,155751,12460,2157,1128,1784,2149,1126,1721,99,100,0,600,2168
tas4mixF,869,147,2152,1127,1746,894,7,155748,12459,2152,1128,1781,2149,1126,1735,98,100,0,600,2186
tas4mixF,869,148,2152,1126,1766,900,7,155736,12458,2152,1129,1774,2150,1126,1734,98,100,0,600,2180
tas4mixF,869,149,2151,1127,1771,906,7,155734,12458,2154,1129,1781,2151,1126,1705,98,100,0,600,2180
tas4mixF,869,150,2165,1127,1713,912,7,155740,12459,2168,1128,1824,2151,1125,1713,99,100,0,600,2177
tas4mixF,869,151,2111,1126,1735,918,7,155721,12457,2165,1128,1753,2099,1125,1709,98,100,0,600,2146
tas4mixF,869,152,2150,1126,1773,924,7,155725,12458,2150,1127,1783,2111,1124,1735,97,100,0,600,2194
tas4mixF,869,153,2160,1127,1770,930,7,155729,12458,2160,1128,1782,2150,1125,1735,98,100,0,600,2191
tas4mixF,869,154,2161,1128,1763,936,7,155731,12458,2162,1129,1778,2160,1126,1730,98,100,0,600,2191
tas4mixF,869,155,2165,1126,1769,942,7,155736,12458,2166,1129,1784,2161,1125,1721,98,100,0,601,2200
tas4mixF,869,156,2165,1126,1764,948,7,155740,12459,2166,1128,1782,2165,1125,1744,98,100,0,601,2191
tas4mixF,869,157,2164,1126,1758,954,7,155753,12460,2166,1128,1818,2164,1125,1755,98,100,0,601,2191
tas4mixF,869,158,2162,1127,1764,960,7,155746,12459,2164,1128,1770,2161,1126,1723,98,100,0,601,2191
tas4mixF,869,159,2154,1127,1759,966,7,155745,12459,2162,1129,1770,2154,1126,1741,98,100,0,601,2177
tas4mixF,869,160,2148,1126,1756,972,7,155749,12459,2154,1128,1761,2148,1126,1735,98,100,0,601,2171
tas4mixF,869,161,2143,1127,1755,978,7,155734,12458,2148,1129,1759,2143,1126,1714,99,100,0,601,2160
tas4mixF,869,162,2145,1127,1750,984,7,155729,12458,2146,1129,1764,2143,1126,1733,98,100,0,601,2171
tas4mixF,869,163,2147,1126,1747,990,7,155725,12458,2147,1129,1759,2145,1126,1743,98,100,0,600,2177
tas4mixF,869,164,2145,1129,1747,996,7,155720,12457,2147,1129,1774,2144,1126,1737,98,100,0,600,2177
tas4mixF,869,165,2145,1127,1752,1002,8,155715,12457,2146,1129,1758,2144,1126,1729,98,100,0,600,2177
tas4mixF,869,166,2145,1128,1746,1008,8,155710,12456,2146,1129,1759,2145,1125,1735,98,100,0,600,2174
tas4mixF,869,167,2146,1133,1740,1014,8,155706,12456,2147,1135,1755,2145,1127,1734,98,100,0,600,2177
tas4mixF,869,168,2156,1131,1753,1020,8,155707,12456,2156,1134,1763,2146,1131,1710,98,100,0,600,2188
tas4mixF,869,169,2163,1133,1750,1026,8,155711,12456,2163,1135,1806,2156,1131,1736,98,100,0,599,2194
tas4mixF,869,170,2164,1134,1759,1032,8,155714,12457,2164,1135,1764,2162,1130,1739,98,100,0,600,2194
tas4mixF,869,171,2164,1134,1754,1038,8,155718,12457,2166,1135,1802,2164,1131,1737,98,100,0,600,2194
tas4mixF,869,172,2164,1134,1753,1044,8,155721,12457,2164,1135,1761,2163,1133,1735,98,100,0,600,2197
tas4mixF,869,173,2164,1134,1757,1050,8,155725,12458,2165,1135,1798,2164,1133,1738,98,100,0,600,2194
tas4mixF,869,174,2166,1135,1756,1056,8,155729,12458,2167,1136,1807,2164,1134,1734,98,100,0,600,2197
tas4mixF,869,175,2164,1136,1753,1062,8,155732,12458,2166,1136,1760,2164,1133,1745,98,100,0,599,2191
tas4mixF,869,176,2165,1134,1753,1068,8,155744,12459,2165,1136,1764,2163,1133,1730,98,100,0,600,2200
tas4mixF,869,177,2165,1134,1751,1074,8,155738,12459,2165,1135,1774,2164,1133,1736,98,100,0,600,2197
tas4mixF,869,178,2162,1134,1753,1080,8,155749,12459,2165,1136,1760,2162,1132,1730,98,100,0,600,2194
tas4mixF,869,179,2163,1134,1751,1087,8,155743,12459,2163,1135,1760,2162,1132,1734,98,100,0,600,2197
tas4mixF,869,180,2165,1134,1760,1093,8,155747,12459,2165,1135,1804,2163,1132,1734,98,100,0,600,2197
tas4mixF,869,181,2163,1134,1753,1098,8,155749,12459,2166,1135,1764,2163,1132,1730,98,100,0,600,2194
tas4mixF,869,182,2162,1135,1748,1104,8,155751,12460,2163,1135,1760,2162,1132,1734,98,100,0,600,2194
tas4mixF,869,183,2165,1134,1754,1111,8,155755,12460,2165,1135,1763,2162,1133,1737,98,100,0,600,2197
tas4mixF,869,184,2163,1133,1754,1117,8,155766,12461,2168,1135,1806,2163,1132,1728,98,100,0,600,2197
tas4mixF,869,185,2166,1133,1751,1123,8,155761,12460,2166,1134,1806,2163,1132,1750,98,100,0,600,2197
tas4mixF,869,186,2161,1134,1740,1129,9,155764,12461,2167,1134,1804,2161,1131,1734,99,100,0,600,2174
tas4mixF,869,187,2155,1133,1758,1135,9,155762,12461,2161,1135,1798,2154,1132,1733,98,100,0,600,2197
tas4mixF,869,188,2162,1135,1753,1141,9,155765,12461,2162,1135,1807,2155,1133,1734,98,100,0,600,2194
tas4mixF,869,189,2165,1135,1753,1147,9,155769,12461,2165,1135,1801,2162,1132,1734,98,100,0,600,2197
tas4mixF,869,190,2168,1134,1757,1153,9,155774,12461,2169,1136,1803,2165,1133,1738,98,100,0,599,2197
tas4mixF,869,191,2166,1134,1756,1159,9,155777,12462,2168,1135,1804,2166,1132,1738,98,100,0,600,2194
tas4mixF,869,192,2167,1132,1760,1165,9,155781,12462,2168,1134,1810,2166,1130,1739,98,100,0,599,2194
tas4mixF,869,193,2160,1134,1754,1171,9,155781,12462,2168,1134,1798,2160,1131,1740,98,100,0,600,2191
tas4mixF,869,194,2166,1133,1757,1177,9,155786,12462,2166,1135,1805,2160,1132,1733,98,100,0,600,2197
tas4mixF,869,195,2162,1135,1740,1183,9,155787,12463,2167,1135,1799,2162,1132,1700,99,100,0,600,2177
tas4mixF,869,196,2166,1135,1758,1189,9,155791,12463,2166,1135,1802,2160,1133,1733,98,100,0,599,2200
tas4mixF,869,197,2168,1134,1754,1195,9,155795,12463,2168,1135,1807,2166,1133,1740,98,100,0,600,2200
tas4mixF,869,198,2168,1134,1754,1201,9,155799,12463,2168,1135,1803,2167,1133,1736,98,100,0,599,2197
tas4mixF,869,199,2169,1134,1757,1207,9,155803,12464,2169,1135,1808,2168,1131,1738,98,100,0,600,2200
tas4mixF,869,200,2170,1134,1756,1213,9,155807,12464,2170,1135,1806,2168,1132,1737,98,100,0,600,2205
tas4mixF,869,201,2167,1133,1755,1219,9,155810,12464,2170,1135,1766,2167,1131,1736,98,100,0,600,2194
tas4mixF,869,202,2168,1133,1758,1225,9,155814,12465,2169,1134,1803,2166,1131,1729,98,100,0,600,2200
tas4mixF,869,203,2169,1132,1760,1231,9,155826,12466,2170,1135,1808,2168,1132,1739,98,100,0,600,2197
tas4mixF,869,204,2169,1133,1753,1237,9,155822,12465,2170,1135,1807,2169,1131,1740,98,100,0,600,2197
tas4mixF,869,205,2166,1135,1759,1243,9,155825,12466,2169,1135,1801,2165,1131,1714,98,100,0,600,2197
tas4mixF,869,206,2174,1135,1756,1249,10,155832,12466,2177,1135,1826,2166,1133,1734,98,100,0,600,2203
tas4mixF,869,207,2174,1135,1773,1255,10,155837,12467,2174,1135,1808,2173,1133,1732,98,100,0,599,2208
tas4mixF,869,208,2172,1133,1753,1262,10,155841,12467,2174,1135,1805,2171,1133,1732,98,100,0,600,2200
tas4mixF,869,209,2169,1135,1762,1268,10,155845,12467,2172,1135,1781,2169,1133,1740,98,100,0,600,2194
tas4mixF,869,210,2171,1134,1762,1274,10,155849,12467,2171,1136,1804,2169,1133,1748,98,100,0,600,2197
tas4mixF,869,211,2160,1135,1761,1280,10,155850,12468,2172,1136,1811,2160,1133,1729,99,100,0,600,2177
tas4mixF,869,212,2164,1134,1777,1286,10,155853,12468,2164,1135,1777,2160,1133,1730,98,100,0,600,2197
tas4mixF,869,213,2167,1135,1761,1292,10,155856,12468,2167,1136,1777,2164,1132,1747,98,100,0,600,2200
tas4mixF,869,214,2164,1134,1754,1298,10,155857,12468,2167,1135,1803,2161,1133,1705,98,100,0,600,2197
tas4mixF,869,215,2167,1134,1754,1304,10,155860,12468,2167,1135,1772,2164,1133,1746,98,100,0,600,2200
tas4mixF,869,216,2168,1133,1763,1310,10,155871,12469,2168,1135,1769,2166,1132,1736,98,100,0,601,2200
tas4mixF,869,217,2170,1134,1756,1316,10,155875,12470,2170,1135,1772,2168,1133,1738,98,100,0,601,2200
tas4mixF,869,218,2168,1134,1754,1322,10,155871,12469,2171,1136,1804,2168,1132,1732,98,100,0,601,2197
tas4mixF,869,219,2170,1134,1758,1328,10,155875,12470,2170,1135,1805,2168,1133,1732,98,100,0,600,2200
tas4mixF,869,220,2169,1134,1763,1334,10,155878,12470,2171,1135,1800,2168,1133,1728,98,100,0,600,2200
tas4mixF,869,221,2175,1134,1765,1340,10,155883,12470,2175,1135,1845,2167,1132,1736,98,100,0,600,2205
tas4mixF,869,222,2172,1135,1758,1346,10,155888,12471,2179,1135,1844,2172,1132,1735,98,100,0,600,2208
tas4mixF,869,223,2170,1134,1762,1352,10,155891,12471,2172,1135,1810,2170,1133,1739,98,100,0,601,2203
tas4mixF,869,224,2169,1135,1759,1358,10,155895,12471,2170,1135,1768,2169,1133,1736,98,100,0,601,2197
tas4mixF,869,225,2156,1134,1741,1364,10,155893,12471,2169,1136,1765,2156,1134,1724,98,100,0,601,2180
tas4mixF,869,226,2154,1135,1746,1370,10,155891,12471,2156,1136,1769,2152,1133,1729,98,100,0,600,2180
tas4mixF,869,227,2165,1134,1759,1376,11,155894,12471,2165,1135,1768,2154,1134,1716,98,100,0,600,2200
tas4mixF,869,228,2168,1134,1756,1382,11,155897,12471,2168,1135,1803,2165,1133,1740,98,100,0,599,2200
tas4mixF,869,229,2168,1134,1758,1388,11,155906,12472,2168,1135,1766,2167,1133,1738,98,100,0,600,2200
tas4mixF,869,230,2175,1134,1760,1394,11,155906,12472,2176,1135,1820,2168,1132,1747,98,100,0,600,2200
tas4mixF,869,231,2171,1134,1758,1401,11,155909,12472,2175,1134,1773,2171,1132,1741,98,100,0,599,2197
tas4mixF,869,232,2170,1134,1760,1406,11,155920,12473,2171,1135,1809,2170,1133,1736,98,100,0,599,2194
tas4mixF,869,233,2171,1134,1765,1412,11,155917,12473,2172,1135,1810,2170,1133,1734,98,100,0,600,2197
tas4mixF,869,234,2171,1133,1757,1419,11,155921,12473,2173,1135,1807,2171,1132,1740,98,100,0,600,2197
tas4mixF,869,235,2171,1134,1759,1425,11,155924,12473,2171,1134,1807,2170,1132,1747,98,100,0,600,2200
tas4mixF,869,236,2173,1133,1765,1431,11,155928,12474,2173,1135,1811,2170,1132,1733,98,100,0,600,2200
tas4mixF,869,237,2171,1132,1760,1437,11,155932,12474,2173,1134,1773,2171,1131,1740,98,100,0,599,2200
tas4mixF,869,238,2171,1133,1764,1443,11,155942,12475,2171,1133,1770,2170,1130,1740,98,100,0,599,2203
tas4mixF,869,239,2172,1131,1764,1449,11,155946,12475,2172,1134,1775,2171,1130,1744,98,100,0,600,2203
tas4mixF,869,240,2174,1133,1766,1455,11,155944,12475,2174,1134,1776,2172,1130,1740,98,100,0,600,2203
tas4mixF,869,241,2172,1134,1758,1461,11,155947,12475,2174,1135,1767,2172,1131,1740,98,100,0,600,2203
tas4mixF,869,242,2161,1133,1744,1467,11,155947,12475,2172,1135,1765,2161,1131,1723,99,100,0,600,2180
tas4mixF,869,243,2152,1132,1748,1473,11,155944,12475,2161,1134,1750,2152,1132,1715,98,100,0,600,2180
tas4mixF,869,244,2149,1131,1754,1479,11,155941,12475,2152,1134,1761,2149,1131,1726,98,100,0,600,2174
tas4mixF,869,245,2158,1133,1733,1485,11,155941,12475,2160,1134,1794,2149,1131,1732,98,100,0,599,2180
tas4mixF,869,246,2151,1136,1756,1491,11,155938,12475,2158,1136,1762,2151,1132,1723,98,100,0,600,2183
tas4mixF,869,247,2149,1135,1742,1497,11,155935,12474,2153,1136,1792,2149,1133,1714,99,100,0,600,2168
tas4mixF,869,248,2160,1134,1754,1503,12,155936,12474,2160,1136,1779,2149,1133,1712,98,100,0,600,2197
tas4mixF,869,249,2166,1135,1752,1509,12,155938,12475,2166,1137,1802,2160,1132,1747,98,100,0,599,2200
tas4mixF,869,250,2170,1135,1774,1515,12,155942,12475,2170,1137,1804,2166,1133,1734,98,100,0,600,2208
tas4mixF,869,251,2170,1136,1758,1521,12,155945,12475,2170,1136,1780,2169,1134,1739,98,100,0,600,2197
tas4mixF,869,252,2161,1136,1746,1527,12,155944,12475,2170,1137,1790,2161,1134,1730,98,100,0,600,2186
tas4mixF,869,253,2156,1135,1758,1533,12,155942,12475,2161,1137,1768,2152,1134,1675,98,100,0,600,2197
tas4mixF,869,254,2163,1135,1716,1539,12,155944,12475,2163,1136,1769,2156,1134,1715,98,100,0,600,2200
tas4mixF,869,255,2165,1135,1749,1545,12,155951,12476,2165,1136,1770,2161,1133,1711,98,100,0,600,2197
tas4mixF,869,256,2164,1135,1754,1551,12,155953,12476,2165,1136,1767,2164,1133,1744,98,100,0,600,2197
tas4mixF,869,257,2165,1135,1762,1557,12,155954,12476,2165,1136,1778,2163,1133,1736,98,100,0,600,2200
tas4mixF,869,258,2168,1135,1760,1563,12,155957,12476,2168,1135,1779,2165,1132,1739,98,100,0,600,2203
tas4mixF,869,259,2169,1134,1755,1569,12,155954,12476,2169,1136,1778,2168,1134,1733,98,100,0,600,2203
tas4mixF,869,260,2171,1133,1756,1575,12,155957,12476,2171,1136,1811,2169,1132,1740,98,100,0,600,2205
tas4mixF,869,261,2172,1134,1756,1581,12,155960,12476,2172,1135,1810,2170,1132,1735,98,100,0,599,2214
tas4mixF,869,262,2170,1133,1766,1587,12,155963,12477,2173,1135,1780,2170,1132,1750,98,100,0,600,2200
tas4mixF,869,263,2169,1134,1758,1593,12,155965,12477,2170,1135,1779,2169,1132,1732,98,100,0,600,2197
tas4mixF,869,264,2155,1134,1740,1599,12,155963,12477,2169,1135,1770,2155,1133,1715,98,100,0,600,2180
tas4mixF,869,265,2151,1135,1723,1605,12,155960,12476,2155,1135,1766,2149,1133,1723,98,100,0,600,2188
tas4mixF,869,266,2152,1135,1745,1611,12,155959,12476,2154,1136,1796,2151,1134,1723,98,100,0,600,2174
tas4mixF,869,267,2166,1134,1757,1618,12,155962,12476,2166,1136,1809,2152,1133,1722,98,100,0,600,2200
tas4mixF,869,268,2164,1135,1760,1624,12,155962,12477,2166,1135,1802,2161,1133,1723,98,100,0,600,2197
tas4mixF,869,269,2168,1135,1755,1630,13,155965,12477,2168,1135,1772,2164,1133,1743,98,100,0,600,2200
tas4mixF,869,270,2168,1134,1763,1636,13,155967,12477,2168,1135,1778,2167,1133,1735,98,100,0,600,2200
tas4mixF,869,271,2169,1133,1761,1642,13,155970,12477,2170,1135,1773,2168,1132,1739,98,100,0,600,2197
tas4mixF,869,272,2169,1134,1752,1648,13,155972,12477,2171,1135,1801,2169,1132,1736,98,100,0,600,2200
tas4mixF,869,273,2169,1133,1749,1654,13,155975,12478,2169,1135,1778,2169,1132,1736,98,100,0,600,2203
tas4mixF,869,274,2170,1134,1758,1660,13,155977,12478,2170,1134,1813,2168,1132,1747,98,100,0,600,2208
tas4mixF,869,275,2167,1134,1751,1666,13,155979,12478,2170,1135,1802,2167,1132,1734,98,100,0,600,2197
tas4mixF,869,276,2164,1135,1754,1672,13,155980,12478,2167,1135,1764,2164,1133,1732,98,100,0,600,2194
tas4mixF,869,277,2164,1134,1757,1678,13,155981,12478,2165,1135,1771,2164,1133,1732,98,100,0,600,2197
tas4mixF,869,278,2162,1133,1742,1684,13,155981,12478,2164,1135,1764,2162,1133,1735,99,100,0,599,2180
tas4mixF,869,279,2151,1134,1741,1690,13,155979,12478,2162,1135,1753,2151,1132,1703,98,100,0,600,2180
tas4mixF,869,280,2151,1132,1745,1696,13,155976,12478,2152,1135,1753,2151,1131,1725,98,100,0,600,2180
tas4mixF,869,281,2160,1134,1755,1702,13,155977,12478,2160,1134,1803,2150,1131,1736,98,100,0,600,2194
tas4mixF,869,282,2166,1132,1759,1708,13,155979,12478,2166,1134,1775,2160,1128,1750,98,100,0,600,2203
tas4mixF,869,283,2166,1131,1757,1714,13,155980,12478,2166,1134,1803,2166,1131,1751,98,100,0,599,2194
tas4mixF,869,284,2168,1133,1763,1720,13,155982,12478,2168,1133,1808,2166,1130,1737,98,100,0,600,2200
tas4mixF,869,285,2169,1134,1773,1726,13,155985,12478,2169,1134,1807,2168,1131,1743,98,100,0,600,2203
tas4mixF,869,286,2167,1134,1757,1732,13,155986,12478,2169,1134,1775,2167,1131,1740,98,100,0,599,2200
tas4mixF,869,287,2167,1134,1755,1738,13,155988,12479,2167,1135,1766,2166,1131,1734,98,100,0,600,2197
tas4mixF,869,288,2167,1135,1756,1744,13,155990,12479,2167,1135,1765,2166,1133,1736,98,100,0,600,2200
tas4mixF,869,289,2168,1134,1755,1750,14,155992,12479,2169,1135,1801,2167,1133,1738,98,100,0,600,2194
tas4mixF,869,290,2167,1133,1756,1756,14,155993,12479,2168,1135,1806,2166,1133,1738,98,100,0,600,2197
tas4mixF,869,291,2166,1134,1770,1762,14,155995,12479,2167,1135,1808,2166,1132,1745,98,100,0,600,2197
tas4mixF,869,292,2167,1134,1758,1768,14,155997,12479,2168,1135,1770,2166,1133,1738,98,100,0,599,2197
tas4mixF,869,293,2168,1133,1754,1774,14,155999,12479,2168,1135,1809,2167,1132,1734,98,100,0,600,2200
tas4mixF,869,294,2168,1134,1756,1780,14,156001,12480,2168,1134,1803,2167,1132,1750,98,100,0,600,2197
tas4mixF,869,295,2167,1134,1756,1786,14,156002,12480,2168,1134,1809,2165,1131,1714,98,100,0,600,2208
tas4mixF,869,296,2166,1132,1756,1793,14,156004,12480,2168,1134,1807,2166,1131,1736,98,100,0,600,2197
tas4mixF,869,297,2167,1131,1757,1799,14,156005,12480,2167,1133,1809,2166,1130,1739,98,100,0,600,2197
tas4mixF,869,298,2167,1133,1756,1805,14,156012,12481,2168,1134,1808,2167,1131,1743,98,100,0,600,2197
tas4mixF,869,299,2168,1131,1760,1810,14,156009,12480,2168,1134,1805,2165,1130,1737,98,100,0,600,2205
tas4mixF,869,300,2168,1133,1764,1817,14,156011,12480,2168,1134,1809,2167,1130,1734,98,100,0,600,2200
tas4mixF,869,301,2171,1134,1757,1823,14,156014,12481,2171,1135,1810,2168,1131,1741,98,100,0,600,2203
tas4mixF,869,302,2171,1133,1758,1829,14,156016,12481,2172,1134,1804,2170,1132,1752,98,100,0,600,2208
tas4mixF,869,303,2170,1133,1759,1835,14,156018,12481,2172,1135,1808,2170,1133,1739,98,100,0,600,2197
tas4mixF,869,304,2165,1132,1746,1841,14,156024,12481,2170,1134,1769,2165,1132,1710,99,100,0,600,2180
tas4mixF,869,305,2161,1133,1760,1847,14,156019,12481,2165,1134,1799,2160,1131,1735,98,100,0,600,2194
tas4mixF,869,306,2167,1133,1776,1853,14,156021,12481,2168,1134,1809,2161,1131,1750,98,100,0,600,2197
tas4mixF,869,307,2171,1131,1764,1859,14,156024,12481,2171,1133,1815,2167,1131,1741,98,100,0,600,2197
tas4mixF,869,308,2171,1131,1762,1865,14,156026,12482,2171,1132,1814,2170,1129,1746,98,100,0,600,2200
tas4mixF,869,309,2165,1132,1758,1871,14,156026,12482,2171,1133,1803,2163,1130,1740,98,100,0,600,2197
tas4mixF,869,310,2168,1133,1761,1877,15,156028,12482,2168,1133,1810,2165,1131,1742,98,100,0,600,2200
tas4mixF,869,311,2171,1131,1765,1883,15,156036,12482,2171,1133,1812,2168,1130,1741,98,100,0,600,2197
tas4mixF,869,312,2170,1132,1756,1889,15,156033,12482,2172,1133,1808,2170,1130,1742,98,100,0,600,2200
tas4mixF,869,313,2158,1132,1747,1895,15,156032,12482,2170,1134,1805,2158,1130,1723,98,100,0,600,2183
tas4mixF,869,314,2159,1133,1745,1901,15,156032,12482,2159,1134,1800,2157,1130,1738,98,100,0,600,2197
tas4mixF,869,315,2158,1133,1751,1907,15,156031,12482,2161,1134,1804,2157,1131,1706,98,100,0,600,2188
tas4mixF,869,316,2153,1133,1711,1913,15,156029,12482,2158,1134,1774,2153,1131,1702,98,100,0,600,2183
tas4mixF,869,317,2164,1133,1759,1919,15,156030,12482,2164,1134,1812,2151,1132,1711,98,100,0,600,2205
tas4mixF,869,318,2169,1133,1764,1925,15,156033,12482,2169,1134,1811,2164,1130,1748,98,100,0,600,2200
tas4mixF,869,319,2169,1132,1762,1931,15,156035,12482,2171,1134,1808,2169,1131,1739,98,100,0,600,2200
tas4mixF,869,320,2169,1133,1757,1937,15,156037,12482,2169,1134,1810,2168,1131,1741,98,100,0,601,2208
tas4mixF,869,321,2170,1132,1763,1943,15,156039,12483,2170,1134,1812,2169,1131,1741,98,100,0,601,2197
tas4mixF,869,322,2186,1132,1797,1949,15,156045,12483,2186,1134,1844,2170,1131,1754,96,100,0,600,2257
tas4mixF,869,323,2169,1132,1745,1955,15,156045,12483,2189,1134,1825,2169,1131,1733,99,100,0,599,2188
tas4mixF,869,324,2163,1134,1760,1962,15,156045,12483,2169,1134,1807,2163,1131,1741,98,100,0,600,2191
tas4mixF,869,325,2169,1132,1766,1968,15,156047,12483,2169,1134,1807,2162,1131,1732,98,100,0,600,2203
tas4mixF,869,326,2171,1132,1762,1974,15,156055,12484,2172,1133,1813,2169,1130,1745,98,100,0,600,2200
tas4mixF,869,327,2173,1131,1769,1980,15,156053,12484,2173,1133,1813,2171,1128,1745,98,100,0,600,2211
tas4mixF,869,328,2174,1132,1756,1986,15,156055,12484,2174,1132,1817,2172,1129,1742,98,100,0,600,2203
tas4mixF,869,329,2172,1131,1766,1992,15,156058,12484,2174,1132,1809,2172,1129,1744,98,100,0,600,2197
tas4mixF,869,330,2178,1132,1762,1998,15,156066,12485,2178,1132,1849,2172,1128,1752,97,100,0,600,2242
tas4mixF,869,331,2174,1133,1762,2004,16,156064,12485,2182,1134,1823,2174,1130,1745,98,100,0,600,2200
tas4mixF,869,332,2172,1134,1760,2010,16,156067,12485,2175,1134,1805,2172,1131,1737,98,100,0,600,2197
tas4mixF,869,333,2170,1132,1745,2016,16,156068,12485,2172,1134,1771,2170,1131,1738,98,100,0,600,2197
tas4mixF,869,334,2172,1133,1759,2022,16,156071,12485,2172,1134,1811,2169,1130,1745,98,100,0,600,2200
tas4mixF,869,335,2174,1133,1769,2028,16,156078,12486,2174,1133,1810,2171,1130,1743,98,100,0,600,2211
tas4mixF,869,336,2163,1131,1757,2034,16,156078,12486,2175,1133,1803,2162,1130,1731,98,100,0,600,2200
tas4mixF,869,337,2170,1132,1765,2040,16,156075,12486,2170,1132,1808,2163,1129,1755,98,100,0,600,2205
tas4mixF,869,338,2172,1132,1767,2046,16,156078,12486,2172,1133,1811,2170,1129,1741,98,100,0,600,2203
tas4mixF,869,339,2173,1133,1762,2052,16,156080,12486,2173,1133,1770,2172,1130,1750,98,100,0,600,2203
tas4mixF,869,340,2173,1130,1767,2058,16,156087,12487,2173,1133,1771,2173,1129,1743,98,100,0,600,2203
tas4mixF,869,341,2174,1130,1766,2064,16,156085,12486,2174,1131,1774,2173,1129,1746,98,100,0,600,2203
tas4mixF,869,342,2174,1131,1764,2070,16,156088,12487,2175,1131,1772,2174,1129,1751,98,100,0,600,2200
tas4mixF,869,343,2173,1131,1766,2076,16,156090,12487,2174,1133,1768,2173,1130,1744,98,100,0,600,2200
tas4mixF,869,344,2173,1130,1766,2083,16,156098,12487,2174,1132,1776,2173,1129,1748,98,100,0,600,2200
tas4mixF,869,345,2174,1132,1757,2089,16,156096,12487,2175,1133,1816,2173,1130,1740,98,100,0,600,2208
tas4mixF,869,346,2172,1133,1761,2095,16,156098,12487,2174,1134,1811,2172,1131,1753,98,100,0,600,2194
tas4mixF,869,347,2172,1131,1764,2101,16,156104,12488,2172,1133,1785,2171,1131,1740,98,100,0,600,2203
tas4mixF,869,348,2173,1130,1771,2107,16,156102,12488,2173,1132,1813,2172,1130,1741,98,100,0,600,2200
tas4mixF,869,349,2171,1132,1757,2113,16,156104,12488,2173,1133,1809,2171,1130,1747,98,100,0,600,2208
tas4mixF,869,350,2173,1132,1761,2119,16,156107,12488,2173,1134,1810,2171,1130,1735,98,100,0,600,2205
tas4mixF,869,351,2164,1132,1750,2125,17,156106,12488,2174,1134,1802,2164,1131,1729,98,100,0,600,2191
tas4mixF,869,352,2169,1133,1754,2131,17,156108,12488,2169,1135,1811,2163,1131,1743,98,100,0,599,2197
tas4mixF,869,353,2171,1134,1758,2137,17,156111,12488,2172,1135,1804,2169,1132,1741,98,100,0,600,2200
tas4mixF,869,354,2174,1135,1757,2143,17,156113,12489,2174,1135,1804,2171,1131,1744,98,100,0,600,2205
tas4mixF,869,355,2173,1134,1758,2149,17,156115,12489,2174,1135,1813,2173,1133,1737,98,100,0,600,2197
tas4mixF,869,356,2171,1133,1763,2155,17,156117,12489,2173,1135,1784,2171,1131,1753,98,100,0,600,2197
tas4mixF,869,357,2173,1134,1757,2161,17,156120,12489,2174,1135,1806,2171,1131,1738,98,100,0,600,2203
tas4mixF,869,358,2173,1131,1763,2167,17,156122,12489,2174,1135,1786,2173,1130,1744,98,100,0,600,2203
tas4mixF,869,359,2173,1134,1768,2173,17,156124,12489,2173,1135,1806,2172,1131,1744,98,100,0,600,2203
tas4mixF,869,360,2161,1134,1747,2179,17,156128,12490,2173,1135,1774,2161,1132,1725,99,100,0,600,2177
tas4mixF,869,361,2154,1134,1755,2185,17,156126,12490,2161,1136,1761,2153,1133,1721,98,100,0,600,2186
tas4mixF,869,362,2158,1135,1745,2191,17,156121,12489,2158,1136,1803,2154,1132,1724,98,100,0,600,2191
tas4mixF,869,363,2154,1134,1752,2197,17,156119,12489,2158,1135,1769,2153,1132,1685,98,100,0,600,2188
tas4mixF,869,364,2161,1133,1764,2203,17,156119,12489,2161,1136,1807,2152,1132,1693,98,100,0,600,2203
tas4mixF,869,365,2107,1134,1712,2209,17,156113,12489,2165,1136,1777,2106,1133,1701,98,100,0,600,2134
tas4mixF,869,366,2117,1132,1721,2215,17,156105,12488,2118,1134,1752,2107,1131,1695,98,100,0,600,2140
tas4mixF,869,367,2112,1132,1715,2221,17,156095,12487,2117,1135,1733,2112,1130,1703,98,100,0,601,2143
tas4mixF,869,368,2111,1133,1708,2227,17,156085,12486,2114,1134,1735,2111,1131,1700,98,100,0,601,2143
tas4mixF,869,369,2116,1132,1729,2233,17,156076,12486,2116,1134,1736,2110,1131,1704,98,100,0,600,2149
tas4mixF,869,370,2116,1131,1709,2239,17,156067,12485,2117,1134,1744,2115,1130,1706,98,100,0,600,2143
tas4mixF,869,371,2111,1132,1711,2245,17,156057,12484,2116,1133,1734,2111,1131,1704,98,100,0,600,2134
tas4mixF,869,372,2109,1130,1723,2251,18,156047,12483,2111,1134,1733,2109,1129,1701,98,100,0,600,2140
tas4mixF,869,373,2108,1131,1715,2256,18,156037,12482,2109,1132,1732,2107,1129,1701,98,100,0,600,2137
tas4mixF,869,374,2108,1131,1714,2262,18,156027,12482,2109,1132,1733,2107,1129,1704,98,100,0,599,2137
tas4mixF,869,375,2109,1130,1717,2268,18,156017,12481,2109,1132,1734,2108,1129,1705,98,100,0,600,2146
tas4mixF,869,376,2109,1130,1719,2274,18,156007,12480,2110,1132,1724,2108,1128,1707,98,100,0,600,2143
tas4mixF,869,377,2107,1133,1710,2280,18,155997,12479,2110,1133,1725,2107,1129,1706,98,100,0,600,2137
tas4mixF,869,378,2111,1131,1714,2286,18,155992,12479,2111,1133,1725,2107,1130,1706,98,100,0,600,2143
tas4mixF,869,379,2111,1132,1709,2292,18,155979,12478,2112,1133,1726,2111,1130,1705,98,100,0,600,2137
tas4mixF,869,380,2109,1132,1720,2298,18,155969,12477,2111,1133,1723,2107,1130,1705,98,100,0,600,2143
tas4mixF,869,381,2106,1131,1718,2303,18,155959,12476,2110,1133,1722,2106,1130,1705,98,100,0,600,2137
tas4mixF,869,382,2108,1131,1717,2309,18,155949,12475,2108,1133,1722,2106,1130,1703,98,100,0,601,2143
tas4mixF,869,383,2106,1131,1711,2315,18,155939,12475,2109,1133,1721,2106,1130,1706,98,100,0,600,2134
tas4mixF,869,384,2109,1130,1722,2321,18,155930,12474,2109,1133,1724,2105,1129,1706,98,100,0,600,2143
tas4mixF,869,385,2109,1133,1709,2327,18,155920,12473,2110,1134,1725,2109,1129,1704,98,100,0,599,2134
tas4mixF,869,386,2107,1132,1704,2333,18,155911,12472,2109,1134,1719,2106,1131,1702,98,100,0,600,2134
tas4mixF,869,387,2105,1134,1709,2339,18,155900,12472,2107,1135,1718,2105,1131,1701,98,100,0,600,2134
tas4mixF,869,388,2104,1133,1707,2344,18,155890,12471,2105,1135,1721,2104,1131,1702,98,100,0,600,2134
tas4mixF,869,389,2106,1133,1705,2350,18,155881,12470,2107,1134,1723,2104,1132,1702,98,100,0,601,2131
tas4mixF,869,390,2108,1132,1707,2356,18,155876,12470,2108,1134,1723,2105,1131,1703,98,100,0,601,2137
tas4mixF,869,391,2108,1132,1714,2362,18,155862,12469,2108,1134,1725,2106,1131,1701,98,100,0,601,2140
tas4mixF,869,392,2110,1134,1713,2368,18,155854,12468,2110,1134,1722,2108,1132,1705,98,100,0,601,2140
tas4mixF,869,393,2106,1135,1705,2374,18,155844,12467,2111,1136,1719,2106,1133,1699,98,100,0,601,2134
tas4mixF,869,394,2106,1133,1715,2380,19,155835,12466,2106,1135,1720,2105,1132,1701,98,100,0,601,2140
tas4mixF,869,395,2110,1132,1717,2386,19,155826,12466,2110,1135,1721,2106,1132,1706,98,100,0,601,2143
tas4mixF,869,396,2109,1133,1707,2392,19,155817,12465,2111,1135,1721,2109,1132,1702,98,100,0,601,2134
tas4mixF,869,397,2110,1133,1711,2397,19,155809,12464,2110,1135,1720,2107,1131,1701,98,100,0,601,2143
tas4mixF,869,398,2110,1133,1713,2403,19,155800,12464,2110,1135,1720,2109,1131,1702,98,100,0,600,2143
tas4mixF,869,399,2106,1132,1708,2409,19,155791,12463,2110,1135,1719,2106,1131,1702,98,100,0,601,2134
tas4mixF,869,400,2111,1132,1724,2415,19,155783,12462,2111,1135,1726,2106,1130,1705,98,100,0,600,2146
tas4mixF,869,401,2107,1132,1709,2421,19,155774,12461,2111,1135,1724,2107,1130,1704,98,100,0,600,2137
tas4mixF,869,402,2107,1132,1714,2427,19,155769,12461,2108,1134,1722,2106,1131,1703,98,100,0,600,2131
tas4mixF,869,403,2105,1132,1709,2433,19,155755,12460,2107,1133,1718,2105,1130,1704,98,100,0,600,2134
tas4mixF,869,404,2109,1131,1720,2438,19,155751,12460,2109,1133,1724,2104,1131,1705,98,100,0,600,2140
tas4mixF,869,405,2107,1132,1740,2444,19,155738,12459,2110,1133,1757,2107,1131,1703,98,100,0,600,2134
tas4mixF,869,406,2109,1131,1708,2450,19,155734,12458,2109,1133,1754,2107,1131,1705,98,100,0,600,2140
tas4mixF,869,407,2109,1133,1710,2456,19,155722,12457,2110,1134,1752,2107,1130,1705,98,100,0,600,2143
tas4mixF,869,408,2111,1131,1718,2462,19,155714,12457,2111,1133,1725,2108,1130,1706,98,100,0,600,2140
tas4mixF,869,409,2106,1130,1713,2468,19,155705,12456,2111,1133,1722,2106,1129,1704,98,100,0,600,2131
tas4mixF,869,410,2109,1132,1712,2474,19,155697,12455,2109,1132,1723,2106,1129,1705,98,100,0,600,2143
tas4mixF,869,411,2106,1131,1713,2480,19,155688,12455,2110,1132,1722,2106,1129,1706,98,100,0,600,2137
tas4mixF,869,412,2108,1131,1713,2486,19,155680,12454,2109,1132,1725,2105,1128,1704,98,100,0,600,2131
tas4mixF,869,413,2108,1132,1717,2491,19,155671,12453,2108,1133,1725,2105,1130,1703,98,100,0,600,2143
tas4mixF,869,414,2108,1132,1707,2497,19,155663,12453,2110,1133,1723,2108,1131,1704,98,100,0,600,2134
tas4mixF,869,415,2105,1131,1708,2503,20,155654,12452,2108,1133,1719,2105,1129,1703,98,100,0,600,2134
tas4mixF,869,416,2107,1132,1704,2509,20,155650,12452,2107,1133,1724,2104,1129,1703,98,100,0,600,2137
tas4mixF,869,417,2106,1131,1715,2515,20,155638,12451,2107,1133,1725,2106,1129,1704,98,100,0,600,2134
tas4mixF,869,418,2107,1130,1718,2521,20,155629,12450,2108,1133,1725,2105,1129,1704,98,100,0,601,2134
tas4mixF,869,419,2108,1131,1722,2527,20,155621,12449,2108,1132,1727,2105,1129,1706,98,100,0,601,2140
tas4mixF,869,420,2110,1130,1713,2532,20,155614,12449,2111,1132,1729,2108,1127,1708,99,100,0,601,2131
tas4mixF,869,421,2105,1130,1710,2538,20,155605,12448,2110,1131,1721,2105,1128,1708,98,100,0,601,2131
tas4mixF,869,422,2106,1130,1718,2544,20,155596,12447,2106,1131,1727,2104,1128,1707,98,100,0,601,2140
tas4mixF,869,423,2111,1130,1719,2550,20,155590,12447,2115,1131,1767,2106,1128,1707,99,100,0,601,2131
tas4mixF,869,424,2111,1129,1713,2556,20,155582,12446,2114,1131,1771,2108,1128,1707,99,100,0,601,2131
tas4mixF,869,425,2110,1129,1712,2562,20,155578,12446,2112,1130,1740,2109,1127,1706,99,100,0,601,2131
tas4mixF,869,426,2106,1130,1714,2568,20,155566,12445,2110,1132,1731,2106,1128,1705,98,100,0,601,2134
tas4mixF,869,427,2110,1129,1729,2573,20,155559,12444,2110,1131,1735,2105,1127,1706,98,100,0,601,2143
tas4mixF,869,428,2106,1129,1715,2579,20,155551,12444,2111,1131,1735,2106,1127,1707,98,100,0,601,2131
tas4mixF,869,429,2106,1128,1724,2585,20,155543,12443,2106,1131,1747,2103,1127,1704,98,100,0,601,2143
tas4mixF,869,430,2106,1130,1723,2591,20,155535,12442,2108,1130,1740,2106,1126,1701,98,100,0,601,2129
tas4mixF,869,431,2111,1127,1723,2597,20,155528,12442,2111,1130,1739,2105,1126,1705,98,100,0,601,2143
tas4mixF,869,432,2110,1128,1722,2603,20,155521,12441,2112,1129,1733,2109,1126,1710,98,100,0,601,2140
tas4mixF,869,433,2110,1128,1723,2609,20,155513,12441,2113,1130,1734,2110,1126,1705,99,100,0,601,2131
tas4mixF,869,434,2109,1128,1725,2615,20,155506,12440,2110,1130,1736,2108,1127,1709,98,100,0,601,2140
tas4mixF,869,435,2110,1128,1727,2621,20,155499,12439,2111,1130,1736,2109,1127,1706,98,100,0,601,2146
tas4mixF,869,436,2109,1129,1726,2627,21,155492,12439,2111,1130,1733,2109,1126,1706,98,100,0,601,2140
tas4mixF,869,437,2107,1130,1708,2632,21,155484,12438,2110,1132,1732,2107,1129,1704,98,100,0,601,2134
tas4mixF,869,438,2108,1130,1717,2638,21,155477,12438,2109,1131,1729,2107,1129,1705,98,100,0,601,2137
tas4mixF,869,439,2115,1130,1729,2644,21,155471,12437,2115,1132,1731,2108,1129,1713,98,100,0,601,2149
tas4mixF,869,440,2114,1129,1726,2650,21,155465,12437,2117,1132,1732,2113,1128,1713,98,100,0,601,2146
tas4mixF,869,441,2112,1130,1718,2656,21,155462,12436,2116,1131,1732,2112,1128,1715,98,100,0,601,2140
tas4mixF,869,442,2112,1129,1720,2662,21,155455,12436,2114,1131,1730,2112,1128,1713,98,100,0,601,2140
tas4mixF,869,443,2117,1130,1727,2668,21,155446,12435,2117,1131,1730,2111,1127,1715,98,100,0,601,2149
tas4mixF,869,444,1884,1131,1538,2673,21,155429,12434,2122,1132,1761,1881,1127,1536,97,100,0,601,1935
tas4mixF,869,445,2157,1130,1733,2679,21,155416,12433,2157,1132,1791,1883,1128,1536,97,100,0,601,2205
tas4mixF,869,446,2160,1131,1759,2685,21,155421,12433,2167,1132,1812,2150,1128,1716,99,100,0,600,2171
tas4mixF,869,447,2158,1132,1762,2691,21,155418,12433,2160,1132,1779,2156,1128,1724,98,100,0,600,2188
tas4mixF,869,448,2158,1131,1771,2697,21,155419,12433,2159,1132,1775,2157,1129,1713,98,100,0,600,2188
tas4mixF,869,449,2158,1129,1764,2703,21,155424,12433,2159,1132,1777,2158,1129,1724,98,100,0,600,2188
tas4mixF,869,450,2157,1131,1775,2709,21,155425,12434,2158,1131,1776,2156,1128,1716,98,100,0,600,2194
tas4mixF,869,451,2158,1129,1772,2715,21,155422,12433,2159,1132,1778,2157,1128,1726,98,100,0,600,2188
tas4mixF,869,452,2159,1129,1769,2721,21,155427,12434,2159,1131,1777,2157,1129,1720,98,100,0,600,2191
tas4mixF,869,453,2159,1130,1771,2727,21,155428,12434,2160,1132,1776,2158,1129,1720,98,100,0,600,2191
tas4mixF,869,454,2165,1132,1739,2733,21,155427,12434,2174,1132,1808,2159,1130,1724,99,100,0,600,2166
tas4mixF,869,455,2161,1130,1747,2739,21,155429,12434,2173,1132,1810,2161,1128,1721,98,100,0,600,2186
tas4mixF,869,456,2161,1131,1748,2745,21,155430,12434,2162,1132,1776,2160,1128,1720,98,100,0,600,2186
tas4mixF,869,457,2160,1131,1741,2751,22,155431,12434,2161,1133,1778,2160,1130,1722,98,100,0,600,2183
tas4mixF,869,458,2160,1130,1744,2757,22,155432,12434,2161,1133,1776,2159,1130,1722,98,100,0,601,2183
tas4mixF,869,459,2159,1132,1752,2763,22,155437,12434,2160,1133,1775,2158,1130,1719,98,100,0,601,2188
tas4mixF,869,460,2161,1132,1737,2769,22,155435,12434,2162,1133,1778,2159,1130,1722,98,100,0,601,2183
tas4mixF,869,461,2161,1130,1734,2775,22,155436,12434,2162,1132,1777,2158,1129,1719,98,100,0,601,2186
tas4mixF,869,462,2160,1132,1738,2781,22,155437,12435,2162,1132,1773,2160,1129,1721,99,100,0,600,2177
tas4mixF,869,463,2155,1130,1728,2788,22,155437,12435,2160,1132,1774,2155,1129,1718,98,100,0,600,2183
tas4mixF,869,464,2147,1132,1749,2794,22,155436,12434,2155,1132,1765,2147,1129,1722,98,100,0,600,2177
tas4mixF,869,465,2144,1132,1731,2799,22,155435,12434,2147,1133,1757,2143,1130,1715,98,100,0,600,2171
tas4mixF,869,466,2142,1131,1751,2805,22,155433,12434,2144,1132,1759,2142,1131,1716,98,100,0,601,2168
tas4mixF,869,467,2145,1130,1739,2811,22,155432,12434,2145,1132,1759,2142,1129,1726,98,100,0,601,2171
tas4mixF,869,468,2145,1130,1735,2817,22,155431,12434,2146,1131,1766,2144,1127,1723,98,100,0,601,2174
tas4mixF,869,469,2145,1128,1742,2823,22,155430,12434,2146,1130,1765,2145,1127,1726,98,100,0,601,2177
tas4mixF,869,470,2145,1129,1756,2829,22,155429,12434,2146,1130,1767,2144,1127,1727,98,100,0,601,2177
tas4mixF,869,471,2146,1129,1759,2835,22,155428,12434,2146,1130,1769,2144,1127,1724,98,100,0,601,2180
tas4mixF,869,472,2146,1127,1748,2841,22,155430,12434,2147,1129,1764,2145,1126,1725,98,100,0,601,2174
tas4mixF,869,473,2147,1130,1752,2847,22,155426,12434,2147,1130,1765,2145,1126,1728,98,100,0,601,2174
tas4mixF,869,474,2146,1131,1753,2853,22,155425,12434,2147,1131,1765,2145,1128,1719,98,100,0,601,2174
tas4mixF,869,475,2145,1129,1736,2859,22,155424,12433,2146,1131,1761,2144,1129,1721,98,100,0,601,2183
tas4mixF,869,476,2147,1131,1742,2865,22,155423,12433,2148,1132,1762,2145,1129,1722,98,100,0,601,2177
tas4mixF,869,477,2146,1131,1735,2871,22,155422,12433,2149,1132,1767,2146,1129,1722,98,100,0,601,2171
tas4mixF,869,478,2147,1131,1736,2877,23,155421,12433,2147,1132,1769,2145,1129,1717,98,100,0,601,2177
tas4mixF,869,479,2145,1131,1741,2883,23,155420,12433,2147,1133,1763,2143,1130,1717,98,100,0,601,2177
tas4mixF,869,480,2144,1131,1756,2889,23,155419,12433,2146,1133,1757,2144,1129,1724,98,100,0,601,2166
tas4mixF,869,481,2144,1130,1748,2895,23,155418,12433,2145,1133,1760,2144,1129,1724,98,100,0,601,2171
tas4mixF,869,482,2147,1133,1742,2901,23,155420,12433,2147,1133,1765,2144,1130,1718,98,100,0,601,2174
tas4mixF,869,483,2146,1130,1748,2907,23,155416,12433,2147,1134,1763,2145,1128,1721,98,100,0,601,2177
tas4mixF,869,484,2146,1131,1745,2913,23,155415,12433,2147,1131,1763,2146,1129,1722,98,100,0,601,2177
tas4mixF,869,485,2146,1129,1759,2919,23,155418,12433,2148,1131,1768,2146,1128,1726,99,100,0,601,2163
tas4mixF,869,486,2147,1130,1754,2925,23,155414,12433,2147,1131,1768,2146,1128,1721,98,100,0,601,2171
tas4mixF,869,487,2146,1129,1735,2931,23,155413,12433,2147,1131,1766,2145,1127,1718,98,100,0,601,2171
tas4mixF,869,488,2145,1130,1746,2937,23,155415,12433,2146,1130,1762,2144,1128,1723,98,100,0,601,2180
tas4mixF,869,489,2145,1130,1751,2943,23,155411,12432,2146,1131,1760,2144,1128,1730,98,100,0,601,2168
tas4mixF,869,490,2145,1131,1752,2949,23,155410,12432,2146,1131,1765,2144,1129,1725,98,100,0,601,2171
tas4mixF,869,491,2146,1129,1750,2955,23,155412,12433,2147,1131,1768,2144,1128,1728,98,100,0,601,2171
tas4mixF,869,492,2145,1129,1757,2961,23,155408,12432,2147,1132,1771,2144,1128,1723,98,100,0,601,2183
tas4mixF,869,493,2145,1130,1738,2967,23,155407,12432,2147,1130,1764,2145,1127,1721,98,100,0,601,2177
tas4mixF,869,494,2146,1130,1745,2973,23,155409,12432,2147,1131,1764,2144,1128,1730,99,100,0,601,2166
tas4mixF,869,495,2146,1130,1741,2979,23,155406,12432,2147,1131,1795,2146,1128,1723,98,100,0,601,2177
tas4mixF,869,496,2148,1130,1772,2985,23,155405,12432,2149,1132,1793,2146,1129,1723,98,100,0,601,2183
tas4mixF,869,497,2146,1132,1722,2991,23,155404,12432,2148,1133,1775,2146,1129,1722,98,100,0,601,2174
tas4mixF,869,498,2149,1132,1758,2997,23,155404,12432,2149,1132,1778,2146,1130,1722,98,100,0,601,2177
tas4mixF,869,499,2149,1131,1760,3003,24,155404,12432,2150,1133,1782,2148,1130,1723,98,100,0,601,2174
tas4mixF,869,500,2150,1133,1759,3009,24,155403,12432,2151,1133,1782,2149,1130,1723,98,100,0,601,2180
tas4mixF,869,501,2152,1132,1752,3015,24,155403,12432,2152,1133,1779,2150,1129,1725,98,100,0,600,2183
tas4mixF,869,502,2151,1130,1755,3021,24,155403,12432,2152,1132,1780,2150,1128,1726,98,100,0,600,2183
tas4mixF,869,503,2150,1131,1762,3027,24,155403,12432,2152,1132,1778,2150,1128,1721,98,100,0,600,2183
tas4mixF,869,504,2150,1130,1725,3033,24,155403,12432,2152,1132,1776,2150,1129,1724,98,100,0,600,2174
tas4mixF,869,505,2148,1131,1761,3039,24,155402,12432,2150,1133,1775,2147,1129,1721,98,100,0,600,2183
tas4mixF,869,506,2148,1131,1778,3045,24,155402,12432,2149,1132,1778,2147,1129,1723,98,100,0,600,2177
tas4mixF,869,507,2147,1129,1733,3051,24,155404,12432,2149,1132,1780,2147,1127,1726,98,100,0,599,2177
tas4mixF,869,508,2147,1131,1735,3056,24,155400,12432,2148,1131,1781,2146,1127,1725,98,100,0,600,2177
tas4mixF,869,509,2148,1133,1732,3062,24,155400,12432,2149,1133,1779,2147,1129,1715,98,100,0,600,2177
tas4mixF,869,510,2148,1129,1748,3068,24,155399,12431,2149,1134,1777,2148,1128,1722,98,100,0,600,2177
tas4mixF,869,511,2147,1129,1752,3074,24,155402,12432,2149,1131,1780,2147,1128,1725,98,100,0,600,2177
tas4mixF,869,512,2147,1131,1746,3081,24,155401,12432,2148,1132,1778,2146,1128,1719,98,100,0,600,2183
tas4mixF,869,513,2149,1130,1749,3087,24,155398,12431,2150,1133,1778,2147,1129,1724,98,100,0,600,2174
tas4mixF,869,514,2148,1130,1749,3093,24,155397,12431,2149,1131,1781,2147,1128,1727,98,100,0,600,2174
tas4mixF,869,515,2149,1131,1756,3099,24,155397,12431,2149,1131,1782,2148,1128,1726,98,100,0,600,2180
tas4mixF,869,516,2149,1131,1747,3104,24,155396,12431,2150,1133,1780,2149,1128,1728,98,100,0,600,2177
tas4mixF,869,517,2148,1130,1759,3110,24,155396,12431,2149,1131,1780,2148,1128,1727,98,100,0,600,2174
tas4mixF,869,518,2146,1130,1743,3116,24,155395,12431,2149,1131,1773,2146,1128,1726,98,100,0,600,2171
tas4mixF,869,519,2149,1130,1734,3122,24,155395,12431,2149,1132,1773,2146,1129,1722,98,100,0,600,2180
tas4mixF,869,520,2147,1129,1744,3128,25,155394,12431,2149,1133,1777,2146,1128,1726,98,100,0,600,2174
tas4mixF,869,521,2148,1130,1766,3134,25,155394,12431,2149,1131,1779,2147,1127,1720,99,100,0,600,2166
tas4mixF,869,522,2147,1131,1741,3140,25,155393,12431,2148,1132,1776,2147,1127,1723,98,100,0,600,2177
tas4mixF,869,523,2144,1128,1734,3146,25,155395,12431,2148,1132,1779,2144,1128,1724,98,100,0,600,2168
tas4mixF,869,524,2139,1129,1746,3152,25,155390,12431,2145,1130,1783,2139,1127,1724,98,100,0,600,2163
tas4mixF,869,525,2139,1130,1729,3158,25,155388,12431,2140,1132,1774,2137,1127,1722,98,100,0,600,2171
tas4mixF,869,526,2137,1127,1762,3164,25,155386,12430,2139,1131,1769,2136,1127,1722,98,100,0,600,2163
tas4mixF,869,527,2136,1129,1732,3170,25,155384,12430,2139,1131,1785,2136,1127,1723,99,100,0,600,2157
tas4mixF,869,528,2136,1130,1739,3176,25,155382,12430,2137,1132,1784,2135,1127,1722,98,100,0,601,2168
tas4mixF,869,529,2139,1130,1727,3182,25,155380,12430,2139,1132,1780,2136,1128,1720,98,100,0,601,2171
tas4mixF,869,530,2137,1130,1769,3188,25,155379,12430,2139,1130,1781,2136,1127,1723,98,100,0,601,2168
tas4mixF,869,531,2136,1132,1726,3194,25,155376,12430,2138,1132,1772,2136,1128,1722,98,100,0,601,2163
tas4mixF,869,532,2136,1130,1736,3200,25,155374,12429,2137,1132,1774,2136,1129,1721,99,100,0,601,2157
tas4mixF,869,533,2137,1128,1733,3206,25,155372,12429,2137,1130,1781,2135,1127,1722,98,100,0,601,2174
tas4mixF,869,534,2136,1130,1743,3212,25,155370,12429,2137,1130,1774,2134,1128,1722,98,100,0,601,2168
tas4mixF,869,535,2135,1131,1747,3218,25,155371,12429,2136,1132,1786,2133,1129,1721,98,100,0,601,2174
tas4mixF,869,536,2136,1129,1738,3224,25,155366,12429,2136,1131,1777,2134,1127,1723,98,100,0,601,2166
tas4mixF,869,537,2135,1128,1743,3230,25,155363,12429,2136,1130,1780,2134,1127,1724,98,100,0,601,2166
tas4mixF,869,538,2137,1132,1762,3236,25,155362,12428,2138,1133,1790,2135,1128,1720,98,100,0,601,2166
tas4mixF,869,539,2142,1130,1731,3242,25,155360,12428,2142,1133,1800,2136,1128,1720,98,100,0,601,2180
tas4mixF,869,540,2137,1129,1730,3248,25,155358,12428,2142,1131,1779,2137,1128,1719,98,100,0,601,2163
tas4mixF,869,541,2136,1131,1735,3254,26,155357,12428,2138,1132,1793,2136,1128,1722,98,100,0,601,2160
tas4mixF,869,542,2135,1132,1731,3260,26,155354,12428,2139,1132,1792,2135,1128,1719,98,100,0,601,2157
tas4mixF,869,543,2138,1131,1747,3265,26,155356,12428,2139,1132,1777,2135,1130,1720,98,100,0,601,2168
tas4mixF,869,544,2138,1131,1722,3271,26,155351,12428,2140,1133,1774,2137,1130,1718,98,100,0,601,2168
tas4mixF,869,545,2061,1132,1668,3277,26,155341,12427,2138,1133,1766,2053,1129,1665,96,100,0,601,2126
tas4mixF,869,546,2078,1131,1698,3283,26,155333,12426,2078,1132,1763,2061,1129,1664,98,100,0,601,2112
tas4mixF,869,547,2077,1130,1706,3289,26,155323,12425,2083,1132,1745,2077,1129,1667,99,100,0,601,2086
tas4mixF,869,548,2085,1129,1684,3295,26,155315,12425,2085,1131,1734,2074,1128,1669,97,100,0,601,2129
tas4mixF,869,549,2095,1130,1703,3300,26,155305,12424,2106,1132,1750,2021,1127,1631,99,100,0,601,2106
tas4mixF,869,550,2089,1131,1711,3306,26,155297,12423,2095,1132,1735,2089,1129,1660,98,100,0,600,2120
tas4mixF,869,551,2091,1131,1687,3312,26,155289,12423,2091,1132,1740,2089,1129,1669,98,100,0,600,2123
tas4mixF,869,552,2089,1130,1682,3318,26,155281,12422,2091,1132,1736,2089,1129,1662,98,100,0,600,2117
tas4mixF,869,553,2089,1130,1705,3324,26,155273,12421,2090,1131,1739,2088,1128,1661,98,100,0,600,2126
tas4mixF,869,554,2088,1130,1710,3329,26,155265,12421,2090,1131,1734,2088,1128,1668,98,100,0,600,2120
tas4mixF,869,555,2088,1129,1735,3335,26,155260,12420,2090,1131,1739,2088,1128,1665,98,100,0,600,2114
tas4mixF,869,556,2088,1129,1717,3341,26,155252,12420,2091,1131,1742,2088,1128,1673,99,100,0,600,2103
tas4mixF,869,557,2082,1130,1682,3347,26,155240,12419,2088,1130,1736,2082,1128,1663,98,100,0,600,2106
tas4mixF,869,558,2091,1128,1688,3353,26,155233,12418,2093,1131,1744,2082,1127,1680,98,100,0,600,2117
tas4mixF,869,559,2088,1130,1701,3359,26,155228,12418,2091,1130,1731,2088,1127,1668,98,100,0,600,2117
tas4mixF,869,560,2091,1130,1723,3364,26,155218,12417,2091,1131,1738,2088,1128,1662,97,100,0,600,2137
tas4mixF,869,561,2098,1129,1708,3370,26,155215,12417,2100,1131,1748,2091,1128,1677,99,100,0,600,2117
tas4mixF,869,562,2093,1130,1710,3376,27,155205,12416,2099,1131,1740,2093,1128,1660,98,100,0,600,2117
tas4mixF,869,563,2089,1129,1688,3382,27,155197,12415,2093,1131,1727,2089,1129,1668,98,100,0,599,2120
tas4mixF,869,564,2085,1130,1710,3388,27,155189,12415,2091,1131,1735,2085,1128,1665,98,100,0,600,2109
tas4mixF,869,565,2084,1130,1692,3393,27,155180,12414,2085,1131,1750,2081,1128,1669,98,100,0,600,2126
tas4mixF,869,566,2079,1130,1690,3399,27,155171,12413,2084,1131,1742,2079,1129,1667,98,100,0,600,2109
tas4mixF,869,567,2076,1131,1678,3405,27,155162,12412,2079,1131,1742,2074,1128,1668,98,100,0,600,2109
tas4mixF,869,568,2074,1131,1690,3411,27,155153,12412,2076,1131,1739,2074,1129,1668,98,100,0,600,2097
tas4mixF,869,569,2085,1130,1698,3417,27,155145,12411,2085,1132,1756,2074,1129,1667,97,100,0,600,2137
tas4mixF,869,570,2087,1130,1720,3422,27,155137,12411,2088,1131,1752,2085,1129,1678,98,100,0,600,2109
tas4mixF,869,571,2079,1130,1671,3428,27,155129,12410,2089,1131,1743,2079,1129,1667,98,100,0,600,2103
tas4mixF,869,572,2076,1130,1706,3434,27,155119,12409,2079,1131,1736,2076,1129,1664,98,100,0,600,2103
tas4mixF,869,573,2078,1129,1725,3440,27,155111,12408,2078,1131,1750,2073,1128,1664,98,100,0,600,2117
tas4mixF,869,574,2077,1130,1687,3446,27,155102,12408,2081,1131,1729,2077,1128,1668,98,100,0,600,2103
tas4mixF,869,575,2075,1131,1692,3451,27,155093,12407,2077,1131,1739,2074,1128,1658,98,100,0,601,2103
tas4mixF,869,576,2083,1131,1709,3457,27,155087,12407,2083,1131,1756,2074,1128,1667,98,100,0,601,2123
tas4mixF,869,577,2081,1130,1687,3463,27,155079,12406,2086,1131,1738,2078,1128,1667,97,100,0,601,2131
tas4mixF,869,578,2080,1131,1693,3469,27,155068,12405,2082,1132,1748,2077,1129,1665,98,100,0,601,2114
tas4mixF,869,579,2079,1129,1693,3474,27,155060,12404,2085,1132,1737,2079,1128,1665,98,100,0,601,2106
tas4mixF,869,580,2081,1130,1710,3480,27,155054,12404,2083,1132,1728,2077,1127,1667,98,100,0,601,2106
tas4mixF,869,581,2086,1131,1690,3486,27,155044,12403,2086,1132,1751,2081,1129,1666,98,100,0,601,2126
tas4mixF,869,582,2079,1128,1682,3492,27,155036,12402,2086,1131,1742,2079,1127,1664,98,100,0,601,2109
tas4mixF,869,583,2075,1130,1692,3498,27,155027,12402,2079,1131,1740,2074,1127,1661,98,100,0,601,2100
tas4mixF,869,584,2074,1130,1697,3504,28,155018,12401,2075,1131,1735,2074,1129,1663,98,100,0,601,2103
tas4mixF,869,585,2075,1131,1692,3509,28,155009,12400,2078,1132,1752,2074,1129,1663,98,100,0,601,2106
tas4mixF,869,586,2072,1131,1703,3515,28,155000,12400,2075,1132,1738,2072,1130,1666,98,100,0,601,2095
tas4mixF,869,587,2071,1130,1691,3521,28,154993,12399,2073,1132,1737,2071,1129,1663,98,100,0,601,2097
tas4mixF,869,588,2073,1130,1684,3527,28,154982,12398,2073,1131,1736,2071,1129,1663,98,100,0,601,2103
tas4mixF,869,589,2076,1131,1687,3532,28,154973,12397,2076,1132,1746,2072,1129,1657,98,100,0,601,2106
tas4mixF,869,590,2078,1130,1683,3538,28,154965,12397,2079,1132,1742,2074,1129,1667,98,100,0,601,2109
tas4mixF,869,591,2079,1131,1672,3544,28,154959,12396,2079,1132,1749,2076,1130,1665,98,100,0,601,2114
tas4mixF,869,592,2074,1131,1666,3550,28,154948,12395,2079,1132,1737,2074,1129,1665,98,100,0,601,2109
tas4mixF,869,593,2081,1131,1694,3556,28,154940,12395,2081,1131,1741,2073,1129,1666,98,100,0,601,2117
tas4mixF,869,594,2082,1131,1700,3561,28,154933,12394,2086,1131,1737,2081,1129,1669,99,100,0,601,2103
tas4mixF,869,595,2074,1130,1674,3567,28,154924,12393,2082,1132,1728,2074,1129,1666,98,100,0,601,2100
tas4mixF,869,596,2072,1131,1678,3573,28,154915,12393,2074,1131,1728,2072,1129,1664,98,100,0,601,2103
tas4mixF,869,597,2071,1132,1684,3579,28,154906,12392,2072,1132,1726,2071,1129,1664,98,100,0,601,2103
tas4mixF,869,598,2072,1131,1713,3585,28,154897,12391,2073,1132,1726,2071,1129,1664,98,100,0,601,2103
tas4mixF,869,599,2072,1130,1713,3590,28,154888,12391,2072,1131,1731,2070,1128,1663,98,100,0,601,2106
tas4mixF,869,600,2072,1129,1689,3596,28,154882,12390,2074,1131,1727,2071,1129,1664,98,100,0,601,2095
tas4mixF,869,601,2074,1130,1698,3602,28,154871,12389,2074,1131,1737,2071,1129,1665,98,100,0,601,2114
tas4mixF,869,602,2079,1131,1682,3608,28,154864,12389,2081,1131,1743,2074,1128,1669,98,100,0,601,2103
tas4mixF,869,603,2072,1132,1682,3613,28,154855,12388,2079,1132,1727,2072,1129,1664,98,100,0,601,2106
tas4mixF,869,604,2071,1130,1671,3619,28,154846,12387,2072,1132,1725,2070,1129,1665,98,100,0,601,2103
tas4mixF,869,605,2076,1130,1697,3625,29,154840,12387,2076,1131,1732,2070,1129,1665,97,100,0,601,2120
tas4mixF,869,606,2072,1129,1677,3631,29,154829,12386,2076,1131,1726,2072,1129,1664,98,100,0,601,2103
tas4mixF,869,607,2070,1130,1685,3636,29,154820,12385,2072,1131,1732,2069,1129,1664,98,100,0,601,2106
tas4mixF,869,608,2069,1131,1710,3642,29,154811,12384,2070,1131,1724,2069,1128,1664,98,100,0,601,2095
tas4mixF,869,609,2070,1129,1694,3648,29,154805,12384,2071,1131,1731,2069,1129,1664,98,100,0,601,2097
tas4mixF,869,610,2070,1130,1682,3654,29,154794,12383,2071,1131,1729,2070,1128,1664,98,100,0,601,2097
tas4mixF,869,611,2070,1130,1687,3660,29,154786,12382,2072,1131,1726,2070,1129,1665,98,100,0,601,2103
tas4mixF,869,612,2071,1130,1682,3665,29,154777,12382,2071,1132,1729,2070,1128,1665,98,100,0,601,2103
tas4mixF,869,613,2070,1131,1689,3671,29,154771,12381,2072,1131,1730,2070,1128,1665,98,100,0,601,2103
tas4mixF,869,614,2069,1130,1726,3677,29,154760,12380,2071,1132,1726,2069,1129,1663,98,100,0,601,2100
tas4mixF,869,615,2070,1128,1701,3683,29,154754,12380,2071,1131,1730,2069,1128,1663,98,100,0,601,2092
tas4mixF,869,616,2070,1130,1688,3688,29,154743,12379,2071,1131,1732,2069,1127,1665,98,100,0,601,2095
tas4mixF,869,617,2069,1130,1679,3694,29,154735,12378,2071,1131,1728,2069,1128,1664,99,100,0,600,2086
tas4mixF,869,618,2067,1131,1671,3700,29,154726,12378,2069,1131,1728,2067,1129,1665,98,100,0,600,2097
tas4mixF,869,619,2068,1130,1668,3706,29,154717,12377,2068,1131,1726,2066,1129,1667,98,100,0,600,2097
tas4mixF,869,620,2065,1131,1677,3712,29,154708,12376,2068,1132,1731,2065,1129,1666,98,100,0,600,2095
tas4mixF,869,621,2066,1130,1669,3717,29,154699,12375,2066,1131,1727,2065,1129,1666,98,100,0,600,2103
tas4mixF,869,622,2065,1130,1678,3723,29,154690,12375,2066,1131,1735,2064,1128,1666,98,100,0,601,2097
tas4mixF,869,623,2062,1131,1717,3729,29,154681,12374,2065,1132,1717,2062,1129,1664,98,100,0,601,2092
tas4mixF,869,624,2062,1130,1700,3734,29,154672,12373,2063,1133,1725,2062,1128,1663,98,100,0,601,2092
tas4mixF,869,625,2066,1130,1683,3740,29,154664,12373,2068,1132,1747,2062,1129,1663,98,100,0,600,2095
tas4mixF,869,626,2063,1129,1673,3746,29,154655,12372,2066,1131,1723,2063,1128,1665,98,100,0,600,2095
tas4mixF,869,627,2063,1130,1691,3752,30,154646,12371,2064,1131,1732,2062,1126,1664,98,100,0,600,2097
tas4mixF,869,628,2067,1127,1679,3757,30,154637,12371,2068,1130,1741,2062,1124,1667,98,100,0,600,2092
tas4mixF,869,629,2065,1128,1684,3763,30,154628,12370,2067,1129,1736,2065,1125,1668,98,100,0,600,2097
tas4mixF,869,630,2064,1124,1673,3769,30,154619,12369,2065,1128,1736,2063,1124,1669,98,100,0,600,2092
tas4mixF,869,631,2068,1126,1684,3775,30,154611,12368,2070,1128,1749,2061,1123,1668,98,100,0,601,2092
tas4mixF,869,632,2063,1128,1675,3780,30,154602,12368,2068,1128,1741,2063,1125,1667,98,100,0,601,2089
tas4mixF,869,633,2061,1128,1673,3786,30,154593,12367,2063,1129,1727,2061,1126,1667,98,100,0,601,2089
tas4mixF,869,634,2061,1128,1705,3792,30,154584,12366,2062,1129,1728,2061,1126,1667,98,100,0,601,2092
tas4mixF,869,635,2060,1129,1671,3798,30,154575,12366,2061,1130,1726,2060,1125,1665,98,100,0,601,2086
tas4mixF,869,636,2061,1128,1683,3803,30,154566,12365,2062,1129,1726,2060,1127,1666,98,100,0,601,2083
tas4mixF,869,637,2064,1128,1690,3809,30,154557,12364,2064,1129,1734,2060,1125,1667,98,100,0,601,2103
tas4mixF,869,638,2073,1126,1704,3815,30,154550,12364,2073,1128,1738,2064,1126,1679,98,100,0,601,2109
tas4mixF,869,639,2064,1127,1682,3821,30,154541,12363,2073,1129,1732,2064,1126,1667,98,100,0,601,2089
tas4mixF,869,640,2072,1128,1680,3827,30,154534,12362,2074,1129,1733,2063,1126,1669,98,100,0,601,2097
tas4mixF,869,641,2080,1127,1697,3832,30,154528,12362,2087,1129,1750,2072,1125,1675,99,100,0,601,2100
tas4mixF,869,642,2079,1127,1703,3838,30,154524,12361,2080,1128,1732,2075,1125,1670,98,100,0,601,2109
tas4mixF,869,643,2077,1127,1690,3844,30,154514,12361,2082,1128,1741,2077,1124,1674,98,100,0,601,2103
tas4mixF,869,644,2074,1128,1686,3850,30,154507,12360,2077,1128,1742,2073,1124,1675,98,100,0,601,2106
tas4mixF,869,645,2073,1126,1683,3856,30,154499,12359,2074,1128,1739,2072,1125,1674,98,100,0,600,2106
tas4mixF,869,646,2074,1126,1705,3861,30,154492,12359,2075,1128,1741,2071,1125,1666,98,100,0,600,2106
tas4mixF,869,647,2086,1126,1707,3867,30,154486,12358,2086,1128,1761,2073,1124,1666,97,100,0,600,2137
tas4mixF,869,648,2087,1126,1738,3873,30,154480,12358,2087,1127,1740,2086,1124,1673,98,100,0,600,2120
tas4mixF,869,649,2102,1126,1716,3879,31,154477,12358,2102,1127,1756,2087,1124,1690,98,100,0,600,2134
tas4mixF,869,650,2095,1125,1723,3884,31,154472,12357,2104,1128,1739,2095,1124,1687,98,100,0,600,2117
tas4mixF,869,651,2092,1127,1702,3890,31,154467,12357,2097,1128,1747,2092,1124,1674,98,100,0,600,2117
tas4mixF,869,652,2088,1128,1716,3896,31,154461,12356,2092,1130,1735,2088,1125,1671,98,100,0,600,2120
tas4mixF,869,653,2086,1128,1733,3902,31,154455,12356,2088,1129,1735,2086,1125,1671,98,100,0,600,2117
tas4mixF,869,654,2091,1127,1746,3908,31,154450,12356,2091,1129,1759,2082,1126,1674,97,100,0,600,2146
tas4mixF,869,655,2087,1127,1676,3914,31,154444,12355,2094,1130,1746,2082,1126,1660,98,100,0,600,2129
tas4mixF,869,656,2085,1127,1723,3919,31,154440,12355,2087,1129,1733,2082,1125,1668,98,100,0,601,2120
tas4mixF,869,657,2089,1128,1721,3925,31,154433,12354,2090,1129,1742,2085,1126,1669,98,100,0,601,2117
tas4mixF,869,658,2089,1127,1726,3931,31,154427,12354,2089,1129,1746,2088,1126,1673,98,100,0,601,2117
tas4mixF,869,659,2088,1127,1686,3937,31,154422,12353,2090,1129,1741,2088,1125,1672,98,100,0,601,2112
tas4mixF,869,660,2089,1129,1699,3943,31,154416,12353,2089,1129,1743,2087,1125,1680,98,100,0,601,2120
tas4mixF,869,661,2088,1125,1715,3949,31,154411,12352,2089,1129,1739,2088,1125,1683,98,100,0,600,2120
tas4mixF,869,662,2088,1127,1689,3954,31,154405,12352,2090,1129,1747,2088,1125,1678,99,100,0,600,2106
tas4mixF,869,663,2085,1128,1686,3960,31,154400,12352,2089,1129,1747,2084,1125,1669,99,100,0,600,2106
tas4mixF,869,664,2092,1126,1730,3966,31,154395,12351,2092,1129,1753,2083,1125,1670,98,100,0,600,2134
tas4mixF,869,665,2100,1127,1685,3972,31,154393,12351,2104,1129,1756,2092,1125,1671,99,100,0,600,2114
tas4mixF,869,666,2091,1127,1685,3978,31,154386,12350,2100,1129,1739,2091,1126,1673,98,100,0,600,2120
tas4mixF,869,667,2091,1127,1727,3983,31,154381,12350,2091,1129,1738,2088,1125,1674,97,100,0,600,2137
tas4mixF,869,668,2100,1126,1725,3989,31,154377,12350,2102,1128,1755,2091,1125,1677,99,100,0,600,2114
tas4mixF,869,669,2093,1126,1711,3995,31,154372,12349,2100,1128,1750,2093,1125,1672,99,100,0,600,2112
tas4mixF,869,670,2091,1127,1711,4001,32,154367,12349,2093,1128,1758,2090,1125,1678,98,100,0,600,2120
tas4mixF,869,671,2094,1127,1711,4007,32,154363,12349,2097,1128,1764,2091,1125,1686,98,100,0,600,2123
tas4mixF,869,672,2092,1126,1699,4013,32,154357,12348,2094,1128,1754,2091,1125,1695,98,100,0,601,2123
tas4mixF,869,673,2089,1126,1705,4019,32,154352,12348,2092,1128,1753,2089,1125,1697,98,100,0,601,2120
tas4mixF,869,674,2090,1126,1726,4024,32,154349,12347,2091,1129,1755,2089,1125,1696,98,100,0,601,2117
tas4mixF,869,675,2085,1127,1697,4030,32,154342,12347,2090,1128,1750,2085,1124,1681,99,100,0,601,2103
tas4mixF,869,676,2086,1125,1703,4036,32,154338,12347,2086,1128,1745,2082,1124,1676,98,100,0,601,2117
tas4mixF,869,677,2077,1127,1707,4042,32,154329,12346,2087,1127,1755,2077,1125,1671,99,100,0,601,2097
tas4mixF,869,678,2074,1127,1676,4048,32,154323,12345,2079,1128,1757,2074,1126,1672,98,100,0,601,2103
tas4mixF,869,679,2073,1126,1732,4053,32,154316,12345,2074,1128,1739,2073,1125,1664,98,100,0,601,2095
tas4mixF,869,680,2083,1126,1711,4059,32,154311,12344,2083,1127,1748,2072,1125,1681,98,100,0,601,2123
tas4mixF,869,681,2085,1128,1669,4065,32,154305,12344,2089,1129,1757,2083,1125,1669,98,100,0,601,2109
tas4mixF,869,682,2075,1128,1701,4071,32,154299,12343,2085,1129,1743,2075,1125,1661,98,100,0,601,2103
tas4mixF,869,683,2075,1127,1695,4076,32,154292,12343,2078,1129,1746,2075,1125,1665,98,100,0,601,2106
tas4mixF,869,684,2075,1126,1698,4082,32,154288,12343,2075,1129,1737,2072,1125,1669,98,100,0,601,2103
tas4mixF,869,685,2080,1126,1699,4088,32,154280,12342,2081,1129,1750,2075,1125,1676,98,100,0,601,2106
tas4mixF,869,686,2078,1126,1694,4094,32,154273,12341,2080,1128,1746,2077,1125,1665,98,100,0,601,2112
tas4mixF,869,687,2077,1126,1699,4100,32,154270,12341,2078,1127,1744,2076,1124,1669,98,100,0,601,2109
tas4mixF,869,688,2075,1128,1704,4105,32,154261,12340,2080,1128,1741,2075,1125,1664,98,100,0,601,2097
tas4mixF,869,689,2077,1126,1680,4111,32,154255,12340,2081,1129,1759,2075,1126,1661,98,100,0,601,2106
tas4mixF,869,690,2074,1126,1687,4117,32,154249,12339,2077,1128,1735,2074,1125,1667,98,100,0,600,2097
tas4mixF,869,691,2072,1126,1687,4123,32,154244,12339,2075,1129,1747,2072,1125,1664,98,100,0,600,2109
tas4mixF,869,692,2075,1125,1697,4129,33,154236,12338,2075,1129,1742,2072,1125,1663,98,100,0,600,2103
tas4mixF,869,693,2074,1125,1698,4134,33,154230,12338,2075,1128,1729,2073,1124,1671,98,100,0,600,2103
tas4mixF,869,694,2075,1125,1700,4140,33,154223,12337,2075,1128,1739,2074,1124,1674,98,100,0,600,2109
tas4mixF,869,695,2076,1125,1677,4146,33,154219,12337,2077,1127,1747,2074,1124,1672,98,100,0,600,2117
tas4mixF,869,696,2075,1127,1694,4152,33,154211,12336,2076,1128,1745,2074,1124,1673,98,100,0,600,2109
tas4mixF,869,697,2073,1127,1698,4158,33,154205,12336,2075,1128,1737,2073,1125,1666,98,100,0,599,2100
tas4mixF,869,698,2074,1126,1692,4163,33,154198,12335,2074,1128,1743,2072,1125,1661,98,100,0,600,2114
tas4mixF,869,699,2083,1127,1719,4169,33,154193,12335,2083,1128,1751,2073,1125,1672,98,100,0,600,2120
tas4mixF,869,700,2079,1128,1703,4175,33,154189,12335,2084,1129,1737,2079,1125,1668,98,100,0,600,2109
tas4mixF,869,701,2081,1128,1695,4181,33,154182,12334,2085,1128,1759,2079,1126,1672,99,100,0,600,2100
tas4mixF,869,702,2078,1127,1711,4186,33,154176,12334,2081,1129,1742,2077,1126,1669,98,100,0,600,2109
tas4mixF,869,703,2078,1127,1727,4192,33,154171,12333,2084,1129,1750,2078,1126,1673,98,100,0,600,2103
tas4mixF,869,704,2078,1127,1702,4198,33,154165,12333,2082,1128,1743,2078,1124,1674,98,100,0,600,2109
tas4mixF,869,705,2077,1126,1723,4204,33,154162,12332,2083,1128,1734,2077,1124,1672,98,100,0,600,2100
tas4mixF,869,706,2074,1128,1688,4210,33,154155,12332,2077,1129,1731,2074,1125,1675,98,100,0,600,2097
tas4mixF,869,707,2074,1128,1686,4215,33,154149,12331,2074,1130,1737,2073,1127,1676,98,100,0,600,2097
tas4mixF,869,708,2078,1128,1689,4221,33,154141,12331,2079,1130,1749,2073,1127,1676,98,100,0,601,2114
tas4mixF,869,709,2074,1128,1710,4227,33,154135,12330,2078,1130,1729,2073,1127,1675,98,100,0,601,2103
tas4mixF,869,710,2084,1129,1686,4233,33,154130,12330,2084,1130,1744,2074,1127,1673,98,100,0,601,2117
tas4mixF,869,711,2081,1127,1700,4239,33,154125,12330,2087,1129,1740,2079,1127,1673,98,100,0,601,2117
tas4mixF,869,712,2087,1129,1691,4244,33,154120,12329,2087,1129,1739,2081,1127,1684,98,100,0,601,2117
tas4mixF,869,713,2083,1128,1701,4250,34,154115,12329,2087,1130,1733,2080,1127,1670,98,100,0,601,2114
tas4mixF,869,714,2078,1128,1685,4256,34,154112,12328,2085,1129,1733,2078,1127,1672,98,100,0,601,2100
tas4mixF,869,715,2073,1127,1707,4262,34,154103,12328,2078,1129,1735,2073,1126,1670,98,100,0,601,2097
tas4mixF,869,716,2072,1128,1675,4268,34,154097,12327,2074,1129,1729,2072,1125,1670,98,100,0,601,2097
tas4mixF,869,717,2072,1129,1708,4273,34,154091,12327,2074,1129,1733,2072,1127,1669,98,100,0,601,2100
tas4mixF,869,718,2071,1130,1703,4279,34,154085,12326,2073,1131,1727,2071,1127,1663,98,100,0,601,2095
tas4mixF,869,719,2078,1130,1668,4285,34,154079,12326,2078,1131,1731,2071,1128,1665,98,100,0,601,2117
tas4mixF,869,720,2079,1129,1701,4291,34,154074,12325,2079,1132,1734,2073,1129,1665,98,100,0,601,2120
tas4mixF,869,721,2074,1129,1693,4297,34,154068,12325,2080,1131,1729,2074,1128,1666,98,100,0,601,2100
tas4mixF,869,722,2071,1129,1674,4302,34,154061,12324,2074,1131,1733,2071,1128,1664,98,100,0,601,2095
tas4mixF,869,723,2071,1130,1670,4308,34,154055,12324,2072,1131,1728,2071,1128,1666,98,100,0,601,2100
tas4mixF,869,724,2071,1129,1680,4314,34,154049,12323,2072,1131,1730,2071,1128,1666,98,100,0,601,2100
tas4mixF,869,725,2071,1129,1672,4319,34,154043,12323,2071,1131,1732,2069,1127,1664,98,100,0,601,2106
tas4mixF,869,726,2073,1129,1674,4325,34,154037,12322,2073,1130,1755,2070,1127,1666,98,100,0,601,2109
tas4mixF,869,727,2075,1128,1710,4331,34,154031,12322,2075,1129,1734,2073,1127,1672,98,100,0,601,2112
tas4mixF,869,728,2081,1128,1704,4337,34,154026,12322,2081,1130,1730,2074,1126,1670,98,100,0,601,2123
tas4mixF,869,729,2076,1128,1688,4343,34,154020,12321,2081,1130,1726,2075,1126,1671,98,100,0,600,2109
tas4mixF,869,730,2066,1128,1684,4348,34,154013,12321,2076,1129,1726,2066,1126,1669,98,100,0,601,2092
tas4mixF,869,731,2068,1128,1678,4354,34,154009,12320,2068,1129,1738,2064,1126,1668,97,100,0,601,2117
tas4mixF,869,732,2065,1128,1687,4360,34,154002,12320,2068,1129,1737,2063,1127,1667,98,100,0,601,2103
tas4mixF,869,733,2062,1128,1672,4366,34,153993,12319,2065,1130,1730,2062,1126,1666,98,100,0,601,2092
tas4mixF,869,734,2067,1128,1709,4371,34,153987,12318,2067,1130,1734,2062,1126,1668,98,100,0,601,2100
tas4mixF,869,735,2075,1131,1701,4377,35,153984,12318,2075,1131,1726,2067,1128,1677,98,100,0,601,2114
tas4mixF,869,736,2065,1131,1682,4383,35,153975,12318,2075,1132,1719,2065,1128,1663,98,100,0,601,2092
tas4mixF,869,737,2062,1130,1721,4389,35,153968,12317,2065,1131,1727,2062,1129,1665,98,100,0,601,2095
tas4mixF,869,738,2060,1129,1693,4394,35,153963,12317,2062,1132,1730,2060,1129,1664,98,100,0,601,2086
tas4mixF,869,739,2060,1130,1673,4400,35,153956,12316,2062,1131,1723,2060,1128,1664,98,100,0,601,2083
tas4mixF,869,740,2070,1128,1714,4406,35,153948,12315,2070,1131,1747,2060,1127,1664,98,100,0,601,2106
tas4mixF,869,741,2065,1129,1671,4412,35,153942,12315,2072,1130,1722,2065,1127,1666,98,100,0,601,2092
tas4mixF,869,742,2062,1130,1704,4417,35,153935,12314,2066,1131,1733,2061,1127,1664,98,100,0,601,2095
tas4mixF,869,743,2062,1129,1666,4423,35,153928,12314,2064,1131,1727,2060,1128,1665,98,100,0,601,2092
tas4mixF,869,744,2060,1129,1674,4429,35,153921,12313,2062,1130,1735,2060,1128,1664,98,100,0,601,2086
tas4mixF,869,745,2068,1129,1715,4435,35,153915,12313,2068,1130,1735,2060,1127,1665,98,100,0,601,2100
tas4mixF,869,746,2065,1129,1670,4441,35,153909,12312,2072,1130,1736,2065,1126,1666,98,100,0,601,2089
tas4mixF,869,747,2062,1128,1685,4446,35,153902,12312,2065,1130,1723,2062,1126,1667,98,100,0,601,2095
tas4mixF,869,748,2062,1128,1671,4452,35,153896,12311,2063,1129,1746,2061,1126,1666,98,100,0,601,2095
tas4mixF,869,749,2074,1129,1703,4458,35,153891,12311,2074,1130,1746,2062,1127,1671,98,100,0,601,2106
tas4mixF,869,750,2066,1127,1671,4463,35,153884,12310,2074,1130,1729,2066,1127,1665,98,100,0,601,2089
tas4mixF,869,751,2077,1128,1713,4469,35,153879,12310,2078,1130,1761,2064,1127,1668,98,100,0,601,2106
tas4mixF,869,752,2088,1128,1709,4475,35,153876,12310,2088,1130,1743,2077,1127,1673,98,100,0,601,2123
tas4mixF,869,753,2084,1128,1720,4481,35,153871,12309,2089,1129,1738,2081,1126,1668,98,100,0,601,2117
tas4mixF,869,754,2086,1128,1720,4487,35,153867,12309,2086,1129,1739,2084,1126,1663,98,100,0,601,2117
tas4mixF,869,755,2086,1128,1692,4492,35,153863,12309,2087,1129,1741,2086,1126,1672,98,100,0,601,2117
tas4mixF,869,756,2100,1128,1724,4498,35,153860,12308,2100,1131,1750,2086,1127,1685,98,100,0,601,2140
tas4mixF,869,757,2090,1129,1682,4504,36,153856,12308,2100,1131,1731,2090,1128,1669,98,100,0,601,2117
tas4mixF,869,758,2087,1128,1706,4510,36,153851,12308,2090,1131,1739,2086,1127,1671,98,100,0,600,2120
tas4mixF,869,759,2088,1130,1671,4516,36,153848,12307,2091,1130,1748,2087,1127,1669,99,100,0,600,2109
tas4mixF,869,760,2088,1129,1681,4522,36,153843,12307,2088,1131,1742,2083,1128,1658,98,100,0,600,2120
tas4mixF,869,761,2086,1128,1708,4527,36,153839,12307,2088,1131,1732,2082,1128,1662,98,100,0,600,2117
tas4mixF,869,762,2087,1129,1692,4533,36,153835,12306,2087,1131,1728,2085,1127,1683,98,100,0,600,2120
tas4mixF,869,763,2090,1130,1704,4539,36,153831,12306,2092,1131,1747,2087,1127,1669,98,100,0,600,2120
tas4mixF,869,764,2087,1129,1712,4545,36,153827,12306,2090,1131,1736,2087,1128,1670,98,100,0,600,2117
tas4mixF,869,765,2087,1129,1687,4551,36,153825,12306,2088,1131,1734,2087,1128,1668,98,100,0,599,2117
tas4mixF,869,766,2088,1129,1687,4557,36,153819,12305,2089,1131,1735,2087,1128,1671,98,100,0,600,2123
tas4mixF,869,767,2099,1129,1718,4562,36,153819,12305,2099,1130,1747,2088,1127,1682,98,100,0,600,2134
tas4mixF,869,768,2106,1129,1722,4568,36,153815,12305,2106,1130,1751,2099,1127,1692,98,100,0,600,2140
tas4mixF,869,769,2107,1130,1701,4574,36,153812,12305,2107,1130,1743,2105,1127,1696,98,100,0,600,2134
tas4mixF,869,770,2106,1129,1702,4580,36,153810,12304,2107,1130,1741,2106,1127,1693,98,100,0,600,2137
tas4mixF,869,771,2094,1130,1695,4586,36,153808,12304,2106,1130,1751,2094,1127,1690,98,100,0,600,2120
tas4mixF,869,772,2087,1129,1692,4592,36,153802,12304,2094,1130,1749,2087,1127,1678,98,100,0,600,2109
tas4mixF,869,773,2083,1131,1678,4597,36,153798,12303,2087,1131,1744,2083,1127,1670,98,100,0,600,2112
tas4mixF,869,774,2074,1127,1688,4603,36,153792,12303,2083,1131,1732,2074,1126,1665,98,100,0,599,2097
tas4mixF,869,775,2074,1128,1687,4609,36,153787,12303,2074,1129,1741,2073,1126,1671,98,100,0,600,2112
tas4mixF,869,776,2074,1126,1694,4615,36,153782,12302,2074,1130,1740,2072,1125,1666,98,100,0,600,2114
tas4mixF,869,777,2081,1129,1714,4621,36,153780,12302,2081,1129,1742,2074,1124,1674,98,100,0,600,2117
tas4mixF,869,778,2082,1127,1709,4626,37,153774,12301,2087,1129,1752,2081,1126,1673,99,100,0,600,2100
tas4mixF,869,779,2080,1129,1713,4632,37,153769,12301,2082,1129,1743,2078,1125,1670,98,100,0,600,2114
tas4mixF,869,780,2090,1129,1712,4638,37,153766,12301,2090,1129,1763,2080,1125,1679,98,100,0,600,2131
tas4mixF,869,781,2089,1126,1702,4644,37,153762,12300,2091,1129,1755,2089,1126,1676,98,100,0,600,2114
tas4mixF,869,782,2086,1126,1701,4650,37,153758,12300,2090,1129,1730,2086,1125,1674,99,100,0,600,2100
tas4mixF,869,783,2077,1129,1692,4655,37,153753,12300,2086,1130,1742,2077,1125,1660,99,100,0,600,2095
tas4mixF,869,784,2076,1127,1696,4661,37,153748,12299,2078,1129,1741,2075,1125,1670,98,100,0,600,2106
tas4mixF,869,785,2079,1127,1713,4667,37,153744,12299,2079,1129,1737,2076,1125,1677,97,100,0,600,2123
tas4mixF,869,786,2085,1127,1692,4673,37,153740,12299,2087,1128,1739,2079,1125,1680,99,100,0,600,2103
tas4mixF,869,787,2078,1124,1686,4679,37,153737,12298,2085,1128,1749,2078,1124,1668,98,100,0,601,2112
tas4mixF,869,788,2077,1125,1727,4684,37,153732,12298,2078,1128,1746,2075,1124,1672,98,100,0,600,2114
tas4mixF,869,789,2086,1126,1702,4690,37,153727,12298,2087,1128,1759,2077,1124,1676,98,100,0,600,2109
tas4mixF,869,790,2078,1127,1691,4696,37,153724,12297,2086,1129,1741,2078,1125,1665,98,100,0,600,2109
tas4mixF,869,791,2077,1127,1696,4702,37,153717,12297,2078,1129,1746,2075,1125,1668,98,100,0,600,2112
tas4mixF,869,792,2076,1128,1694,4708,37,153714,12297,2078,1129,1736,2076,1126,1671,98,100,0,600,2106
tas4mixF,869,793,2075,1126,1695,4713,37,153709,12296,2077,1129,1743,2075,1125,1664,98,100,0,601,2100
tas4mixF,869,794,2073,1127,1728,4719,37,153702,12296,2075,1128,1739,2073,1125,1668,98,100,0,601,2097
tas4mixF,869,795,2072,1125,1698,4725,37,153697,12295,2073,1128,1741,2072,1124,1666,98,100,0,601,2100
tas4mixF,869,796,2072,1126,1675,4731,37,153692,12295,2073,1127,1745,2072,1124,1672,98,100,0,601,2106
tas4mixF,869,797,2073,1127,1705,4736,37,153687,12295,2074,1129,1737,2072,1126,1665,98,100,0,601,2106
tas4mixF,869,798,2080,1128,1691,4742,37,153683,12294,2083,1129,1756,2073,1126,1665,98,100,0,600,2109
tas4mixF,869,799,2079,1129,1695,4748,37,153679,12294,2081,1129,1745,2076,1126,1669,98,100,0,600,2120
tas4mixF,869,800,2082,1129,1694,4754,38,153675,12294,2085,1129,1741,2079,1127,1672,98,100,0,600,2112
tas4mixF,869,801,2075,1128,1677,4760,38,153672,12293,2082,1129,1738,2075,1126,1670,98,100,0,600,2100
tas4mixF,869,802,2073,1127,1681,4765,38,153665,12293,2075,1128,1731,2072,1126,1670,98,100,0,600,2103
tas4mixF,869,803,2072,1127,1686,4771,38,153660,12292,2073,1128,1733,2071,1125,1671,98,100,0,600,2112
tas4mixF,869,804,2072,1128,1690,4777,38,153655,12292,2073,1128,1731,2071,1126,1675,98,100,0,600,2100
tas4mixF,869,805,2075,1127,1714,4783,38,153650,12292,2075,1129,1742,2072,1125,1676,98,100,0,600,2106
tas4mixF,869,806,2079,1128,1706,4788,38,153646,12291,2079,1129,1739,2075,1126,1679,97,100,0,600,2129
tas4mixF,869,807,2081,1128,1674,4794,38,153642,12291,2085,1129,1741,2079,1125,1672,98,100,0,600,2109
tas4mixF,869,808,2074,1129,1689,4800,38,153637,12291,2081,1129,1737,2074,1126,1670,98,100,0,600,2100
tas4mixF,869,809,2076,1125,1692,4806,38,153633,12290,2076,1129,1744,2072,1125,1669,98,100,0,600,2106
tas4mixF,869,810,2074,1127,1687,4812,38,153628,12290,2076,1127,1737,2074,1124,1673,98,100,0,600,2100
tas4mixF,869,811,2073,1127,1683,4817,38,153623,12289,2074,1128,1736,2072,1125,1669,98,100,0,601,2106
tas4mixF,869,812,2072,1127,1687,4823,38,153618,12289,2073,1129,1740,2071,1126,1669,98,100,0,601,2100
tas4mixF,869,813,2072,1127,1697,4829,38,153613,12289,2073,1129,1733,2072,1126,1669,98,100,0,601,2097
tas4mixF,869,814,2072,1127,1689,4835,38,153610,12288,2072,1129,1739,2071,1126,1669,98,100,0,601,2100
tas4mixF,869,815,2072,1127,1692,4841,38,153603,12288,2072,1129,1728,2071,1125,1668,98,100,0,601,2103
tas4mixF,869,816,2070,1129,1694,4846,38,153599,12287,2072,1130,1731,2070,1125,1667,98,100,0,601,2097
tas4mixF,869,817,2073,1126,1696,4852,38,153596,12287,2074,1129,1734,2070,1125,1668,98,100,0,601,2100
tas4mixF,869,818,2073,1125,1687,4858,38,153589,12287,2073,1127,1740,2071,1124,1674,98,100,0,601,2103
tas4mixF,869,819,2073,1125,1691,4864,38,153584,12286,2073,1127,1734,2071,1124,1672,98,100,0,601,2112
tas4mixF,869,820,2072,1126,1692,4869,38,153579,12286,2073,1128,1736,2071,1125,1670,98,100,0,601,2103
tas4mixF,869,821,2072,1126,1693,4875,39,153575,12286,2072,1128,1736,2071,1124,1670,98,100,0,601,2106
tas4mixF,869,822,2071,1126,1704,4881,39,153570,12285,2072,1128,1733,2071,1125,1670,98,100,0,601,2100
tas4mixF,869,823,2080,1127,1709,4887,39,153566,12285,2080,1128,1741,2071,1125,1669,98,100,0,601,2117
tas4mixF,869,824,2079,1128,1689,4893,39,153562,12284,2084,1129,1740,2079,1126,1668,99,100,0,601,2097
tas4mixF,869,825,2083,1127,1688,4898,39,153558,12284,2083,1128,1743,2076,1125,1669,98,100,0,601,2114
tas4mixF,869,826,2081,1128,1705,4904,39,153554,12284,2083,1129,1726,2081,1126,1681,98,100,0,601,2109
tas4mixF,869,827,2068,1129,1671,4910,39,153549,12283,2081,1129,1734,2068,1127,1666,98,100,0,601,2097
tas4mixF,869,828,2063,1129,1682,4916,39,153545,12283,2068,1129,1725,2062,1127,1665,98,100,0,601,2097
tas4mixF,869,829,2064,1128,1691,4921,39,153538,12283,2065,1129,1731,2062,1127,1668,98,100,0,601,2095
tas4mixF,869,830,2065,1128,1687,4927,39,153533,12282,2065,1130,1727,2064,1127,1669,98,100,0,601,2100
tas4mixF,869,831,2068,1127,1708,4933,39,153528,12282,2068,1129,1741,2064,1126,1671,97,100,0,601,2117
tas4mixF,869,832,2067,1129,1684,4939,39,153524,12281,2071,1129,1737,2067,1126,1668,98,100,0,601,2089
tas4mixF,869,833,2067,1128,1674,4944,39,153517,12281,2069,1129,1728,2066,1126,1669,98,100,0,601,2097
tas4mixF,869,834,2073,1129,1692,4950,39,153515,12281,2073,1129,1741,2065,1126,1668,98,100,0,601,2106
tas4mixF,869,835,2066,1127,1701,4956,39,153508,12280,2073,1129,1725,2066,1126,1669,99,100,0,601,2086
tas4mixF,869,836,2064,1127,1703,4962,39,153504,12280,2066,1129,1739,2063,1125,1668,98,100,0,601,2097
tas4mixF,869,837,2063,1127,1686,4967,39,153497,12279,2064,1129,1725,2062,1126,1667,98,100,0,601,2095
tas4mixF,869,838,2069,1127,1684,4973,39,153492,12279,2069,1129,1736,2061,1126,1667,97,100,0,601,2120
tas4mixF,869,839,2076,1129,1684,4979,39,153488,12279,2076,1130,1741,2069,1126,1682,98,100,0,601,2112
tas4mixF,869,840,2067,1130,1669,4985,39,153482,12278,2076,1130,1724,2067,1126,1665,98,100,0,601,2089
tas4mixF,869,841,2068,1129,1682,4991,39,153478,12278,2068,1130,1752,2064,1126,1667,97,100,0,601,2114
tas4mixF,869,842,2063,1127,1703,4996,39,153472,12277,2068,1130,1724,2063,1126,1666,98,100,0,601,2095
tas4mixF,869,843,2061,1129,1685,5002,40,153467,12277,2064,1130,1725,2061,1127,1667,98,100,0,601,2083
tas4mixF,869,844,2061,1126,1700,5008,40,153461,12276,2062,1129,1737,2061,1125,1668,98,100,0,600,2083
tas4mixF,869,845,2064,1126,1672,5014,40,153456,12276,2065,1128,1727,2061,1124,1669,98,100,0,600,2100
tas4mixF,869,846,2068,1125,1687,5019,40,153451,12276,2071,1127,1742,2062,1124,1671,98,100,0,600,2095
tas4mixF,869,847,2065,1125,1678,5025,40,153446,12275,2068,1127,1732,2063,1123,1671,98,100,0,600,2103
tas4mixF,869,848,2084,1124,1698,5031,40,153443,12275,2084,1127,1750,2063,1124,1671,98,100,0,600,2120
tas4mixF,869,849,2090,1127,1700,5037,40,153440,12275,2090,1127,1758,2077,1123,1676,97,100,0,600,2143
tas4mixF,869,850,2078,1124,1690,5042,40,153436,12274,2090,1128,1744,2078,1124,1676,98,100,0,600,2106
tas4mixF,869,851,2087,1126,1697,5048,40,153433,12274,2087,1127,1756,2078,1124,1690,97,100,0,600,2134
tas4mixF,869,852,2078,1125,1703,5054,40,153429,12274,2087,1127,1747,2078,1124,1676,98,100,0,601,2103
tas4mixF,869,853,2074,1125,1719,5060,40,153424,12273,2078,1127,1744,2074,1123,1679,98,100,0,600,2097
tas4mixF,869,854,2075,1125,1704,5066,40,153420,12273,2075,1127,1742,2071,1123,1667,98,100,0,600,2109
tas4mixF,869,855,2077,1124,1693,5071,40,153416,12273,2079,1127,1739,2075,1123,1667,98,100,0,600,2103
tas4mixF,869,856,2086,1125,1705,5077,40,153413,12273,2086,1126,1747,2077,1123,1680,98,100,0,599,2120
tas4mixF,869,857,2087,1123,1721,5083,40,153412,12273,2089,1126,1756,2086,1123,1679,98,100,0,600,2114
tas4mixF,869,858,2090,1124,1720,5089,40,153408,12272,2090,1127,1748,2087,1123,1679,98,100,0,600,2114
tas4mixF,869,859,2101,1125,1692,5095,40,153406,12272,2101,1126,1755,2090,1122,1692,98,100,0,599,2137
tas4mixF,869,860,2107,1125,1737,5101,40,153405,12272,2107,1127,1757,2101,1123,1692,98,100,0,600,2137
tas4mixF,869,861,2106,1125,1717,5106,40,153403,12272,2108,1126,1764,2106,1122,1691,98,100,0,600,2129
tas4mixF,869,862,2105,1123,1715,5112,40,153403,12272,2106,1126,1770,2101,1122,1682,98,100,0,600,2137
tas4mixF,869,863,2099,1123,1721,5118,40,153399,12271,2105,1126,1753,2095,1122,1680,98,100,0,600,2137
tas4mixF,869,864,2095,1124,1715,5124,40,153398,12271,2101,1125,1760,2095,1122,1694,98,100,0,600,2123
tas4mixF,869,865,2103,1124,1706,5130,41,153395,12271,2103,1125,1775,2095,1122,1706,98,100,0,600,2137
tas4mixF,869,866,2097,1125,1711,5136,41,153393,12271,2103,1126,1773,2097,1122,1701,98,100,0,600,2123
tas4mixF,869,867,2081,1125,1687,5141,41,153389,12271,2097,1126,1757,2081,1123,1683,99,100,0,600,2100
tas4mixF,869,868,1693,1126,1391,5147,41,153371,12269,2081,1128,1720,1693,1123,1389,98,100,0,600,1716
Processed 869 lines from power meter
There were 0 errors in reading from the meter
