RunId,NumDataLines,SeqNum,Watts,Amps,WattHours,Cost,MoKWh,MoCost,MaxWatts,MaxVolts,MaxAmps,MinWatts,MinVolts,MinAmps,Factor,DutyCycle,PowerCycle
tas4mix#,494,0,2220,1124,1817,11,0,158650,12692,2220,1126,1849,2203,1122,1780,98,100,0,600,2257
tas4mix#,494,1,2226,1124,1823,17,0,159335,12746,2226,1125,1854,2219,1123,1760,97,100,0,599,2274
tas4mix#,494,2,2227,1126,1806,24,0,159756,12780,2232,1126,1859,2225,1123,1775,98,100,0,600,2254
tas4mix#,494,3,2216,1125,1796,30,0,159787,12783,2228,1126,1842,2216,1124,1770,99,100,0,599,2237
tas4mix#,494,4,2217,1125,1811,36,0,160096,12807,2217,1126,1841,2213,1123,1759,98,100,0,599,2257
tas4mix#,494,5,2221,1125,1817,42,0,159929,12794,2221,1126,1850,2217,1123,1780,98,100,0,600,2259
tas4mix#,494,6,2223,1125,1805,48,0,160004,12800,2224,1126,1843,2221,1123,1775,98,100,0,600,2251
tas4mix#,494,7,2233,1125,1823,55,0,160350,12828,2233,1126,1845,2223,1124,1770,98,100,0,600,2271
tas4mix#,494,8,2223,1124,1819,61,0,160204,12816,2234,1127,1847,2223,1124,1773,99,100,0,600,2240
tas4mix#,494,9,2209,1125,1816,67,0,160141,12811,2223,1127,1844,2209,1124,1750,99,100,0,600,2217
tas4mix#,494,10,2228,1126,1821,73,0,160250,12820,2228,1127,1845,2209,1124,1766,98,100,0,599,2268
tas4mix#,494,11,2233,1126,1814,79,0,160336,12826,2233,1127,1842,2228,1125,1784,98,100,0,600,2268
tas4mix#,494,12,2238,1127,1827,86,0,160438,12835,2238,1127,1847,2233,1124,1792,98,100,0,600,2274
tas4mix#,494,13,2237,1126,1821,92,0,160514,12841,2239,1127,1845,2237,1125,1786,99,100,0,600,2254
tas4mix#,494,14,2238,1127,1826,98,0,160584,12846,2238,1127,1847,2236,1125,1787,98,100,0,600,2271
tas4mix#,494,15,2240,1126,1826,104,0,160659,12852,2241,1127,1847,2238,1125,1792,98,100,0,600,2265
tas4mix#,494,16,2237,1126,1829,111,0,160705,12856,2240,1127,1844,2237,1125,1784,99,100,0,601,2259
tas4mix#,494,17,2241,1126,1827,117,0,160770,12861,2242,1127,1849,2237,1125,1790,98,100,0,600,2271
tas4mix#,494,18,2239,1126,1838,123,0,160815,12865,2241,1127,1849,2239,1124,1779,98,100,0,600,2262
tas4mix#,494,19,2242,1126,1809,129,1,160865,12869,2242,1127,1846,2239,1124,1788,98,100,0,600,2274
tas4mix#,494,20,2238,1126,1825,136,1,160890,12871,2242,1126,1850,2238,1123,1782,98,100,0,600,2262
tas4mix#,494,21,2240,1126,1830,142,1,160931,12874,2240,1127,1847,2238,1124,1789,98,100,0,600,2271
tas4mix#,494,22,2241,1126,1828,148,1,160970,12877,2243,1127,1848,2240,1124,1783,99,100,0,600,2257
tas4mix#,494,23,2241,1125,1822,154,1,161006,12880,2243,1126,1848,2241,1123,1790,99,100,0,600,2262
tas4mix#,494,24,2237,1125,1831,161,1,161024,12881,2241,1126,1849,2236,1123,1787,98,100,0,600,2274
tas4mix#,494,25,2243,1125,1834,167,1,161064,12885,2243,1126,1853,2237,1123,1801,98,100,0,600,2277
tas4mix#,494,26,2244,1125,1835,173,1,161101,12888,2245,1126,1850,2242,1124,1794,98,100,0,600,2271
tas4mix#,494,27,2249,1125,1834,179,1,161148,12891,2249,1126,1850,2244,1123,1796,98,100,0,600,2279
tas4mix#,494,28,2243,1125,1834,186,1,161171,12893,2249,1126,1851,2243,1123,1792,98,100,0,600,2271
tas4mix#,494,29,2246,1124,1828,192,1,161208,12896,2248,1126,1856,2243,1123,1794,99,100,0,600,2268
tas4mix#,494,30,2249,1125,1835,198,1,161247,12899,2249,1126,1851,2246,1124,1804,98,100,0,600,2279
tas4mix#,494,31,2250,1124,1826,204,1,161283,12902,2250,1126,1852,2248,1124,1799,98,100,0,600,2277
tas4mix#,494,32,2251,1124,1830,211,1,161367,12909,2252,1125,1857,2249,1123,1799,98,100,0,600,2288
tas4mix#,494,33,2253,1124,1847,217,1,161405,12912,2253,1126,1853,2251,1124,1799,98,100,0,600,2285
tas4mix#,494,34,2254,1124,1842,223,1,161398,12911,2254,1125,1855,2253,1123,1803,98,100,0,600,2282
tas4mix#,494,35,2255,1123,1843,229,1,161436,12914,2255,1126,1860,2252,1123,1786,98,100,0,600,2288
tas4mix#,494,36,2258,1124,1843,236,1,161480,12918,2258,1125,1857,2254,1123,1803,98,100,0,600,2288
tas4mix#,494,37,2258,1125,1849,242,1,161521,12921,2259,1126,1854,2258,1124,1813,98,100,0,600,2285
tas4mix#,494,38,2264,1125,1853,248,1,161572,12925,2264,1126,1861,2258,1123,1787,98,100,0,600,2296
tas4mix#,494,39,2263,1125,1852,255,2,161658,12932,2265,1126,1858,2263,1123,1810,99,100,0,600,2279
tas4mix#,494,40,2265,1124,1843,261,2,161664,12933,2265,1125,1862,2262,1123,1818,98,100,0,600,2294
tas4mix#,494,41,2263,1123,1847,267,2,161705,12936,2266,1125,1856,2263,1123,1801,99,100,0,600,2279
tas4mix#,494,42,2208,1125,1814,274,2,161677,12934,2265,1125,1861,2205,1122,1770,97,100,0,600,2259
tas4mix#,494,43,2241,1124,1789,280,2,161695,12935,2241,1125,1868,2208,1123,1779,97,100,0,600,2296
tas4mix#,494,44,2253,1123,1847,286,2,161727,12938,2257,1125,1861,2241,1122,1785,99,100,0,600,2274
tas4mix#,494,45,2262,1123,1843,292,2,161764,12941,2262,1125,1866,2253,1122,1799,98,100,0,600,2299
tas4mix#,494,46,2219,1124,1842,299,2,161766,12941,2262,1125,1858,2207,1122,1800,97,100,0,600,2279
tas4mix#,494,47,2263,1123,1842,305,2,161829,12946,2276,1125,1862,2219,1122,1815,99,100,0,600,2279
tas4mix#,494,48,2261,1124,1854,311,2,161825,12946,2263,1125,1858,2261,1122,1811,99,100,0,600,2282
tas4mix#,494,49,2259,1124,1841,318,2,161848,12947,2261,1125,1854,2259,1123,1798,98,100,0,600,2282
tas4mix#,494,50,2259,1124,1843,324,2,161872,12949,2259,1125,1857,2257,1123,1812,98,100,0,600,2291
tas4mix#,494,51,2258,1124,1841,330,2,161895,12951,2260,1125,1857,2258,1122,1815,98,100,0,600,2288
tas4mix#,494,52,2257,1123,1842,336,2,161913,12953,2258,1124,1854,2256,1122,1820,99,100,0,600,2279
tas4mix#,494,53,2259,1123,1845,343,2,161937,12954,2259,1124,1856,2257,1122,1816,98,100,0,600,2282
tas4mix#,494,54,2256,1124,1840,349,2,161953,12956,2259,1125,1853,2256,1122,1807,98,100,0,600,2282
tas4mix#,494,55,2259,1124,1842,355,2,162001,12960,2259,1125,1855,2256,1122,1811,98,100,0,599,2288
tas4mix#,494,56,2258,1124,1840,361,2,161991,12959,2260,1125,1857,2257,1123,1809,98,100,0,600,2285
tas4mix#,494,57,2256,1123,1842,368,2,162007,12960,2258,1125,1853,2256,1122,1803,98,100,0,600,2282
tas4mix#,494,58,2259,1123,1844,374,2,162027,12962,2261,1124,1858,2256,1121,1812,98,100,0,600,2285
tas4mix#,494,59,2258,1123,1840,381,3,162043,12963,2260,1124,1855,2257,1121,1801,98,100,0,600,2288
tas4mix#,494,60,2263,1128,1853,387,3,162067,12965,2263,1129,1857,2258,1123,1804,98,100,0,600,2296
tas4mix#,494,61,2265,1128,1836,393,3,162092,12967,2267,1128,1858,2263,1126,1809,98,100,0,600,2288
tas4mix#,494,62,2267,1128,1846,399,3,162117,12969,2267,1129,1856,2263,1126,1809,98,100,0,600,2305
tas4mix#,494,63,2268,1128,1842,406,3,162143,12971,2270,1129,1857,2267,1127,1813,99,100,0,601,2282
tas4mix#,494,64,2264,1127,1845,412,3,162162,12972,2268,1128,1854,2263,1125,1811,98,100,0,601,2296
tas4mix#,494,65,2270,1126,1839,418,3,162190,12975,2270,1128,1862,2264,1125,1816,98,100,0,600,2296
tas4mix#,494,66,2267,1125,1845,425,3,162212,12976,2270,1128,1857,2266,1125,1810,98,100,0,600,2302
tas4mix#,494,67,2271,1125,1846,431,3,162261,12980,2271,1127,1859,2266,1125,1815,98,100,0,600,2299
tas4mix#,494,68,2269,1127,1845,437,3,162260,12980,2271,1128,1859,2268,1125,1816,98,100,0,600,2296
tas4mix#,494,69,2269,1126,1850,444,3,162282,12982,2269,1127,1861,2267,1124,1814,98,100,0,600,2299
tas4mix#,494,70,2273,1126,1832,450,3,162331,12986,2274,1127,1861,2269,1125,1818,98,100,0,600,2296
tas4mix#,494,71,2268,1125,1853,456,3,162350,12988,2273,1128,1855,2268,1125,1825,98,100,0,600,2291
tas4mix#,494,72,2273,1127,1849,463,3,162376,12990,2273,1127,1861,2268,1124,1819,98,100,0,600,2308
tas4mix#,494,73,2271,1126,1853,469,3,162375,12990,2273,1127,1859,2271,1125,1823,98,100,0,600,2296
tas4mix#,494,74,2274,1125,1854,475,3,162399,12991,2274,1127,1858,2270,1124,1827,98,100,0,599,2302
tas4mix#,494,75,2272,1126,1854,482,3,162421,12993,2275,1127,1859,2271,1123,1824,98,100,0,600,2299
tas4mix#,494,76,2269,1127,1816,488,3,162438,12995,2272,1128,1860,2269,1125,1799,99,100,0,600,2279
tas4mix#,494,77,2229,1128,1825,494,3,162424,12993,2269,1129,1863,2212,1125,1764,97,100,0,600,2279
tas4mix#,494,78,2250,1128,1837,500,4,162429,12994,2250,1129,1858,2229,1126,1798,98,100,0,600,2279
tas4mix#,494,79,2264,1128,1839,507,4,162445,12995,2264,1129,1858,2250,1126,1814,98,100,0,600,2305
tas4mix#,494,80,2254,1128,1848,513,4,162443,12995,2264,1129,1851,2249,1126,1781,98,100,0,600,2282
tas4mix#,494,81,2260,1128,1852,519,4,162455,12996,2260,1129,1857,2254,1126,1808,98,100,0,600,2291
tas4mix#,494,82,2262,1127,1847,526,4,162466,12997,2263,1129,1856,2260,1126,1806,99,100,0,601,2279
tas4mix#,494,83,2259,1128,1823,532,4,162473,12997,2262,1129,1847,2259,1127,1804,98,100,0,599,2288
tas4mix#,494,84,2263,1127,1841,538,4,162485,12998,2263,1128,1855,2258,1126,1811,99,100,0,599,2285
tas4mix#,494,85,2259,1126,1838,545,4,162491,12999,2263,1128,1853,2258,1126,1784,98,100,0,599,2288
tas4mix#,494,86,2261,1127,1844,551,4,162518,13001,2261,1128,1855,2257,1125,1812,98,100,0,600,2291
tas4mix#,494,87,2263,1126,1823,557,4,162529,13002,2265,1128,1859,2261,1125,1808,98,100,0,600,2288
tas4mix#,494,88,2261,1125,1849,563,4,162535,13002,2263,1127,1858,2259,1124,1796,98,100,0,600,2294
tas4mix#,494,89,2267,1126,1852,570,4,162532,13002,2267,1127,1857,2261,1125,1812,98,100,0,600,2302
tas4mix#,494,90,2265,1127,1846,576,4,162543,13003,2267,1128,1856,2265,1125,1812,99,100,0,600,2285
tas4mix#,494,91,2235,1127,1805,582,4,162543,13003,2267,1127,1852,2235,1126,1782,99,100,0,600,2245
tas4mix#,494,92,2251,1127,1849,588,4,162527,13002,2251,1128,1853,2231,1125,1799,97,100,0,599,2299
tas4mix#,494,93,2241,1126,1800,595,4,162523,13001,2261,1128,1852,2241,1125,1798,100,100,0,600,2241
tas4mix#,494,94,2241,1126,1847,601,4,162528,13002,2241,1127,1852,2227,1124,1793,97,100,0,600,2299
tas4mix#,494,95,2196,1126,1787,607,4,162509,13000,2258,1127,1854,2196,1125,1787,98,100,0,600,2222
tas4mix#,494,96,2221,1126,1822,613,4,162491,12999,2221,1127,1860,2195,1124,1786,98,100,0,599,2265
tas4mix#,494,97,2249,1126,1840,620,4,162496,12999,2249,1127,1859,2221,1124,1800,98,100,0,600,2285
tas4mix#,494,98,2256,1125,1837,626,5,162502,13000,2256,1127,1852,2249,1124,1813,98,100,0,600,2282
tas4mix#,494,99,2207,1126,1840,632,5,162492,12999,2256,1127,1850,2200,1124,1776,97,100,0,600,2274
tas4mix#,494,100,2254,1125,1838,638,5,162495,12999,2258,1127,1850,2207,1123,1791,98,100,0,599,2279
tas4mix#,494,101,2255,1124,1837,645,5,162498,12999,2256,1126,1851,2254,1123,1816,98,100,0,600,2282
tas4mix#,494,102,2255,1124,1835,651,5,162501,13000,2255,1126,1850,2254,1124,1812,98,100,0,599,2279
tas4mix#,494,103,2253,1125,1835,657,5,162503,13000,2255,1127,1849,2253,1124,1790,98,100,0,599,2279
tas4mix#,494,104,2255,1126,1836,664,5,162507,13000,2256,1127,1849,2253,1124,1814,99,100,0,600,2277
tas4mix#,494,105,2255,1127,1835,670,5,162510,13000,2256,1127,1847,2255,1125,1817,98,100,0,600,2282
tas4mix#,494,106,2258,1127,1817,676,5,162516,13001,2259,1127,1851,2255,1124,1802,98,100,0,600,2288
tas4mix#,494,107,2265,1126,1843,683,5,162526,13002,2265,1128,1854,2258,1125,1817,98,100,0,600,2296
tas4mix#,494,108,2268,1126,1848,689,5,162553,13004,2268,1127,1850,2265,1125,1839,98,100,0,600,2294
tas4mix#,494,109,2267,1126,1845,695,5,162563,13005,2268,1127,1856,2267,1124,1814,99,100,0,600,2285
tas4mix#,494,110,2269,1127,1845,701,5,162560,13004,2269,1127,1860,2267,1125,1826,98,100,0,600,2302
tas4mix#,494,111,2269,1125,1848,708,5,162570,13005,2269,1127,1850,2268,1124,1844,98,100,0,600,2296
tas4mix#,494,112,2269,1125,1846,714,5,162581,13006,2269,1127,1851,2267,1123,1826,98,100,0,600,2296
tas4mix#,494,113,2269,1126,1845,720,5,162592,13007,2269,1127,1851,2268,1125,1841,98,100,0,600,2296
tas4mix#,494,114,2269,1125,1848,727,5,162602,13008,2269,1127,1850,2268,1125,1844,98,100,0,600,2296
tas4mix#,494,115,2269,1126,1848,733,5,162613,13009,2270,1127,1850,2268,1124,1826,98,100,0,600,2296
tas4mix#,494,116,2196,1126,1789,739,5,162611,13008,2269,1127,1869,2196,1125,1788,98,100,0,601,2225
tas4mix#,494,117,2218,1126,1830,745,5,162606,13008,2218,1127,1859,2195,1124,1766,98,100,0,601,2262
tas4mix#,494,118,2249,1126,1837,752,6,162596,13007,2249,1127,1854,2218,1124,1810,98,100,0,601,2285
tas4mix#,494,119,2251,1125,1848,758,6,162585,13006,2251,1127,1848,2182,1123,1754,98,100,0,601,2279
tas4mix#,494,120,2251,1125,1835,764,6,162585,13006,2251,1127,1848,2251,1125,1810,98,100,0,601,2277
tas4mix#,494,121,2250,1126,1832,771,6,162584,13006,2251,1127,1847,2250,1124,1813,98,100,0,601,2277
tas4mix#,494,122,2252,1126,1836,777,6,162598,13007,2252,1127,1850,2250,1124,1810,98,100,0,601,2282
tas4mix#,494,123,2257,1126,1851,783,6,162589,13007,2257,1127,1853,2252,1123,1817,98,100,0,601,2291
tas4mix#,494,124,2262,1125,1846,789,6,162596,13007,2262,1127,1852,2257,1123,1827,98,100,0,601,2288
tas4mix#,494,125,2260,1127,1840,796,6,162601,13008,2263,1127,1850,2260,1125,1810,98,100,0,600,2288
tas4mix#,494,126,2182,1127,1778,802,6,162582,13006,2261,1127,1843,2182,1125,1775,98,100,0,600,2208
tas4mix#,494,127,2248,1126,1832,808,6,162561,13004,2249,1127,1835,2182,1124,1775,98,100,0,600,2271
tas4mix#,494,128,2181,1125,1796,814,6,162537,13003,2248,1126,1849,2168,1124,1739,98,100,0,599,2222
tas4mix#,494,129,2166,1129,1735,820,6,162515,13001,2246,1130,1865,2166,1124,1735,100,100,0,600,2166
tas4mix#,494,130,2234,1131,1829,826,6,162465,12997,2234,1131,1843,2155,1126,1733,97,100,0,600,2282
tas4mix#,494,131,2248,1129,1826,833,6,162479,12998,2248,1132,1835,2234,1129,1805,98,100,0,600,2282
tas4mix#,494,132,2253,1132,1847,839,6,162470,12997,2253,1134,1847,2248,1129,1815,98,100,0,600,2285
tas4mix#,494,133,2270,1131,1828,845,6,162498,12999,2273,1133,1863,2253,1130,1822,99,100,0,600,2282
tas4mix#,494,134,2268,1132,1836,852,6,162494,12999,2270,1133,1845,2266,1130,1823,98,100,0,600,2299
tas4mix#,494,135,2268,1130,1835,858,6,162516,13001,2270,1133,1846,2268,1130,1829,98,100,0,600,2294
tas4mix#,494,136,2268,1131,1836,864,6,162513,13001,2269,1132,1849,2268,1129,1819,98,100,0,600,2294
tas4mix#,494,137,2266,1132,1841,871,6,162522,13001,2268,1132,1844,2266,1129,1828,98,100,0,600,2291
tas4mix#,494,138,2265,1132,1830,877,7,162528,13002,2267,1133,1850,2265,1130,1826,98,100,0,599,2291
tas4mix#,494,139,2265,1131,1838,883,7,162548,13003,2265,1133,1843,2264,1130,1815,98,100,0,600,2296
tas4mix#,494,140,2252,1131,1816,889,7,162537,13003,2267,1133,1843,2252,1129,1775,99,100,0,600,2254
tas4mix#,494,141,2251,1131,1824,896,7,162537,13003,2252,1132,1832,2251,1129,1816,98,100,0,600,2277
tas4mix#,494,142,2250,1130,1825,902,7,162537,13002,2251,1132,1829,2250,1130,1819,98,100,0,600,2277
tas4mix#,494,143,2250,1131,1826,908,7,162537,13002,2251,1132,1834,2250,1128,1820,98,100,0,600,2277
tas4mix#,494,144,2249,1131,1827,915,7,162536,13002,2250,1133,1830,2249,1129,1804,98,100,0,601,2277
tas4mix#,494,145,2250,1130,1824,921,7,162536,13002,2251,1133,1831,2249,1130,1820,98,100,0,600,2277
tas4mix#,494,146,2250,1128,1828,927,7,162535,13002,2250,1133,1831,2250,1128,1818,98,100,0,599,2277
tas4mix#,494,147,2249,1131,1820,933,7,162534,13002,2250,1131,1833,2249,1128,1804,98,100,0,600,2274
tas4mix#,494,148,2249,1130,1822,940,7,162533,13002,2249,1132,1828,2248,1129,1819,98,100,0,600,2277
tas4mix#,494,149,2249,1130,1824,946,7,162543,13003,2249,1132,1829,2248,1127,1818,98,100,0,600,2274
tas4mix#,494,150,2249,1132,1825,952,7,162542,13003,2249,1132,1830,2247,1128,1797,98,100,0,600,2279
tas4mix#,494,151,2250,1134,1819,958,7,162542,13003,2250,1135,1831,2249,1129,1819,98,100,0,600,2279
tas4mix#,494,152,2251,1134,1818,965,7,162531,13002,2251,1135,1824,2249,1132,1817,98,100,0,601,2279
tas4mix#,494,153,2249,1135,1815,971,7,162530,13002,2251,1135,1826,2249,1133,1797,98,100,0,601,2277
tas4mix#,494,154,2249,1137,1813,977,7,162540,13003,2249,1139,1822,2248,1133,1807,98,100,0,601,2277
tas4mix#,494,155,2250,1138,1816,983,7,162529,13002,2250,1138,1820,2248,1136,1811,98,100,0,601,2279
tas4mix#,494,156,2247,1136,1815,990,7,162527,13002,2250,1138,1819,2247,1135,1779,98,100,0,601,2277
tas4mix#,494,157,2248,1137,1807,996,7,162526,13002,2249,1138,1819,2247,1136,1804,98,100,0,601,2274
tas4mix#,494,158,2247,1137,1817,1002,8,162524,13001,2248,1138,1820,2247,1136,1807,98,100,0,601,2277
tas4mix#,494,159,2246,1137,1809,1008,8,162522,13001,2248,1138,1819,2246,1135,1798,98,100,0,601,2274
tas4mix#,494,160,2245,1137,1815,1015,8,162530,13002,2246,1138,1818,2245,1135,1806,98,100,0,601,2271
tas4mix#,494,161,2243,1137,1812,1021,8,162516,13001,2245,1138,1816,2243,1135,1805,99,100,0,601,2265
tas4mix#,494,162,2242,1136,1813,1027,8,162513,13001,2244,1137,1816,2242,1135,1793,98,100,0,601,2271
tas4mix#,494,163,2243,1136,1807,1034,8,162509,13000,2244,1137,1819,2242,1135,1792,99,100,0,601,2265
tas4mix#,494,164,2240,1136,1811,1040,8,162505,13000,2243,1137,1817,2240,1134,1803,99,100,0,601,2262
tas4mix#,494,165,2240,1137,1807,1046,8,162500,13000,2243,1138,1826,2240,1136,1799,99,100,0,601,2262
tas4mix#,494,166,2238,1136,1804,1052,8,162504,13000,2240,1137,1818,2238,1133,1799,98,100,0,601,2265
tas4mix#,494,167,2237,1136,1803,1059,8,162489,12999,2239,1137,1816,2237,1135,1800,99,100,0,600,2259
tas4mix#,494,168,2238,1136,1809,1065,8,162484,12998,2239,1137,1819,2237,1134,1799,98,100,0,600,2262
tas4mix#,494,169,2236,1136,1803,1071,8,162477,12998,2238,1137,1814,2236,1134,1799,98,100,0,599,2262
tas4mix#,494,170,2234,1136,1809,1077,8,162471,12997,2236,1137,1810,2234,1134,1799,98,100,0,600,2265
tas4mix#,494,171,2235,1135,1801,1083,8,162464,12997,2235,1137,1817,2234,1134,1799,98,100,0,600,2265
tas4mix#,494,172,2234,1135,1803,1090,8,162458,12996,2235,1137,1817,2234,1134,1798,98,100,0,599,2259
tas4mix#,494,173,2234,1136,1806,1096,8,162451,12996,2235,1137,1813,2234,1134,1800,98,100,0,600,2262
tas4mix#,494,174,2235,1135,1804,1102,8,162445,12995,2235,1137,1812,2234,1133,1800,98,100,0,600,2265
tas4mix#,494,175,2238,1135,1824,1108,8,162439,12995,2238,1136,1858,2223,1133,1771,97,100,0,600,2291
tas4mix#,494,176,2257,1135,1822,1115,8,162445,12995,2257,1136,1846,2238,1134,1808,98,100,0,600,2291
tas4mix#,494,177,2261,1136,1819,1121,8,162458,12996,2261,1138,1835,2257,1133,1815,98,100,0,599,2291
tas4mix#,494,178,2254,1137,1813,1127,9,162450,12996,2261,1138,1828,2253,1135,1806,98,100,0,600,2282
tas4mix#,494,179,2256,1136,1824,1133,9,162453,12996,2256,1138,1831,2254,1135,1811,98,100,0,600,2291
tas4mix#,494,180,2246,1136,1816,1140,9,162451,12996,2259,1138,1844,2246,1136,1776,98,100,0,600,2277
tas4mix#,494,181,2248,1137,1811,1146,9,162451,12996,2248,1138,1821,2246,1136,1808,98,100,0,600,2274
tas4mix#,494,182,2247,1135,1818,1152,9,162449,12995,2248,1138,1820,2247,1135,1809,98,100,0,600,2277
tas4mix#,494,183,2250,1136,1819,1158,9,162450,12996,2250,1137,1820,2247,1135,1811,98,100,0,600,2279
tas4mix#,494,184,2249,1136,1815,1165,9,162449,12995,2250,1138,1823,2249,1135,1789,98,100,0,600,2277
tas4mix#,494,185,2249,1136,1817,1171,9,162449,12995,2249,1137,1820,2248,1134,1810,98,100,0,600,2279
tas4mix#,494,186,2249,1135,1817,1177,9,162449,12995,2249,1137,1822,2248,1133,1810,98,100,0,600,2279
tas4mix#,494,187,2249,1134,1815,1183,9,162448,12995,2250,1136,1823,2248,1133,1798,98,100,0,600,2277
tas4mix#,494,188,2248,1135,1817,1190,9,162447,12995,2249,1136,1823,2247,1133,1810,98,100,0,600,2279
tas4mix#,494,189,2249,1136,1817,1196,9,162447,12995,2249,1137,1820,2247,1134,1812,98,100,0,600,2277
tas4mix#,494,190,2249,1137,1814,1202,9,162447,12995,2249,1137,1819,2249,1135,1811,98,100,0,600,2277
tas4mix#,494,191,2248,1137,1817,1209,9,162446,12995,2249,1138,1820,2247,1135,1807,98,100,0,599,2279
tas4mix#,494,192,2249,1137,1817,1215,9,162446,12995,2249,1138,1819,2248,1135,1811,98,100,0,599,2282
tas4mix#,494,193,2247,1136,1811,1221,9,162445,12995,2250,1138,1820,2247,1135,1806,99,100,0,600,2268
tas4mix#,494,194,2248,1137,1811,1227,9,162444,12995,2248,1138,1820,2247,1134,1809,98,100,0,599,2277
tas4mix#,494,195,2249,1137,1816,1234,9,162444,12995,2249,1138,1820,2247,1135,1810,98,100,0,600,2282
tas4mix#,494,196,2246,1136,1811,1240,9,162451,12996,2250,1138,1818,2246,1135,1795,98,100,0,600,2271
tas4mix#,494,197,2245,1138,1812,1246,9,162441,12995,2246,1139,1816,2244,1136,1803,98,100,0,600,2277
tas4mix#,494,198,2244,1138,1811,1252,10,162439,12995,2245,1139,1816,2244,1136,1805,98,100,0,600,2274
tas4mix#,494,199,2243,1138,1811,1259,10,162436,12994,2244,1139,1825,2243,1137,1802,98,100,0,600,2274
tas4mix#,494,200,2243,1138,1810,1265,10,162442,12995,2243,1139,1819,2242,1137,1803,98,100,0,600,2271
tas4mix#,494,201,2241,1139,1810,1271,10,162430,12994,2243,1139,1814,2241,1137,1800,98,100,0,600,2274
tas4mix#,494,202,2240,1139,1805,1277,10,162435,12994,2242,1139,1812,2240,1137,1801,98,100,0,600,2268
tas4mix#,494,203,2241,1138,1812,1284,10,162424,12993,2241,1140,1815,2239,1137,1768,98,100,0,600,2274
tas4mix#,494,204,2241,1138,1810,1290,10,162422,12993,2243,1139,1819,2241,1137,1801,98,100,0,600,2268
tas4mix#,494,205,2242,1138,1803,1296,10,162419,12993,2242,1139,1813,2241,1137,1801,98,100,0,600,2268
tas4mix#,494,206,2242,1138,1806,1302,10,162416,12993,2242,1139,1814,2240,1137,1791,98,100,0,600,2271
tas4mix#,494,207,2243,1137,1808,1309,10,162414,12993,2244,1139,1818,2242,1137,1802,98,100,0,600,2268
tas4mix#,494,208,2240,1137,1801,1315,10,162411,12992,2243,1138,1817,2240,1136,1799,98,100,0,601,2265
tas4mix#,494,209,2238,1138,1809,1321,10,162407,12992,2240,1139,1812,2237,1136,1796,98,100,0,601,2268
tas4mix#,494,210,2240,1138,1806,1327,10,162404,12992,2241,1139,1814,2238,1137,1803,98,100,0,601,2268
tas4mix#,494,211,2238,1138,1803,1334,10,162400,12992,2240,1138,1815,2238,1135,1802,98,100,0,601,2265
tas4mix#,494,212,2236,1138,1804,1340,10,162395,12991,2238,1138,1812,2236,1135,1799,98,100,0,601,2262
tas4mix#,494,213,2235,1138,1806,1346,10,162390,12991,2236,1138,1812,2234,1135,1800,98,100,0,601,2265
tas4mix#,494,214,2235,1137,1802,1352,10,162386,12990,2236,1139,1809,2235,1136,1798,98,100,0,601,2262
tas4mix#,494,215,2234,1137,1803,1358,10,162381,12990,2235,1139,1808,2234,1136,1797,98,100,0,601,2262
tas4mix#,494,216,2237,1137,1806,1365,10,162377,12990,2237,1139,1811,2234,1136,1801,98,100,0,600,2265
tas4mix#,494,217,2234,1138,1770,1371,10,162372,12989,2239,1139,1834,2234,1135,1747,99,100,0,600,2240
tas4mix#,494,218,2241,1138,1827,1377,11,162368,12989,2241,1138,1848,2222,1135,1768,98,100,0,600,2285
tas4mix#,494,219,2253,1137,1816,1384,11,162371,12989,2253,1138,1838,2241,1135,1813,98,100,0,600,2282
tas4mix#,494,220,2252,1137,1820,1390,11,162380,12990,2253,1138,1825,2252,1135,1809,98,100,0,600,2279
tas4mix#,494,221,2238,1137,1808,1396,11,162369,12989,2252,1138,1837,2238,1134,1784,99,100,0,600,2242
tas4mix#,494,222,2244,1137,1813,1402,11,162368,12989,2244,1138,1818,2238,1135,1795,98,100,0,600,2277
tas4mix#,494,223,2248,1137,1812,1409,11,162375,12990,2248,1138,1820,2244,1135,1810,98,100,0,600,2282
tas4mix#,494,224,2246,1137,1814,1415,11,162367,12989,2248,1138,1816,2246,1135,1806,98,100,0,600,2274
tas4mix#,494,225,2248,1137,1815,1421,11,162366,12989,2248,1139,1822,2245,1135,1810,98,100,0,600,2277
tas4mix#,494,226,2248,1137,1814,1427,11,162367,12989,2249,1138,1823,2247,1135,1810,98,100,0,600,2279
tas4mix#,494,227,2247,1137,1812,1434,11,162366,12989,2248,1138,1824,2247,1135,1800,98,100,0,599,2271
tas4mix#,494,228,2247,1136,1814,1440,11,162372,12989,2247,1138,1823,2246,1135,1798,98,100,0,600,2277
tas4mix#,494,229,2247,1136,1816,1446,11,162365,12989,2247,1138,1824,2246,1134,1802,98,100,0,600,2274
tas4mix#,494,230,2243,1135,1810,1452,11,162370,12989,2247,1139,1816,2243,1135,1766,99,100,0,600,2262
tas4mix#,494,231,2243,1135,1814,1459,11,162361,12988,2243,1138,1817,2242,1135,1805,98,100,0,601,2271
tas4mix#,494,232,2243,1136,1809,1465,11,162359,12988,2244,1137,1834,2243,1134,1805,98,100,0,601,2271
tas4mix#,494,233,2239,1137,1797,1471,11,162356,12988,2243,1138,1815,2239,1135,1794,98,100,0,600,2268
tas4mix#,494,234,2239,1138,1804,1477,11,162353,12988,2239,1138,1814,2238,1136,1797,98,100,0,601,2265
tas4mix#,494,235,2239,1136,1803,1483,11,162350,12988,2239,1138,1813,2238,1136,1802,98,100,0,600,2265
tas4mix#,494,236,2235,1137,1802,1490,11,162345,12987,2239,1138,1813,2235,1135,1800,98,100,0,600,2262
tas4mix#,494,237,2235,1137,1804,1496,11,162341,12987,2235,1138,1810,2235,1135,1800,98,100,0,601,2265
tas4mix#,494,238,2235,1136,1804,1502,12,162344,12987,2236,1138,1810,2235,1136,1802,98,100,0,601,2265
tas4mix#,494,239,2234,1138,1803,1508,12,162333,12986,2235,1138,1810,2234,1136,1798,98,100,0,601,2259
tas4mix#,494,240,2228,1136,1840,1515,12,162327,12986,2236,1138,1840,2226,1135,1775,98,100,0,601,2265
tas4mix#,494,241,2254,1136,1825,1521,12,162332,12986,2254,1137,1850,2228,1135,1804,98,100,0,601,2288
tas4mix#,494,242,2251,1136,1816,1527,12,162340,12987,2256,1137,1831,2251,1135,1809,98,100,0,601,2277
tas4mix#,494,243,2252,1137,1817,1534,12,162334,12986,2252,1138,1830,2251,1135,1810,98,100,0,601,2277
tas4mix#,494,244,2244,1137,1809,1540,12,162332,12986,2252,1138,1841,2244,1136,1796,98,100,0,601,2271
tas4mix#,494,245,2242,1138,1808,1546,12,162330,12986,2244,1138,1822,2242,1135,1807,98,100,0,601,2271
tas4mix#,494,246,2243,1136,1813,1552,12,162329,12986,2243,1138,1820,2241,1134,1795,98,100,0,600,2274
tas4mix#,494,247,2245,1135,1813,1559,12,162328,12986,2245,1137,1820,2243,1134,1811,98,100,0,600,2274
tas4mix#,494,248,2243,1137,1810,1565,12,162333,12986,2245,1137,1823,2243,1134,1808,98,100,0,600,2271
tas4mix#,494,249,2244,1136,1815,1571,12,162325,12986,2244,1137,1819,2243,1134,1796,98,100,0,600,2274
tas4mix#,494,250,2245,1136,1811,1577,12,162324,12985,2245,1137,1818,2244,1135,1808,98,100,0,600,2274
tas4mix#,494,251,2239,1136,1807,1584,12,162321,12985,2245,1137,1812,2239,1135,1802,98,100,0,600,2262
tas4mix#,494,252,2236,1136,1804,1590,12,162324,12985,2239,1137,1812,2236,1135,1795,98,100,0,600,2262
tas4mix#,494,253,2235,1136,1804,1596,12,162314,12985,2236,1137,1813,2235,1134,1801,98,100,0,600,2265
tas4mix#,494,254,2231,1135,1802,1602,12,162309,12984,2235,1137,1806,2231,1134,1798,98,100,0,600,2262
tas4mix#,494,255,2231,1136,1804,1608,12,162310,12984,2231,1137,1809,2230,1134,1800,98,100,0,599,2259
tas4mix#,494,256,2232,1136,1801,1615,12,162300,12984,2232,1137,1814,2231,1135,1800,98,100,0,600,2262
tas4mix#,494,257,2229,1136,1801,1621,12,162294,12983,2232,1137,1806,2229,1134,1797,98,100,0,600,2257
tas4mix#,494,258,2230,1136,1803,1627,13,162290,12983,2230,1137,1814,2229,1135,1798,98,100,0,600,2262
tas4mix#,494,259,2233,1135,1802,1633,13,162292,12983,2233,1137,1816,2230,1134,1801,98,100,0,600,2259
tas4mix#,494,260,2230,1137,1800,1639,13,162280,12982,2233,1137,1814,2230,1134,1799,98,100,0,600,2259
tas4mix#,494,261,2231,1135,1805,1646,13,162276,12982,2231,1137,1814,2230,1134,1800,98,100,0,600,2265
tas4mix#,494,262,2233,1136,1803,1652,13,162272,12981,2233,1137,1816,2231,1133,1801,98,100,0,600,2262
tas4mix#,494,263,2231,1133,1804,1658,13,162268,12981,2233,1137,1815,2231,1133,1799,98,100,0,600,2257
tas4mix#,494,264,2231,1136,1779,1664,13,162269,12981,2231,1136,1813,2230,1133,1773,98,100,0,600,2262
tas4mix#,494,265,2224,1135,1808,1670,13,162258,12980,2236,1137,1844,2224,1133,1776,99,100,0,600,2242
tas4mix#,494,266,2250,1134,1827,1677,13,162261,12980,2250,1136,1852,2224,1133,1797,98,100,0,599,2285
tas4mix#,494,267,2243,1135,1793,1683,13,162259,12980,2250,1137,1840,2243,1133,1788,99,100,0,600,2257
tas4mix#,494,268,2246,1134,1820,1689,13,162259,12980,2246,1136,1824,2240,1133,1789,98,100,0,600,2279
tas4mix#,494,269,2246,1133,1818,1695,13,162265,12981,2246,1135,1825,2246,1132,1814,98,100,0,600,2274
tas4mix#,494,270,2248,1135,1819,1702,13,162259,12980,2248,1136,1821,2246,1133,1814,98,100,0,600,2277
tas4mix#,494,271,2247,1134,1816,1708,13,162259,12980,2248,1136,1822,2247,1133,1809,98,100,0,600,2274
tas4mix#,494,272,2240,1135,1811,1714,13,162256,12980,2247,1136,1822,2240,1132,1804,98,100,0,600,2265
tas4mix#,494,273,2238,1135,1807,1720,13,162254,12980,2240,1135,1817,2238,1132,1805,98,100,0,599,2265
tas4mix#,494,274,2235,1135,1806,1727,13,162250,12980,2238,1136,1813,2235,1133,1801,98,100,0,600,2262
tas4mix#,494,275,2231,1135,1802,1733,13,162246,12979,2235,1136,1811,2231,1134,1801,98,100,0,600,2259
tas4mix#,494,276,2231,1135,1804,1739,13,162242,12979,2231,1136,1810,2230,1133,1801,98,100,0,600,2259
tas4mix#,494,277,2233,1134,1805,1745,13,162244,12979,2233,1136,1817,2231,1133,1804,98,100,0,600,2262
tas4mix#,494,278,2220,1135,1785,1751,14,162231,12978,2233,1137,1843,2220,1133,1776,99,100,0,600,2231
tas4mix#,494,279,2152,1135,1726,1758,14,162220,12977,2220,1136,1832,2152,1134,1726,98,100,0,600,2191
tas4mix#,494,280,2149,1136,1805,1764,14,162195,12975,2152,1137,1813,2142,1134,1723,97,100,0,600,2205
tas4mix#,494,281,2129,1137,1721,1770,14,162172,12973,2230,1137,1812,2129,1135,1721,98,100,0,600,2157
tas4mix#,494,282,2130,1136,1729,1776,14,162137,12971,2130,1137,1743,2128,1135,1721,98,100,0,600,2160
tas4mix#,494,283,2132,1137,1724,1782,14,162114,12969,2134,1137,1807,2130,1135,1721,98,100,0,600,2163
tas4mix#,494,284,2129,1136,1723,1788,14,162079,12966,2133,1137,1737,2128,1134,1716,98,100,0,600,2160
tas4mix#,494,285,2129,1136,1737,1793,14,162056,12964,2129,1137,1743,2128,1134,1720,98,100,0,600,2160
tas4mix#,494,286,2133,1134,1729,1799,14,162022,12961,2133,1137,1801,2129,1134,1722,98,100,0,600,2166
tas4mix#,494,287,2129,1137,1724,1805,14,161993,12959,2133,1137,1737,2129,1133,1718,98,100,0,601,2160
tas4mix#,494,288,2128,1137,1727,1811,14,161965,12957,2129,1138,1741,2127,1135,1718,98,100,0,600,2160
tas4mix#,494,289,2131,1137,1719,1817,14,161937,12955,2132,1138,1812,2128,1134,1718,98,100,0,600,2154
tas4mix#,494,290,2129,1137,1722,1823,14,161909,12952,2131,1138,1740,2129,1134,1719,98,100,0,600,2160
tas4mix#,494,291,2127,1136,1722,1829,14,161880,12950,2129,1138,1738,2127,1134,1718,98,100,0,600,2157
tas4mix#,494,292,2130,1135,1727,1835,14,161853,12948,2130,1137,1808,2127,1134,1719,97,100,0,600,2177
tas4mix#,494,293,2127,1136,1723,1841,14,161825,12946,2130,1136,1742,2127,1133,1720,98,100,0,600,2160
tas4mix#,494,294,2128,1136,1725,1847,14,161803,12944,2128,1137,1741,2127,1134,1718,98,100,0,600,2160
tas4mix#,494,295,2129,1135,1722,1853,14,161770,12941,2129,1137,1797,2128,1134,1717,98,100,0,600,2160
tas4mix#,494,296,2127,1136,1724,1859,14,161743,12939,2129,1136,1741,2127,1134,1718,98,100,0,599,2157
tas4mix#,494,297,2127,1135,1722,1864,14,161721,12937,2128,1136,1742,2127,1133,1720,98,100,0,599,2154
tas4mix#,494,298,2128,1136,1722,1870,14,161689,12935,2129,1137,1742,2127,1134,1720,98,100,0,600,2160
tas4mix#,494,299,2129,1137,1722,1876,15,161663,12933,2130,1137,1795,2128,1135,1720,98,100,0,600,2157
tas4mix#,494,300,2130,1135,1724,1882,15,161642,12931,2130,1137,1743,2128,1133,1721,98,100,0,599,2160
tas4mix#,494,301,2127,1135,1721,1888,15,161610,12928,2130,1137,1742,2127,1134,1717,98,100,0,600,2154
tas4mix#,494,302,2128,1136,1725,1894,15,161584,12926,2129,1137,1798,2126,1133,1719,98,100,0,600,2157
tas4mix#,494,303,2128,1136,1723,1900,15,161563,12925,2128,1136,1740,2127,1134,1720,98,100,0,599,2160
tas4mix#,494,304,2128,1136,1723,1906,15,161532,12922,2129,1137,1739,2128,1134,1719,98,100,0,600,2157
tas4mix#,494,305,2128,1135,1725,1912,15,161512,12921,2129,1137,1800,2128,1133,1717,98,100,0,600,2163
tas4mix#,494,306,2128,1133,1725,1918,15,161481,12918,2129,1136,1743,2128,1133,1719,98,100,0,600,2157
tas4mix#,494,307,2126,1135,1721,1924,15,161456,12916,2128,1136,1741,2126,1133,1719,98,100,0,600,2151
tas4mix#,494,308,2128,1134,1724,1930,15,161431,12914,2128,1136,1799,2125,1133,1720,98,100,0,600,2160
tas4mix#,494,309,2126,1135,1723,1936,15,161405,12912,2128,1136,1741,2126,1133,1719,98,100,0,600,2157
tas4mix#,494,310,2126,1136,1720,1942,15,161380,12910,2127,1136,1740,2126,1134,1716,98,100,0,599,2157
tas4mix#,494,311,2126,1136,1720,1948,15,161355,12908,2128,1136,1796,2125,1133,1718,98,100,0,600,2151
tas4mix#,494,312,2127,1136,1722,1954,15,161330,12906,2127,1136,1741,2126,1134,1718,98,100,0,600,2157
tas4mix#,494,313,2127,1135,1723,1959,15,161306,12904,2127,1136,1742,2126,1134,1719,98,100,0,600,2157
tas4mix#,494,314,2127,1134,1722,1965,15,161282,12902,2128,1136,1799,2126,1133,1720,98,100,0,600,2154
tas4mix#,494,315,2129,1136,1724,1971,15,161263,12901,2129,1136,1741,2127,1133,1721,98,100,0,600,2160
tas4mix#,494,316,2126,1132,1727,1977,15,161234,12898,2129,1136,1740,2126,1131,1719,98,100,0,600,2157
tas4mix#,494,317,2128,1133,1725,1983,15,161210,12896,2128,1135,1810,2126,1131,1722,98,100,0,600,2154
tas4mix#,494,318,2128,1134,1725,1989,15,161187,12894,2129,1135,1743,2127,1132,1721,98,100,0,600,2160
tas4mix#,494,319,2127,1134,1725,1995,15,161168,12893,2128,1135,1743,2126,1132,1720,98,100,0,600,2157
tas4mix#,494,320,2128,1134,1725,2001,16,161139,12891,2128,1135,1804,2124,1133,1719,98,100,0,600,2157
tas4mix#,494,321,2003,1135,1633,2007,16,161098,12887,2128,1136,1754,2000,1133,1623,98,100,0,600,2035
tas4mix#,494,322,2016,1135,1625,2012,16,161049,12883,2125,1136,1751,2003,1133,1622,98,100,0,600,2041
tas4mix#,494,323,2010,1135,1623,2018,16,160999,12879,2016,1135,1745,2007,1133,1622,97,100,0,600,2060
tas4mix#,494,324,1887,1135,1543,2023,16,160940,12875,2010,1136,1679,1881,1133,1529,97,100,0,600,1930
tas4mix#,494,325,1901,1134,1533,2028,16,160867,12869,2042,1136,1676,1887,1133,1530,99,100,0,600,1913
tas4mix#,494,326,1892,1134,1530,2034,16,160792,12863,1901,1136,1548,1892,1133,1529,98,100,0,600,1918
tas4mix#,494,327,1888,1134,1532,2039,16,160719,12857,1896,1136,1674,1888,1133,1530,98,100,0,600,1913
tas4mix#,494,328,1887,1133,1532,2044,16,160645,12851,1890,1135,1545,1887,1132,1529,98,100,0,600,1907
tas4mix#,494,329,1883,1134,1529,2050,16,160571,12845,1887,1135,1547,1883,1132,1528,98,100,0,600,1907
tas4mix#,494,330,1884,1135,1529,2055,16,160498,12839,1888,1136,1670,1883,1132,1528,98,100,0,600,1907
tas4mix#,494,331,1881,1135,1528,2060,16,160424,12833,1886,1136,1546,1881,1133,1526,98,100,0,600,1904
tas4mix#,494,332,1881,1133,1540,2065,16,160350,12828,1881,1135,1541,1877,1132,1526,97,100,0,600,1921
tas4mix#,494,333,1884,1135,1538,2070,16,160278,12822,1885,1135,1666,1881,1132,1523,98,100,0,600,1918
tas4mix#,494,334,1883,1135,1536,2076,16,160206,12816,1884,1136,1538,1883,1134,1530,98,100,0,600,1918
tas4mix#,494,335,1881,1134,1538,2081,16,160133,12810,1883,1136,1540,1879,1133,1524,98,100,0,600,1918
tas4mix#,494,336,1883,1135,1536,2086,16,160062,12805,1883,1136,1666,1880,1132,1523,98,100,0,600,1915
tas4mix#,494,337,1882,1135,1536,2092,16,159991,12799,1883,1136,1539,1879,1133,1525,98,100,0,601,1918
tas4mix#,494,338,1880,1133,1538,2097,16,159919,12793,1882,1135,1539,1877,1132,1525,98,100,0,600,1918
tas4mix#,494,339,1881,1135,1524,2102,16,159849,12787,1886,1136,1667,1880,1132,1524,98,100,0,600,1901
tas4mix#,494,340,1879,1135,1523,2107,16,159779,12782,1882,1136,1538,1879,1133,1523,98,100,0,599,1901
tas4mix#,494,341,1877,1134,1524,2113,16,159708,12776,1881,1136,1537,1877,1133,1523,98,100,0,600,1901
tas4mix#,494,342,1880,1136,1534,2118,16,159639,12771,1880,1136,1663,1874,1133,1519,98,100,0,600,1915
tas4mix#,494,343,1877,1134,1523,2123,16,159574,12765,1881,1136,1536,1877,1134,1523,98,100,0,600,1901
tas4mix#,494,344,1881,1135,1535,2128,17,159501,12760,1881,1136,1538,1876,1134,1523,98,100,0,600,1915
tas4mix#,494,345,1882,1134,1535,2133,17,159433,12754,1882,1135,1662,1877,1133,1522,98,100,0,600,1915
tas4mix#,494,346,1878,1134,1529,2139,17,159364,12749,1882,1135,1541,1878,1133,1526,98,100,0,600,1907
tas4mix#,494,347,1878,1135,1533,2144,17,159296,12743,1878,1136,1536,1874,1133,1523,98,100,0,600,1915
tas4mix#,494,348,1882,1135,1534,2149,17,159229,12738,1882,1136,1672,1876,1134,1521,98,100,0,600,1915
tas4mix#,494,349,1878,1134,1525,2154,17,159162,12733,1883,1136,1537,1878,1133,1521,98,100,0,600,1901
tas4mix#,494,350,1877,1134,1523,2160,17,159096,12727,1880,1135,1559,1877,1132,1519,98,100,0,600,1901
tas4mix#,494,351,1879,1136,1523,2165,17,159030,12722,1880,1136,1662,1876,1133,1518,98,100,0,600,1898
tas4mix#,494,352,1878,1135,1533,2170,17,158963,12717,1879,1136,1546,1874,1134,1521,97,100,0,600,1918
tas4mix#,494,353,1878,1135,1533,2175,17,158897,12711,1878,1136,1544,1875,1134,1521,98,100,0,600,1915
tas4mix#,494,354,1885,1134,1534,2181,17,158834,12706,1885,1136,1663,1878,1133,1526,96,100,0,600,1944
tas4mix#,494,355,1879,1134,1535,2186,17,158768,12701,1885,1135,1537,1877,1132,1522,98,100,0,600,1913
tas4mix#,494,356,1877,1135,1532,2191,17,158708,12696,1879,1136,1535,1875,1133,1520,98,100,0,600,1913
tas4mix#,494,357,1877,1135,1534,2196,17,158638,12691,1878,1136,1534,1874,1134,1520,98,100,0,600,1913
tas4mix#,494,358,1873,1135,1520,2201,17,158578,12686,1881,1136,1675,1873,1134,1512,98,100,0,600,1907
tas4mix#,494,359,1876,1135,1534,2207,17,158510,12680,1876,1136,1535,1871,1134,1520,97,100,0,600,1915
tas4mix#,494,360,1877,1135,1533,2212,17,158446,12675,1877,1136,1535,1874,1134,1521,98,100,0,600,1913
tas4mix#,494,361,1882,1134,1535,2217,17,158390,12671,1883,1136,1672,1877,1133,1525,98,100,0,600,1913
tas4mix#,494,362,1873,1134,1522,2223,17,158321,12665,1882,1136,1535,1873,1133,1520,98,100,0,600,1901
tas4mix#,494,363,1874,1134,1523,2228,17,158259,12660,1877,1135,1535,1873,1133,1521,98,100,0,600,1898
tas4mix#,494,364,1876,1134,1522,2233,17,158197,12655,1880,1135,1665,1873,1133,1521,98,100,0,599,1901
tas4mix#,494,365,1875,1135,1523,2238,17,158136,12650,1878,1135,1540,1875,1132,1521,98,100,0,600,1898
tas4mix#,494,366,1877,1134,1527,2243,17,158075,12646,1878,1136,1536,1874,1133,1521,98,100,0,600,1904
tas4mix#,494,367,1878,1134,1534,2248,17,158014,12641,1879,1136,1652,1875,1133,1515,98,100,0,600,1910
tas4mix#,494,368,1879,1134,1534,2254,18,157954,12636,1879,1136,1538,1878,1133,1526,98,100,0,600,1913
tas4mix#,494,369,1877,1134,1533,2259,18,157893,12631,1880,1135,1536,1874,1133,1522,98,100,0,600,1913
tas4mix#,494,370,1875,1135,1523,2264,18,157833,12626,1880,1136,1662,1875,1133,1520,98,100,0,600,1898
tas4mix#,494,371,1874,1135,1521,2270,18,157773,12621,1878,1136,1534,1874,1133,1520,98,100,0,600,1898
tas4mix#,494,372,1875,1135,1533,2275,18,157713,12617,1875,1136,1535,1871,1133,1520,98,100,0,600,1913
tas4mix#,494,373,1878,1133,1534,2280,18,157659,12612,1878,1135,1660,1874,1132,1516,98,100,0,600,1913
tas4mix#,494,374,1877,1134,1531,2285,18,157596,12607,1879,1135,1535,1874,1133,1521,98,100,0,600,1910
tas4mix#,494,375,1876,1135,1532,2291,18,157537,12602,1877,1135,1535,1873,1132,1519,98,100,0,600,1910
tas4mix#,494,376,1873,1134,1521,2296,18,157478,12598,1876,1135,1661,1872,1133,1516,98,100,0,600,1898
tas4mix#,494,377,1874,1135,1522,2301,18,157424,12593,1876,1135,1535,1872,1133,1520,98,100,0,600,1898
tas4mix#,494,378,1873,1133,1523,2306,18,157366,12589,1876,1135,1536,1872,1132,1520,98,100,0,600,1898
tas4mix#,494,379,1881,1134,1532,2311,18,157306,12584,1881,1136,1674,1872,1132,1522,98,100,0,600,1910
tas4mix#,494,380,1880,1134,1533,2316,18,157250,12580,1881,1136,1564,1880,1133,1527,98,100,0,600,1913
tas4mix#,494,381,1880,1135,1531,2322,18,157194,12575,1881,1136,1535,1880,1132,1525,98,100,0,600,1913
tas4mix#,494,382,1884,1133,1534,2327,18,157139,12571,1884,1136,1673,1879,1133,1525,98,100,0,600,1913
tas4mix#,494,383,1877,1134,1522,2332,18,157082,12566,1884,1135,1536,1877,1132,1521,98,100,0,600,1898
tas4mix#,494,384,1874,1135,1520,2338,18,157026,12562,1878,1136,1535,1874,1133,1520,98,100,0,600,1895
tas4mix#,494,385,1877,1135,1520,2343,18,156971,12557,1877,1136,1660,1873,1132,1515,97,100,0,601,1918
tas4mix#,494,386,1874,1134,1524,2348,18,156915,12553,1877,1135,1539,1874,1131,1520,98,100,0,600,1895
tas4mix#,494,387,1873,1134,1522,2353,18,156860,12548,1876,1135,1536,1873,1132,1520,98,100,0,601,1895
tas4mix#,494,388,1877,1134,1559,2359,18,156810,12544,1877,1135,1665,1872,1132,1520,98,100,0,601,1913
tas4mix#,494,389,1877,1133,1534,2364,18,156752,12540,1881,1136,1559,1876,1132,1524,98,100,0,601,1913
tas4mix#,494,390,1875,1133,1522,2369,18,156698,12535,1879,1136,1535,1875,1132,1520,98,100,0,601,1898
tas4mix#,494,391,1879,1132,1536,2374,18,156644,12531,1879,1135,1538,1874,1131,1521,98,100,0,601,1913
tas4mix#,494,392,1878,1134,1534,2379,19,156591,12527,1883,1135,1667,1877,1132,1521,98,100,0,601,1913
tas4mix#,494,393,1876,1134,1534,2385,19,156538,12523,1878,1136,1538,1874,1132,1519,98,100,0,601,1913
tas4mix#,494,394,1876,1134,1533,2390,19,156484,12518,1877,1136,1536,1873,1132,1520,98,100,0,600,1913
tas4mix#,494,395,1877,1133,1535,2395,19,156432,12514,1880,1136,1664,1875,1132,1519,98,100,0,600,1910
tas4mix#,494,396,1880,1133,1535,2400,19,156380,12510,1880,1135,1538,1877,1131,1527,98,100,0,600,1913
tas4mix#,494,397,1880,1133,1536,2406,19,156333,12506,1880,1135,1538,1880,1132,1529,98,100,0,600,1913
tas4mix#,494,398,1882,1132,1538,2411,19,156278,12502,1884,1134,1665,1880,1131,1527,98,100,0,600,1913
tas4mix#,494,399,1878,1132,1537,2416,19,156226,12498,1882,1135,1538,1876,1131,1521,98,100,0,600,1913
tas4mix#,494,400,1879,1133,1535,2421,19,156176,12494,1879,1134,1537,1878,1131,1528,98,100,0,600,1913
tas4mix#,494,401,1881,1133,1534,2426,19,156126,12490,1884,1135,1662,1879,1132,1527,98,100,0,600,1913
tas4mix#,494,402,1877,1134,1523,2432,19,156075,12486,1881,1135,1537,1877,1132,1522,98,100,0,600,1898
tas4mix#,494,403,1879,1133,1535,2437,19,156025,12482,1879,1135,1537,1876,1131,1522,98,100,0,600,1913
tas4mix#,494,404,1879,1133,1533,2442,19,155975,12478,1880,1135,1664,1877,1131,1516,98,100,0,599,1915
tas4mix#,494,405,1877,1133,1534,2447,19,155924,12473,1879,1135,1536,1874,1132,1520,98,100,0,600,1913
tas4mix#,494,406,1879,1134,1533,2453,19,155875,12470,1879,1135,1547,1877,1132,1527,98,100,0,600,1913
tas4mix#,494,407,1880,1133,1534,2458,19,155826,12466,1880,1135,1685,1874,1133,1519,98,100,0,600,1913
tas4mix#,494,408,1877,1133,1535,2463,19,155776,12462,1880,1134,1538,1875,1131,1523,98,100,0,600,1913
tas4mix#,494,409,1877,1131,1537,2468,19,155727,12458,1878,1134,1551,1874,1130,1521,98,100,0,600,1913
tas4mix#,494,410,1880,1132,1536,2474,19,155679,12454,1880,1134,1680,1874,1130,1522,98,100,0,599,1913
tas4mix#,494,411,1878,1133,1534,2479,19,155630,12450,1880,1134,1548,1876,1131,1522,98,100,0,600,1913
tas4mix#,494,412,1875,1131,1526,2484,19,155581,12446,1879,1134,1537,1875,1131,1522,98,100,0,600,1898
tas4mix#,494,413,1879,1132,1537,2489,19,155537,12442,1879,1132,1671,1871,1129,1524,98,100,0,600,1915
tas4mix#,494,414,1879,1132,1536,2494,19,155486,12438,1880,1132,1541,1879,1128,1529,98,100,0,600,1913
tas4mix#,494,415,1877,1133,1534,2500,20,155442,12435,1880,1133,1538,1875,1131,1523,98,100,0,600,1910
tas4mix#,494,416,1883,1134,1537,2505,20,155391,12431,1883,1134,1666,1877,1131,1527,96,100,0,600,1944
tas4mix#,494,417,1877,1134,1521,2510,20,155344,12427,1883,1134,1537,1877,1132,1521,98,100,0,600,1898
tas4mix#,494,418,1878,1133,1533,2515,20,155297,12423,1878,1135,1536,1876,1132,1521,98,100,0,600,1910
tas4mix#,494,419,1879,1134,1535,2521,20,155251,12420,1879,1134,1541,1878,1132,1527,98,100,0,600,1915
tas4mix#,494,420,1882,1133,1535,2526,20,155206,12416,1884,1135,1666,1879,1131,1528,98,100,0,600,1913
tas4mix#,494,421,1881,1134,1534,2531,20,155160,12412,1883,1135,1536,1881,1132,1527,98,100,0,600,1913
tas4mix#,494,422,1873,1134,1522,2537,20,155113,12409,1882,1135,1535,1873,1133,1521,98,100,0,599,1901
tas4mix#,494,423,1875,1133,1526,2542,20,155067,12405,1879,1135,1663,1873,1130,1516,98,100,0,600,1898
tas4mix#,494,424,1875,1133,1523,2547,20,155021,12401,1878,1135,1573,1874,1131,1513,98,100,0,600,1904
tas4mix#,494,425,1875,1134,1522,2552,20,154979,12398,1878,1135,1536,1875,1132,1520,98,100,0,600,1898
tas4mix#,494,426,1876,1133,1525,2557,20,154931,12394,1880,1135,1687,1874,1131,1521,98,100,0,600,1898
tas4mix#,494,427,1875,1131,1539,2563,20,154885,12390,1876,1134,1547,1871,1130,1522,98,100,0,600,1913
tas4mix#,494,428,1875,1132,1525,2568,20,154840,12387,1878,1134,1539,1875,1130,1521,98,100,0,600,1898
tas4mix#,494,429,1880,1132,1536,2573,20,154796,12383,1880,1134,1666,1874,1131,1522,98,100,0,600,1913
tas4mix#,494,430,1877,1131,1538,2578,20,154755,12380,1880,1134,1539,1875,1131,1523,98,100,0,600,1910
tas4mix#,494,431,1876,1134,1535,2584,20,154707,12376,1878,1134,1539,1873,1130,1522,98,100,0,600,1910
tas4mix#,494,432,1878,1130,1538,2589,20,154663,12373,1878,1134,1665,1875,1130,1518,98,100,0,600,1913
tas4mix#,494,433,1877,1133,1536,2594,20,154619,12369,1878,1134,1540,1875,1130,1524,98,100,0,600,1913
tas4mix#,494,434,1876,1132,1535,2599,20,154575,12366,1878,1134,1539,1874,1130,1524,98,100,0,600,1910
tas4mix#,494,435,1882,1133,1534,2604,20,154533,12362,1882,1134,1665,1876,1130,1529,98,100,0,600,1913
tas4mix#,494,436,1877,1133,1534,2610,20,154490,12359,1882,1134,1548,1875,1131,1522,98,100,0,600,1913
tas4mix#,494,437,1876,1131,1538,2615,20,154446,12355,1878,1134,1539,1874,1130,1521,98,100,0,600,1910
tas4mix#,494,438,1879,1132,1537,2620,20,154404,12352,1879,1133,1678,1873,1129,1524,98,100,0,600,1913
tas4mix#,494,439,1876,1132,1536,2625,21,154364,12349,1879,1134,1551,1874,1130,1521,98,100,0,600,1913
tas4mix#,494,440,1877,1133,1534,2631,21,154318,12345,1877,1134,1568,1875,1131,1522,98,100,0,600,1910
tas4mix#,494,441,1878,1133,1522,2636,21,154276,12342,1883,1134,1672,1877,1131,1519,98,100,0,600,1898
tas4mix#,494,442,1875,1133,1520,2641,21,154237,12339,1878,1134,1538,1875,1131,1520,98,100,0,599,1898
tas4mix#,494,443,1878,1133,1532,2646,21,154192,12335,1878,1135,1543,1874,1131,1520,98,100,0,599,1913
tas4mix#,494,444,1879,1134,1532,2652,21,154151,12332,1879,1135,1664,1874,1132,1521,98,100,0,599,1910
tas4mix#,494,445,1875,1134,1522,2657,21,154109,12328,1879,1135,1535,1875,1132,1521,98,100,0,600,1898
tas4mix#,494,446,1873,1134,1534,2662,21,154067,12325,1875,1134,1536,1870,1132,1521,97,100,0,600,1913
tas4mix#,494,447,1877,1133,1522,2667,21,154026,12322,1877,1135,1660,1873,1131,1517,97,100,0,600,1930
tas4mix#,494,448,1874,1132,1527,2672,21,153984,12318,1878,1134,1537,1874,1130,1521,98,100,0,600,1895
tas4mix#,494,449,1878,1131,1537,2678,21,153944,12315,1878,1133,1543,1873,1130,1523,98,100,0,600,1913
tas4mix#,494,450,1875,1131,1553,2683,21,153903,12312,1878,1132,1553,1873,1130,1523,98,100,0,600,1913
tas4mix#,494,451,1877,1132,1536,2688,21,153863,12309,1880,1133,1648,1875,1129,1524,98,100,0,600,1910
tas4mix#,494,452,1876,1131,1534,2693,21,153823,12305,1878,1133,1537,1876,1130,1527,98,100,0,600,1904
tas4mix#,494,453,1875,1132,1522,2699,21,153786,12302,1878,1133,1539,1875,1131,1522,98,100,0,599,1895
tas4mix#,494,454,1875,1132,1524,2704,21,153742,12299,1879,1134,1666,1874,1131,1521,98,100,0,600,1898
tas4mix#,494,455,1873,1132,1527,2709,21,153706,12296,1876,1133,1537,1873,1130,1523,98,100,0,600,1895
tas4mix#,494,456,1873,1132,1525,2714,21,153662,12293,1876,1133,1541,1872,1130,1523,98,100,0,600,1895
tas4mix#,494,457,1875,1131,1526,2720,21,153627,12290,1879,1133,1667,1873,1130,1523,98,100,0,599,1898
tas4mix#,494,458,1874,1132,1523,2725,21,153584,12286,1877,1133,1538,1874,1130,1523,98,100,0,599,1898
tas4mix#,494,459,1874,1133,1523,2730,21,153544,12283,1877,1134,1537,1873,1131,1522,98,100,0,600,1898
tas4mix#,494,460,1875,1132,1525,2735,21,153506,12280,1879,1133,1666,1873,1131,1522,98,100,0,599,1898
tas4mix#,494,461,1878,1133,1534,2740,21,153467,12277,1878,1134,1540,1874,1131,1523,98,100,0,600,1913
tas4mix#,494,462,1876,1132,1534,2746,21,153428,12274,1878,1134,1537,1873,1131,1521,98,100,0,600,1913
tas4mix#,494,463,1877,1132,1534,2751,22,153390,12271,1877,1134,1662,1875,1131,1515,98,100,0,600,1910
tas4mix#,494,464,1876,1133,1527,2756,22,153352,12268,1878,1134,1537,1876,1131,1526,98,100,0,600,1904
tas4mix#,494,465,1878,1132,1533,2761,22,153317,12265,1878,1134,1536,1875,1131,1523,98,100,0,600,1910
tas4mix#,494,466,1879,1133,1532,2767,22,153276,12262,1879,1134,1663,1875,1131,1517,98,100,0,600,1913
tas4mix#,494,467,1875,1133,1523,2772,22,153238,12259,1879,1134,1537,1875,1131,1521,98,100,0,600,1898
tas4mix#,494,468,1874,1132,1524,2777,22,153201,12256,1878,1134,1539,1874,1130,1522,98,100,0,600,1898
tas4mix#,494,469,1877,1132,1524,2782,22,153164,12253,1881,1133,1682,1874,1131,1520,99,100,0,600,1895
tas4mix#,494,470,1874,1133,1523,2788,22,153126,12250,1878,1134,1562,1874,1131,1521,98,100,0,600,1895
tas4mix#,494,471,1876,1131,1535,2793,22,153089,12247,1876,1135,1536,1873,1131,1522,98,100,0,600,1910
tas4mix#,494,472,1878,1132,1525,2798,22,153052,12244,1881,1134,1684,1876,1131,1517,98,100,0,599,1901
tas4mix#,494,473,1878,1132,1535,2803,22,153016,12241,1878,1135,1550,1876,1131,1524,98,100,0,600,1913
tas4mix#,494,474,1876,1131,1537,2808,22,152979,12238,1879,1133,1539,1874,1130,1522,98,100,0,600,1913
tas4mix#,494,475,1877,1133,1523,2814,22,152942,12235,1878,1134,1663,1875,1130,1515,98,100,0,601,1898
tas4mix#,494,476,1878,1133,1535,2819,22,152906,12232,1878,1133,1537,1875,1131,1522,98,100,0,601,1910
tas4mix#,494,477,1879,1133,1534,2824,22,152870,12229,1879,1134,1538,1878,1130,1528,98,100,0,601,1910
tas4mix#,494,478,1878,1132,1535,2829,22,152834,12226,1879,1134,1663,1873,1130,1521,97,100,0,601,1918
tas4mix#,494,479,1875,1133,1533,2835,22,152801,12224,1878,1134,1537,1873,1131,1521,98,100,0,601,1910
tas4mix#,494,480,1873,1132,1523,2840,22,152765,12221,1877,1134,1536,1873,1131,1520,98,100,0,601,1895
tas4mix#,494,481,1877,1134,1551,2845,22,152730,12218,1877,1134,1664,1872,1132,1520,98,100,0,600,1913
tas4mix#,494,482,1877,1134,1533,2850,22,152694,12215,1881,1134,1551,1877,1132,1526,98,100,0,600,1904
tas4mix#,494,483,1874,1133,1533,2856,22,152655,12212,1877,1134,1534,1872,1132,1520,98,100,0,601,1910
tas4mix#,494,484,1873,1133,1533,2861,22,152620,12209,1875,1135,1535,1871,1132,1520,98,100,0,601,1907
tas4mix#,494,485,1875,1132,1533,2866,22,152585,12206,1878,1134,1659,1873,1131,1520,98,100,0,601,1910
tas4mix#,494,486,1875,1133,1533,2871,22,152549,12203,1876,1134,1536,1872,1132,1522,98,100,0,600,1910
tas4mix#,494,487,1875,1133,1534,2876,23,152514,12201,1876,1134,1538,1872,1131,1522,98,100,0,600,1910
tas4mix#,494,488,1877,1132,1529,2882,23,152480,12198,1879,1134,1661,1875,1131,1523,98,100,0,600,1901
tas4mix#,494,489,1875,1132,1535,2887,23,152445,12195,1877,1134,1536,1872,1131,1521,98,100,0,600,1910
tas4mix#,494,490,1877,1132,1533,2892,23,152414,12193,1878,1133,1582,1875,1131,1524,98,100,0,600,1910
tas4mix#,494,491,1880,1131,1537,2897,23,152378,12190,1882,1134,1679,1877,1130,1529,98,100,0,600,1913
tas4mix#,494,492,1877,1131,1526,2903,23,152347,12187,1880,1133,1544,1877,1130,1523,99,100,0,600,1895
tas4mix#,494,493,1698,1134,1377,2908,23,152301,12184,1878,1135,1539,1698,1131,1375,99,100,0,600,1714
Processed 494 lines from power meter
There were 0 errors in reading from the meter
