RunId,NumDataLines,SeqNum,Watts,Amps,WattHours,Cost,MoKWh,MoCost,MaxWatts,MaxVolts,MaxAmps,MinWatts,MinVolts,MinAmps,Factor,DutyCycle,PowerCycle
tas4mixG,992,0,2067,1123,1687,11,0,150021,12001,2069,1126,1724,2061,1122,1681,98,100,0,601,2095
tas4mixG,992,1,2067,1123,1697,16,0,149778,11982,2068,1124,1714,2067,1122,1683,98,100,0,601,2097
tas4mixG,992,2,2070,1125,1700,22,0,149722,11977,2070,1125,1708,2067,1121,1690,98,100,0,601,2103
tas4mixG,992,3,2070,1122,1691,28,0,149672,11973,2071,1126,1710,2069,1122,1685,98,100,0,601,2100
tas4mixG,992,4,2068,1123,1696,34,0,149866,11989,2070,1124,1703,2068,1121,1689,98,100,0,601,2095
tas4mixG,992,5,2067,1122,1698,39,0,149562,11965,2068,1124,1709,2067,1120,1688,98,100,0,601,2095
tas4mixG,992,6,2069,1123,1701,45,0,149547,11963,2069,1125,1714,2066,1121,1683,98,100,0,601,2097
tas4mixG,992,7,2071,1122,1713,51,0,149567,11965,2071,1125,1727,2069,1121,1688,98,100,0,601,2100
tas4mixG,992,8,2080,1123,1717,57,0,149798,11983,2080,1125,1729,2071,1121,1692,97,100,0,601,2126
tas4mixG,992,9,2086,1123,1695,62,0,149666,11973,2086,1124,1754,1996,1121,1580,98,100,0,601,2109
tas4mixG,992,10,2064,1123,1682,68,0,149671,11973,2136,1124,1776,2028,1121,1592,98,100,0,601,2089
tas4mixG,992,11,2106,1122,1755,74,0,149598,11967,2106,1126,1799,1964,1121,1564,98,100,0,601,2134
tas4mixG,992,12,1833,1124,1657,80,0,149555,11964,2116,1127,1788,1833,1121,1409,98,100,0,601,1864
tas4mixG,992,13,2095,1124,1687,85,0,149336,11946,2098,1126,1743,1833,1122,1391,99,100,0,601,2100
tas4mixG,992,14,2132,1122,1742,91,0,149384,11950,2136,1126,1773,2083,1121,1682,99,100,0,601,2149
tas4mixG,992,15,2136,1124,1744,97,0,149567,11965,2136,1126,1777,2060,1122,1676,98,100,0,601,2160
tas4mixG,992,16,2008,1123,1704,103,0,149661,11972,2137,1126,1821,2003,1122,1467,96,100,0,601,2080
tas4mixG,992,17,2094,1125,1739,109,0,149799,11983,2155,1126,1784,2008,1122,1591,97,100,0,601,2157
tas4mixG,992,18,2118,1124,1730,115,0,149990,11999,2118,1125,1768,2094,1123,1701,97,100,0,601,2163
tas4mixG,992,19,2128,1124,1726,121,0,150175,12014,2130,1126,1773,2118,1122,1704,98,100,0,601,2151
tas4mixG,992,20,2125,1124,1746,127,1,150329,12026,2130,1125,1773,2125,1122,1666,99,100,0,601,2143
tas4mixG,992,21,2128,1122,1703,132,1,150426,12034,2136,1125,1779,2037,1122,1607,100,100,0,601,2128
tas4mixG,992,22,2115,1125,1729,138,1,150485,12038,2128,1127,1779,2019,1122,1582,98,100,0,601,2137
tas4mixG,992,23,2125,1126,1735,144,1,150502,12040,2125,1126,1779,2021,1122,1598,98,100,0,601,2151
tas4mixG,992,24,2118,1124,1755,150,1,150594,12047,2125,1126,1786,2118,1122,1699,98,100,0,601,2143
tas4mixG,992,25,2114,1124,1769,156,1,150654,12052,2119,1126,1798,2053,1122,1679,98,100,0,601,2140
tas4mixG,992,26,2116,1125,1762,162,1,150735,12058,2119,1127,1789,2114,1122,1686,98,100,0,601,2143
tas4mixG,992,27,2117,1124,1727,168,1,150810,12064,2119,1127,1781,2116,1123,1686,99,100,0,601,2134
tas4mixG,992,28,2117,1123,1736,174,1,150880,12070,2117,1125,1782,2115,1123,1711,98,100,0,601,2154
tas4mixG,992,29,2112,1123,1748,180,1,150923,12073,2117,1127,1795,2104,1122,1675,98,100,0,601,2140
tas4mixG,992,30,2123,1124,1738,185,1,151004,12080,2123,1125,1787,2112,1121,1691,98,100,0,601,2154
tas4mixG,992,31,2124,1125,1742,191,1,151084,12086,2130,1127,1794,2123,1123,1640,99,100,0,601,2131
tas4mixG,992,32,2121,1125,1712,197,1,151170,12093,2125,1126,1779,2058,1122,1616,99,100,0,600,2140
tas4mixG,992,33,2101,1123,1715,203,1,151145,12091,2126,1125,1806,2101,1121,1598,99,100,0,600,2106
tas4mixG,992,34,2114,1123,1732,209,1,151204,12096,2115,1125,1794,2101,1121,1715,98,100,0,600,2140
tas4mixG,992,35,2119,1124,1744,215,1,151262,12101,2124,1125,1785,2114,1122,1717,99,100,0,600,2134
tas4mixG,992,36,2121,1123,1763,221,1,151350,12108,2121,1126,1798,2116,1122,1687,98,100,0,600,2160
tas4mixG,992,37,2124,1124,1747,227,1,151366,12109,2124,1126,1792,2121,1123,1701,98,100,0,600,2160
tas4mixG,992,38,2131,1123,1703,233,1,151437,12115,2134,1126,1792,2124,1123,1702,99,100,0,600,2151
tas4mixG,992,39,2123,1125,1724,239,1,151478,12118,2131,1126,1783,2123,1122,1702,98,100,0,600,2146
tas4mixG,992,40,2123,1124,1734,245,1,151523,12121,2125,1126,1790,2120,1123,1691,98,100,0,600,2149
tas4mixG,992,41,2121,1125,1730,250,2,151562,12124,2124,1127,1790,2120,1123,1709,98,100,0,600,2151
tas4mixG,992,42,2118,1126,1728,256,2,151590,12127,2122,1127,1787,2115,1124,1696,98,100,0,600,2160
tas4mixG,992,43,2113,1126,1715,262,2,151612,12129,2118,1127,1789,2113,1124,1706,98,100,0,600,2140
tas4mixG,992,44,2111,1126,1718,268,2,151662,12133,2113,1126,1783,2110,1124,1709,98,100,0,600,2149
tas4mixG,992,45,2111,1126,1753,274,2,151647,12131,2112,1126,1775,2109,1124,1695,98,100,0,601,2143
tas4mixG,992,46,2117,1126,1721,280,2,151674,12133,2118,1127,1786,2110,1125,1702,98,100,0,601,2143
tas4mixG,992,47,2116,1126,1717,286,2,151699,12135,2119,1127,1772,2116,1124,1709,98,100,0,601,2146
tas4mixG,992,48,2111,1125,1725,292,2,151713,12137,2116,1127,1758,2111,1124,1712,98,100,0,601,2134
tas4mixG,992,49,2114,1126,1726,298,2,151733,12138,2114,1127,1780,2111,1124,1715,98,100,0,601,2143
tas4mixG,992,50,2112,1125,1719,303,2,151777,12142,2114,1127,1788,2112,1124,1714,98,100,0,601,2143
tas4mixG,992,51,2119,1126,1713,309,2,151775,12142,2119,1127,1787,2111,1123,1713,98,100,0,601,2154
tas4mixG,992,52,2117,1123,1735,315,2,151797,12143,2120,1127,1781,2117,1123,1710,98,100,0,601,2140
tas4mixG,992,53,2115,1125,1718,321,2,151842,12147,2119,1127,1788,2115,1123,1714,99,100,0,601,2131
tas4mixG,992,54,2119,1124,1734,327,2,151834,12146,2119,1127,1776,2112,1123,1707,97,100,0,601,2163
tas4mixG,992,55,2120,1126,1730,333,2,151857,12148,2122,1126,1781,2119,1123,1716,98,100,0,601,2143
tas4mixG,992,56,2112,1126,1721,339,2,151865,12149,2120,1127,1750,2111,1123,1714,98,100,0,601,2149
tas4mixG,992,57,2119,1124,1749,345,2,151882,12150,2119,1126,1763,2105,1122,1678,98,100,0,601,2160
tas4mixG,992,58,2123,1123,1742,351,2,151908,12152,2124,1126,1779,2119,1122,1721,98,100,0,601,2146
tas4mixG,992,59,2122,1125,1725,356,2,151927,12154,2123,1125,1757,2120,1122,1719,98,100,0,601,2146
tas4mixG,992,60,2118,1125,1729,362,2,151943,12155,2122,1126,1749,2118,1122,1721,98,100,0,601,2146
tas4mixG,992,61,2121,1124,1723,368,2,151963,12157,2122,1126,1774,2117,1122,1722,98,100,0,601,2149
tas4mixG,992,62,2125,1125,1744,374,2,151988,12159,2125,1126,1781,2120,1123,1723,98,100,0,601,2157
tas4mixG,992,63,2123,1125,1738,380,3,152031,12162,2125,1126,1779,2122,1123,1684,98,100,0,601,2154
tas4mixG,992,64,2163,1123,1761,386,3,152050,12164,2184,1126,1796,2123,1123,1690,98,100,0,601,2188
tas4mixG,992,65,2142,1124,1740,392,3,152105,12168,2163,1125,1796,2142,1122,1703,99,100,0,601,2154
tas4mixG,992,66,2140,1124,1742,398,3,152116,12169,2143,1126,1794,2135,1122,1704,99,100,0,601,2154
tas4mixG,992,67,2140,1124,1724,404,3,152151,12172,2143,1127,1790,2138,1123,1692,98,100,0,601,2168
tas4mixG,992,68,2136,1123,1762,410,3,152182,12174,2143,1125,1797,2136,1121,1709,99,100,0,601,2151
tas4mixG,992,69,2130,1123,1756,416,3,152206,12176,2137,1125,1799,2130,1122,1720,98,100,0,601,2157
tas4mixG,992,70,2133,1123,1748,422,3,152233,12178,2133,1125,1798,2130,1121,1721,98,100,0,601,2168
tas4mixG,992,71,2126,1122,1745,428,3,152253,12180,2136,1124,1786,2126,1121,1693,99,100,0,601,2140
tas4mixG,992,72,2135,1123,1735,434,3,152302,12184,2135,1124,1794,2126,1120,1717,98,100,0,601,2166
tas4mixG,992,73,2136,1124,1751,440,3,152329,12186,2139,1125,1793,2134,1121,1700,98,100,0,601,2160
tas4mixG,992,74,2133,1123,1753,446,3,152332,12186,2137,1125,1799,2133,1121,1724,99,100,0,601,2154
tas4mixG,992,75,2132,1124,1736,452,3,152370,12189,2133,1126,1783,2128,1122,1694,98,100,0,601,2160
tas4mixG,992,76,2133,1123,1747,457,3,152373,12189,2133,1126,1777,2131,1122,1727,98,100,0,601,2166
tas4mixG,992,77,2133,1123,1734,463,3,152394,12191,2135,1125,1796,2132,1122,1696,98,100,0,601,2168
tas4mixG,992,78,2134,1124,1740,469,3,152418,12193,2138,1125,1804,2133,1121,1717,98,100,0,601,2160
tas4mixG,992,79,2131,1122,1752,475,3,152435,12194,2135,1125,1787,2129,1120,1696,98,100,0,601,2168
tas4mixG,992,80,2133,1123,1737,481,3,152455,12196,2134,1124,1780,2131,1120,1727,99,100,0,601,2154
tas4mixG,992,81,2133,1123,1746,487,3,152474,12197,2134,1125,1798,2132,1121,1728,98,100,0,601,2166
tas4mixG,992,82,2131,1121,1742,493,3,152490,12199,2134,1124,1795,2128,1121,1720,98,100,0,601,2174
tas4mixG,992,83,2129,1124,1741,499,3,152505,12200,2131,1124,1791,2128,1121,1701,98,100,0,601,2157
tas4mixG,992,84,2130,1123,1738,505,4,152521,12201,2131,1125,1792,2128,1122,1732,98,100,0,601,2157
tas4mixG,992,85,2128,1122,1748,511,4,152532,12202,2130,1124,1754,2126,1121,1728,98,100,0,601,2160
tas4mixG,992,86,2133,1124,1726,517,4,152549,12203,2134,1125,1795,2127,1121,1697,98,100,0,601,2166
tas4mixG,992,87,2127,1123,1746,523,4,152559,12204,2133,1124,1784,2126,1121,1725,98,100,0,601,2157
tas4mixG,992,88,2136,1123,1744,529,4,152580,12206,2137,1124,1786,2127,1121,1730,99,100,0,601,2157
tas4mixG,992,89,2130,1123,1752,535,4,152592,12207,2136,1125,1789,2129,1121,1726,98,100,0,601,2163
tas4mixG,992,90,2145,1122,1751,541,4,152638,12211,2145,1124,1804,2130,1121,1712,97,100,0,601,2194
tas4mixG,992,91,2153,1122,1755,547,4,152653,12212,2153,1124,1805,2145,1121,1728,98,100,0,601,2183
tas4mixG,992,92,2154,1121,1769,553,4,152686,12214,2157,1123,1808,2151,1120,1700,98,100,0,601,2180
tas4mixG,992,93,2144,1121,1749,559,4,152706,12216,2155,1123,1791,2144,1120,1731,99,100,0,601,2160
tas4mixG,992,94,2151,1123,1733,565,4,152748,12219,2151,1124,1809,2142,1120,1697,97,100,0,601,2203
tas4mixG,992,95,2090,1122,1746,570,4,152739,12219,2151,1124,1807,2083,1120,1688,97,100,0,601,2146
tas4mixG,992,96,2116,1124,1740,576,4,152748,12219,2117,1125,1801,2090,1120,1708,98,100,0,601,2146
tas4mixG,992,97,2129,1122,1742,582,4,152760,12220,2129,1124,1801,2116,1121,1690,98,100,0,601,2168
tas4mixG,992,98,2139,1123,1769,588,4,152782,12222,2139,1123,1805,2129,1120,1719,98,100,0,601,2166
tas4mixG,992,99,2141,1122,1774,594,4,152801,12224,2143,1124,1804,2139,1120,1733,98,100,0,601,2166
tas4mixG,992,100,2136,1122,1731,600,4,152814,12225,2143,1124,1799,2136,1120,1719,99,100,0,601,2157
tas4mixG,992,101,2124,1123,1731,606,4,152817,12225,2136,1125,1786,2124,1120,1724,98,100,0,601,2146
tas4mixG,992,102,2135,1122,1751,612,4,152830,12226,2135,1124,1798,2122,1121,1720,98,100,0,601,2168
tas4mixG,992,103,2126,1123,1737,618,4,152836,12226,2135,1125,1786,2126,1120,1718,99,100,0,601,2140
tas4mixG,992,104,2124,1124,1788,624,4,152839,12227,2126,1125,1788,2118,1122,1715,98,100,0,601,2154
tas4mixG,992,105,2128,1128,1731,630,5,152846,12227,2128,1129,1788,2122,1123,1712,98,100,0,601,2163
tas4mixG,992,106,2126,1127,1733,636,5,152852,12228,2128,1130,1779,2126,1126,1716,98,100,0,601,2154
tas4mixG,992,107,2130,1127,1744,642,5,152862,12229,2132,1129,1781,2125,1126,1725,98,100,0,601,2157
tas4mixG,992,108,2127,1129,1740,648,5,152868,12229,2130,1130,1778,2125,1126,1723,98,100,0,601,2160
tas4mixG,992,109,2137,1128,1726,654,5,152882,12230,2137,1130,1784,2127,1127,1724,96,100,0,601,2205
tas4mixG,992,110,2130,1130,1739,660,5,152888,12231,2137,1130,1777,2129,1126,1711,98,100,0,601,2163
tas4mixG,992,111,2128,1129,1733,666,5,152895,12231,2132,1130,1782,2128,1128,1722,99,100,0,601,2149
tas4mixG,992,112,2125,1127,1734,672,5,152901,12232,2129,1130,1781,2125,1125,1722,98,100,0,601,2154
tas4mixG,992,113,2126,1128,1729,677,5,152921,12233,2130,1129,1783,2125,1126,1722,98,100,0,601,2149
tas4mixG,992,114,2133,1127,1732,683,5,152921,12233,2135,1128,1784,2126,1125,1701,98,100,0,601,2160
tas4mixG,992,115,2132,1127,1735,689,5,152929,12234,2133,1128,1769,2130,1126,1722,98,100,0,601,2168
tas4mixG,992,116,2134,1127,1744,695,5,152938,12235,2135,1128,1789,2128,1126,1725,98,100,0,601,2163
tas4mixG,992,117,2129,1128,1742,701,5,152956,12236,2135,1129,1778,2127,1126,1722,98,100,0,601,2163
tas4mixG,992,118,2125,1128,1728,707,5,152948,12235,2129,1129,1768,2125,1125,1723,98,100,0,601,2151
tas4mixG,992,119,2130,1126,1761,713,5,152956,12236,2130,1128,1780,2125,1125,1719,98,100,0,601,2166
tas4mixG,992,120,2143,1128,1753,719,5,152973,12237,2143,1129,1790,2130,1125,1716,98,100,0,600,2183
tas4mixG,992,121,2144,1128,1769,725,5,152989,12239,2145,1129,1790,2142,1126,1709,98,100,0,599,2180
tas4mixG,992,122,2150,1128,1758,731,5,153009,12240,2153,1129,1803,2144,1125,1719,98,100,0,600,2174
tas4mixG,992,123,2146,1127,1754,737,5,153025,12242,2152,1128,1763,2146,1125,1731,98,100,0,600,2171
tas4mixG,992,124,2142,1126,1743,743,5,153050,12244,2147,1129,1763,2142,1124,1733,99,100,0,600,2163
tas4mixG,992,125,2140,1128,1754,749,5,153050,12244,2143,1128,1767,2140,1126,1690,98,100,0,600,2163
tas4mixG,992,126,2142,1127,1744,755,6,153063,12245,2143,1129,1776,2140,1126,1730,98,100,0,600,2174
tas4mixG,992,127,2141,1127,1753,761,6,153088,12247,2143,1128,1757,2141,1126,1731,98,100,0,600,2166
tas4mixG,992,128,2142,1126,1764,767,6,153089,12247,2143,1128,1777,2141,1126,1724,98,100,0,600,2166
tas4mixG,992,129,2132,1128,1775,773,6,153094,12247,2142,1129,1783,2131,1126,1712,98,100,0,600,2168
tas4mixG,992,130,2122,1129,1735,779,6,153101,12248,2184,1129,1791,2116,1126,1709,98,100,0,600,2154
tas4mixG,992,131,2125,1128,1758,785,6,153104,12248,2125,1129,1777,2121,1127,1713,98,100,0,600,2160
tas4mixG,992,132,2126,1128,1719,791,6,153119,12249,2126,1129,1782,2124,1127,1704,98,100,0,601,2168
tas4mixG,992,133,2126,1127,1742,796,6,153111,12248,2127,1128,1781,2124,1125,1706,98,100,0,601,2151
tas4mixG,992,134,2130,1126,1770,802,6,153117,12249,2130,1128,1771,2126,1124,1725,98,100,0,601,2163
tas4mixG,992,135,2132,1127,1738,808,6,153123,12249,2132,1128,1786,2130,1125,1725,98,100,0,601,2160
tas4mixG,992,136,2138,1127,1761,814,6,153135,12250,2140,1129,1797,2132,1125,1722,98,100,0,601,2174
tas4mixG,992,137,2149,1127,1753,820,6,153161,12252,2150,1128,1817,2138,1126,1724,99,100,0,601,2166
tas4mixG,992,138,2140,1128,1733,826,6,153159,12252,2149,1128,1785,2140,1126,1720,98,100,0,601,2166
tas4mixG,992,139,2142,1128,1726,832,6,153170,12253,2144,1128,1782,2138,1126,1723,99,100,0,601,2154
tas4mixG,992,140,2136,1126,1730,838,6,153177,12254,2145,1128,1794,2136,1126,1723,98,100,0,601,2171
tas4mixG,992,141,2136,1127,1739,844,6,153185,12254,2138,1128,1780,2135,1126,1722,98,100,0,601,2163
tas4mixG,992,142,2133,1127,1771,850,6,153191,12255,2137,1128,1776,2133,1126,1694,98,100,0,601,2163
tas4mixG,992,143,2132,1127,1745,856,6,153197,12255,2135,1128,1787,2132,1125,1700,98,100,0,601,2163
tas4mixG,992,144,2140,1127,1741,862,6,153218,12257,2140,1128,1781,2132,1126,1715,98,100,0,601,2177
tas4mixG,992,145,2142,1126,1739,868,6,153228,12258,2144,1128,1802,2137,1125,1692,99,100,0,601,2160
tas4mixG,992,146,2147,1126,1758,874,6,153241,12259,2148,1127,1776,2141,1125,1725,98,100,0,601,2177
tas4mixG,992,147,2157,1125,1777,880,7,153249,12259,2158,1128,1787,2147,1124,1725,98,100,0,600,2186
tas4mixG,992,148,2161,1125,1761,886,7,153269,12261,2166,1127,1787,2157,1124,1742,99,100,0,601,2177
tas4mixG,992,149,2152,1125,1749,892,7,153282,12262,2161,1127,1778,2152,1124,1742,98,100,0,601,2177
tas4mixG,992,150,2147,1126,1755,898,7,153293,12263,2152,1127,1762,2147,1125,1740,98,100,0,601,2174
tas4mixG,992,151,2148,1126,1754,904,7,153306,12264,2149,1128,1761,2147,1126,1744,98,100,0,601,2180
tas4mixG,992,152,2148,1126,1749,910,7,153318,12265,2149,1128,1780,2148,1125,1745,98,100,0,601,2174
tas4mixG,992,153,2154,1126,1753,916,7,153332,12266,2154,1128,1809,2148,1124,1743,97,100,0,601,2205
tas4mixG,992,154,2160,1126,1768,922,7,153349,12267,2160,1128,1794,2153,1125,1741,98,100,0,600,2197
tas4mixG,992,155,2172,1126,1743,928,7,153373,12269,2172,1127,1797,2160,1124,1737,98,100,0,600,2214
tas4mixG,992,156,2074,1126,1703,934,7,153362,12269,2173,1127,1804,2074,1124,1669,98,100,0,600,2097
tas4mixG,992,157,2066,1125,1680,940,7,153335,12266,2074,1127,1734,2066,1124,1663,98,100,0,600,2095
tas4mixG,992,158,2063,1127,1669,945,7,153307,12264,2066,1128,1728,2063,1124,1668,98,100,0,600,2092
tas4mixG,992,159,2062,1127,1694,951,7,153279,12262,2063,1128,1732,2061,1125,1654,98,100,0,600,2100
tas4mixG,992,160,2062,1127,1673,957,7,153253,12260,2066,1128,1746,2061,1125,1658,98,100,0,600,2095
tas4mixG,992,161,2064,1128,1660,963,7,153227,12258,2067,1129,1737,2058,1127,1650,99,100,0,600,2083
tas4mixG,992,162,2083,1127,1730,968,7,153210,12256,2083,1129,1767,2060,1125,1658,97,100,0,600,2143
tas4mixG,992,163,2104,1127,1730,974,7,153204,12256,2104,1127,1771,2083,1124,1703,98,100,0,600,2146
tas4mixG,992,164,2115,1127,1719,980,7,153203,12256,2115,1128,1772,2104,1125,1706,98,100,0,600,2151
tas4mixG,992,165,2117,1127,1737,986,7,153202,12256,2118,1128,1773,2115,1124,1712,98,100,0,600,2146
tas4mixG,992,166,2119,1126,1722,992,7,153201,12256,2121,1128,1774,2117,1125,1696,99,100,0,600,2131
tas4mixG,992,167,2116,1126,1733,998,7,153199,12255,2119,1128,1769,2116,1125,1698,98,100,0,600,2143
tas4mixG,992,168,2118,1126,1732,1004,8,153197,12255,2118,1128,1774,2115,1124,1704,98,100,0,600,2151
tas4mixG,992,169,2118,1126,1728,1010,8,153195,12255,2118,1127,1774,2117,1125,1708,98,100,0,600,2149
tas4mixG,992,170,2119,1127,1720,1016,8,153194,12255,2119,1128,1774,2117,1125,1711,98,100,0,600,2151
tas4mixG,992,171,2117,1126,1751,1022,8,153193,12255,2120,1128,1780,2117,1124,1700,98,100,0,601,2143
tas4mixG,992,172,2122,1127,1735,1027,8,153194,12255,2122,1128,1770,2117,1125,1702,98,100,0,601,2160
tas4mixG,992,173,2126,1125,1741,1033,8,153197,12255,2126,1128,1759,2122,1124,1727,98,100,0,601,2157
tas4mixG,992,174,2126,1125,1735,1039,8,153199,12255,2126,1127,1755,2125,1124,1723,98,100,0,601,2151
tas4mixG,992,175,2119,1126,1748,1045,8,153197,12255,2126,1127,1766,2119,1123,1683,98,100,0,601,2149
tas4mixG,992,176,2120,1129,1732,1051,8,153197,12255,2121,1130,1750,2119,1123,1720,98,100,0,601,2151
tas4mixG,992,177,2123,1127,1750,1057,8,153197,12255,2123,1129,1752,2120,1126,1721,98,100,0,601,2160
tas4mixG,992,178,2125,1127,1735,1063,8,153199,12255,2125,1129,1765,2123,1125,1720,98,100,0,601,2157
tas4mixG,992,179,2124,1127,1732,1069,8,153200,12256,2127,1129,1754,2124,1125,1719,98,100,0,601,2151
tas4mixG,992,180,2122,1126,1732,1075,8,153200,12256,2124,1128,1749,2122,1124,1716,99,100,0,601,2143
tas4mixG,992,181,2125,1125,1746,1081,8,153202,12256,2125,1128,1752,2122,1125,1724,98,100,0,601,2160
tas4mixG,992,182,2126,1126,1740,1087,8,153204,12256,2128,1129,1773,2125,1125,1722,98,100,0,601,2149
tas4mixG,992,183,2129,1127,1748,1093,8,153207,12256,2129,1128,1778,2125,1125,1718,98,100,0,601,2171
tas4mixG,992,184,2120,1127,1725,1098,8,153205,12256,2129,1129,1772,2120,1126,1698,98,100,0,601,2143
tas4mixG,992,185,2119,1126,1727,1104,8,153204,12256,2120,1129,1772,2119,1125,1719,98,100,0,601,2149
tas4mixG,992,186,2120,1130,1729,1110,8,153212,12257,2121,1130,1773,2119,1126,1707,98,100,0,601,2146
tas4mixG,992,187,2121,1127,1734,1116,8,153212,12257,2121,1130,1775,2120,1126,1717,98,100,0,601,2151
tas4mixG,992,188,2120,1127,1733,1122,8,153203,12256,2121,1130,1769,2119,1126,1712,98,100,0,601,2149
tas4mixG,992,189,2129,1127,1740,1128,9,153207,12256,2129,1129,1779,2120,1125,1710,98,100,0,601,2166
tas4mixG,992,190,2130,1127,1723,1134,9,153210,12256,2132,1129,1779,2129,1126,1718,99,100,0,601,2146
tas4mixG,992,191,2131,1127,1733,1140,9,153214,12257,2131,1129,1782,2130,1126,1723,98,100,0,601,2160
tas4mixG,992,192,2130,1127,1735,1146,9,153217,12257,2131,1130,1759,2130,1125,1700,98,100,0,601,2160
tas4mixG,992,193,2135,1127,1746,1152,9,153224,12257,2140,1129,1788,2130,1125,1730,98,100,0,601,2160
tas4mixG,992,194,2135,1129,1737,1158,9,153228,12258,2135,1130,1790,2134,1126,1728,98,100,0,601,2163
tas4mixG,992,195,2133,1127,1734,1163,9,153233,12258,2137,1130,1790,2133,1126,1691,99,100,0,601,2149
tas4mixG,992,196,2133,1128,1733,1169,9,153237,12259,2134,1129,1772,2132,1126,1688,98,100,0,601,2168
tas4mixG,992,197,2134,1127,1729,1175,9,153241,12259,2134,1129,1776,2130,1126,1695,98,100,0,601,2166
tas4mixG,992,198,2129,1126,1734,1181,9,153243,12259,2134,1128,1776,2128,1125,1718,98,100,0,601,2163
tas4mixG,992,199,2109,1127,1718,1187,9,153235,12258,2129,1128,1734,2109,1124,1687,98,100,0,601,2134
tas4mixG,992,200,2112,1126,1725,1193,9,153233,12258,2112,1127,1776,2109,1124,1706,98,100,0,601,2140
tas4mixG,992,201,2110,1126,1725,1199,9,153228,12258,2113,1128,1767,2109,1125,1704,98,100,0,601,2143
tas4mixG,992,202,2113,1127,1720,1205,9,153225,12258,2113,1129,1771,2110,1124,1699,98,100,0,601,2143
tas4mixG,992,203,2118,1129,1725,1211,9,153225,12258,2118,1129,1772,2113,1126,1715,98,100,0,601,2149
tas4mixG,992,204,2119,1127,1731,1217,9,153224,12257,2119,1129,1761,2117,1125,1723,98,100,0,601,2146
tas4mixG,992,205,2124,1127,1731,1223,9,153226,12258,2128,1128,1790,2118,1125,1722,98,100,0,601,2149
tas4mixG,992,206,2121,1127,1725,1228,9,153225,12258,2124,1129,1743,2121,1125,1721,98,100,0,601,2149
tas4mixG,992,207,2121,1127,1720,1234,9,153232,12258,2124,1129,1777,2120,1126,1713,99,100,0,601,2140
tas4mixG,992,208,2121,1127,1736,1240,9,153224,12257,2121,1129,1738,2119,1126,1715,98,100,0,601,2149
tas4mixG,992,209,2123,1129,1730,1246,9,153225,12258,2123,1130,1741,2121,1126,1723,98,100,0,601,2154
tas4mixG,992,210,2123,1127,1729,1252,10,153233,12258,2123,1129,1775,2121,1127,1723,98,100,0,601,2154
tas4mixG,992,211,2127,1127,1728,1258,10,153228,12258,2127,1129,1784,2123,1127,1713,98,100,0,601,2160
tas4mixG,992,212,2127,1129,1748,1264,10,153230,12258,2128,1129,1777,2125,1126,1693,98,100,0,601,2168
tas4mixG,992,213,2127,1128,1725,1270,10,153231,12258,2129,1129,1775,2124,1126,1682,98,100,0,601,2168
tas4mixG,992,214,2129,1127,1734,1276,10,153234,12258,2129,1129,1785,2126,1126,1706,98,100,0,601,2154
tas4mixG,992,215,2128,1128,1730,1282,10,153236,12258,2130,1130,1763,2127,1127,1697,98,100,0,600,2151
tas4mixG,992,216,2129,1128,1729,1288,10,153238,12259,2129,1130,1782,2127,1127,1709,98,100,0,601,2163
tas4mixG,992,217,2129,1127,1717,1294,10,153240,12259,2130,1129,1779,2127,1126,1709,98,100,0,600,2157
tas4mixG,992,218,2132,1126,1731,1300,10,153244,12259,2132,1129,1780,2127,1125,1694,98,100,0,600,2166
tas4mixG,992,219,2130,1127,1732,1306,10,153246,12259,2132,1129,1778,2130,1125,1707,98,100,0,600,2154
tas4mixG,992,220,2133,1128,1752,1312,10,153251,12260,2134,1129,1787,2130,1125,1703,98,100,0,600,2168
tas4mixG,992,221,2130,1128,1769,1317,10,153260,12260,2135,1129,1774,2128,1126,1688,98,100,0,600,2171
tas4mixG,992,222,2134,1127,1736,1323,10,153258,12260,2137,1129,1784,2130,1125,1690,99,100,0,600,2154
tas4mixG,992,223,2136,1126,1748,1329,10,153270,12261,2137,1128,1793,2134,1124,1712,98,100,0,600,2160
tas4mixG,992,224,2139,1126,1765,1335,10,153275,12262,2140,1127,1790,2135,1124,1708,98,100,0,600,2171
tas4mixG,992,225,2141,1126,1778,1341,10,153275,12262,2141,1128,1790,2137,1124,1729,98,100,0,601,2180
tas4mixG,992,226,2141,1127,1771,1347,10,153281,12262,2145,1128,1792,2138,1125,1698,98,100,0,600,2177
tas4mixG,992,227,2132,1125,1737,1353,10,153283,12262,2144,1127,1779,2132,1123,1706,99,100,0,601,2151
tas4mixG,992,228,2130,1128,1727,1359,10,153285,12262,2132,1128,1776,2130,1125,1719,98,100,0,601,2160
tas4mixG,992,229,2129,1127,1732,1365,10,153287,12263,2131,1128,1777,2129,1126,1707,98,100,0,601,2160
tas4mixG,992,230,2129,1126,1728,1371,10,153289,12263,2129,1128,1775,2128,1124,1701,98,100,0,601,2160
tas4mixG,992,231,2133,1126,1735,1377,11,153293,12263,2134,1128,1794,2127,1125,1716,98,100,0,601,2160
tas4mixG,992,232,2143,1126,1774,1383,11,153306,12264,2143,1129,1798,2133,1124,1730,97,100,0,601,2194
tas4mixG,992,233,2141,1128,1729,1389,11,153306,12264,2151,1128,1817,2141,1125,1728,98,100,0,601,2163
tas4mixG,992,234,2139,1128,1738,1395,11,153311,12264,2141,1129,1764,2139,1126,1729,98,100,0,601,2168
tas4mixG,992,235,2136,1128,1755,1401,11,153315,12265,2139,1129,1777,2135,1127,1726,98,100,0,601,2168
tas4mixG,992,236,2133,1128,1735,1407,11,153317,12265,2139,1129,1785,2133,1126,1717,99,100,0,601,2154
tas4mixG,992,237,2134,1128,1732,1413,11,153320,12265,2134,1129,1757,2131,1126,1728,98,100,0,601,2163
tas4mixG,992,238,2133,1128,1738,1419,11,153324,12265,2134,1130,1770,2132,1127,1724,98,100,0,601,2166
tas4mixG,992,239,2135,1130,1732,1425,11,153327,12266,2135,1130,1754,2133,1127,1726,98,100,0,601,2163
tas4mixG,992,240,2135,1129,1746,1431,11,153331,12266,2135,1130,1751,2134,1128,1725,98,100,0,601,2168
tas4mixG,992,241,2136,1128,1738,1437,11,153341,12267,2136,1130,1753,2135,1127,1727,98,100,0,601,2168
tas4mixG,992,242,2135,1129,1740,1442,11,153338,12267,2136,1130,1755,2135,1127,1726,98,100,0,601,2160
tas4mixG,992,243,2121,1128,1730,1448,11,153337,12267,2135,1130,1781,2121,1128,1685,99,100,0,601,2131
tas4mixG,992,244,2122,1130,1727,1454,11,153336,12266,2122,1130,1756,2115,1127,1702,98,100,0,601,2154
tas4mixG,992,245,2118,1129,1728,1460,11,153334,12266,2122,1130,1769,2118,1128,1689,98,100,0,601,2149
tas4mixG,992,246,2124,1129,1743,1466,11,153335,12266,2127,1130,1784,2118,1127,1683,99,100,0,601,2143
tas4mixG,992,247,2120,1129,1715,1472,11,153335,12266,2133,1131,1794,2120,1128,1696,99,100,0,601,2140
tas4mixG,992,248,2112,1129,1707,1478,11,153332,12266,2120,1130,1769,2112,1126,1704,99,100,0,601,2131
tas4mixG,992,249,2114,1128,1724,1484,11,153329,12266,2114,1130,1772,2107,1127,1707,98,100,0,601,2151
tas4mixG,992,250,2121,1126,1726,1490,11,153329,12266,2121,1129,1773,2114,1125,1716,98,100,0,601,2160
tas4mixG,992,251,2121,1129,1734,1496,11,153328,12266,2122,1129,1774,2120,1126,1716,98,100,0,601,2149
tas4mixG,992,252,2124,1130,1731,1502,12,153328,12266,2124,1130,1776,2121,1127,1715,98,100,0,601,2157
tas4mixG,992,253,2130,1130,1732,1508,12,153338,12267,2134,1131,1786,2124,1127,1722,98,100,0,601,2157
tas4mixG,992,254,2133,1130,1721,1513,12,153335,12266,2134,1131,1791,2129,1128,1720,98,100,0,601,2157
tas4mixG,992,255,2127,1130,1726,1519,12,153341,12267,2133,1131,1768,2127,1129,1713,98,100,0,601,2154
tas4mixG,992,256,2133,1129,1728,1525,12,153338,12267,2134,1131,1767,2126,1129,1720,98,100,0,601,2163
tas4mixG,992,257,2130,1129,1745,1531,12,153346,12267,2133,1131,1751,2129,1127,1721,98,100,0,601,2157
tas4mixG,992,258,2131,1129,1739,1537,12,153342,12267,2132,1130,1751,2130,1127,1723,98,100,0,601,2160
tas4mixG,992,259,2133,1130,1733,1543,12,153351,12268,2133,1131,1766,2131,1127,1722,98,100,0,601,2166
tas4mixG,992,260,2134,1130,1744,1549,12,153348,12267,2136,1131,1772,2133,1129,1695,98,100,0,601,2168
tas4mixG,992,261,2139,1130,1747,1555,12,153353,12268,2140,1132,1789,2134,1129,1693,98,100,0,601,2166
tas4mixG,992,262,2138,1129,1736,1561,12,153357,12268,2140,1131,1779,2137,1129,1698,98,100,0,601,2171
tas4mixG,992,263,2142,1128,1739,1567,12,153363,12269,2145,1131,1772,2138,1127,1732,99,100,0,601,2160
tas4mixG,992,264,2135,1130,1734,1573,12,153366,12269,2142,1131,1748,2135,1128,1732,98,100,0,601,2163
tas4mixG,992,265,2137,1129,1738,1579,12,153369,12269,2137,1131,1769,2134,1128,1732,98,100,0,601,2163
tas4mixG,992,266,2133,1128,1741,1585,12,153377,12270,2137,1130,1763,2133,1126,1705,99,100,0,601,2154
tas4mixG,992,267,2133,1129,1743,1591,12,153374,12269,2137,1131,1782,2131,1127,1701,98,100,0,601,2160
tas4mixG,992,268,2116,1130,1712,1597,12,153371,12269,2133,1131,1772,2116,1128,1699,99,100,0,601,2120
tas4mixG,992,269,2105,1130,1727,1602,12,153365,12269,2116,1131,1733,2104,1127,1682,98,100,0,601,2143
tas4mixG,992,270,2111,1128,1725,1608,12,153363,12269,2111,1130,1763,2105,1127,1685,98,100,0,601,2154
tas4mixG,992,271,2113,1129,1737,1614,12,153361,12268,2120,1131,1770,2111,1128,1619,98,100,0,601,2143
tas4mixG,992,272,2112,1128,1731,1620,12,153358,12268,2115,1131,1760,2112,1128,1603,98,100,0,601,2137
tas4mixG,992,273,2119,1129,1727,1626,13,153357,12268,2119,1131,1780,2112,1128,1709,98,100,0,601,2151
tas4mixG,992,274,2118,1130,1727,1632,13,153356,12268,2125,1131,1796,2118,1128,1708,99,100,0,601,2134
tas4mixG,992,275,2124,1130,1741,1638,13,153357,12268,2124,1131,1807,2118,1129,1714,98,100,0,601,2157
tas4mixG,992,276,2123,1129,1724,1644,13,153357,12268,2125,1131,1744,2123,1128,1717,98,100,0,601,2154
tas4mixG,992,277,2124,1129,1729,1650,13,153357,12268,2124,1131,1745,2122,1126,1718,98,100,0,601,2154
tas4mixG,992,278,2127,1129,1727,1656,13,153358,12268,2127,1131,1746,2123,1128,1720,98,100,0,601,2160
tas4mixG,992,279,2125,1128,1724,1661,13,153358,12268,2127,1131,1746,2125,1128,1722,98,100,0,600,2154
tas4mixG,992,280,2126,1129,1729,1667,13,153359,12268,2126,1130,1773,2125,1127,1723,98,100,0,600,2157
tas4mixG,992,281,2130,1129,1734,1673,13,153361,12268,2130,1131,1757,2126,1126,1717,98,100,0,600,2168
tas4mixG,992,282,2134,1129,1730,1679,13,153364,12269,2134,1130,1755,2130,1127,1729,98,100,0,600,2160
tas4mixG,992,283,2123,1128,1745,1685,13,153369,12269,2134,1130,1760,2123,1127,1682,99,100,0,600,2129
tas4mixG,992,284,2129,1128,1744,1691,13,153363,12269,2129,1130,1785,2058,1127,1664,98,100,0,600,2171
tas4mixG,992,285,2135,1128,1722,1697,13,153367,12269,2137,1130,1794,2129,1127,1722,98,100,0,600,2168
tas4mixG,992,286,2131,1127,1725,1703,13,153368,12269,2135,1130,1781,2131,1126,1718,98,100,0,600,2160
tas4mixG,992,287,2132,1127,1729,1709,13,153371,12269,2136,1129,1809,2129,1126,1685,98,100,0,600,2160
tas4mixG,992,288,2128,1128,1724,1715,13,153372,12269,2133,1130,1779,2128,1126,1711,98,100,0,600,2154
tas4mixG,992,289,2126,1128,1732,1721,13,153378,12270,2128,1129,1784,2126,1127,1698,98,100,0,600,2151
tas4mixG,992,290,2124,1130,1747,1727,13,153372,12269,2126,1130,1773,2124,1127,1711,98,100,0,601,2151
tas4mixG,992,291,2126,1128,1734,1733,13,153373,12269,2126,1131,1780,2124,1126,1716,98,100,0,600,2151
tas4mixG,992,292,2122,1128,1731,1739,13,153375,12270,2180,1129,1799,2122,1126,1721,98,100,0,600,2149
tas4mixG,992,293,2123,1127,1734,1745,13,153380,12270,2123,1130,1780,2121,1126,1700,98,100,0,599,2160
tas4mixG,992,294,2067,1128,1683,1751,14,153372,12269,2125,1128,1781,2067,1126,1669,98,100,0,599,2095
tas4mixG,992,295,2125,1127,1729,1756,14,153375,12270,2127,1129,1782,2065,1125,1647,99,100,0,600,2143
tas4mixG,992,296,2122,1128,1725,1762,14,153369,12269,2125,1128,1783,2122,1125,1722,98,100,0,601,2149
tas4mixG,992,297,2128,1125,1739,1768,14,153370,12269,2128,1128,1794,2121,1125,1721,97,100,0,601,2177
tas4mixG,992,298,2129,1128,1736,1774,14,153371,12269,2130,1129,1773,2127,1124,1725,98,100,0,601,2160
tas4mixG,992,299,2131,1127,1737,1780,14,153373,12269,2131,1129,1758,2129,1126,1724,98,100,0,601,2163
tas4mixG,992,300,2138,1129,1732,1786,14,153377,12270,2140,1129,1778,2131,1126,1726,99,100,0,601,2154
tas4mixG,992,301,2123,1128,1723,1792,14,153375,12270,2138,1129,1745,2123,1125,1717,98,100,0,601,2146
tas4mixG,992,302,2126,1126,1760,1798,14,153376,12270,2126,1129,1762,2122,1124,1723,98,100,0,601,2154
tas4mixG,992,303,2126,1127,1729,1804,14,153377,12270,2128,1129,1780,2126,1125,1725,98,100,0,601,2151
tas4mixG,992,304,2125,1127,1735,1810,14,153377,12270,2126,1128,1755,2125,1126,1727,98,100,0,601,2154
tas4mixG,992,305,2129,1127,1738,1816,14,153379,12270,2131,1129,1787,2125,1125,1725,98,100,0,601,2151
tas4mixG,992,306,2125,1126,1733,1822,14,153379,12270,2129,1128,1741,2125,1125,1727,98,100,0,601,2154
tas4mixG,992,307,2129,1128,1735,1827,14,153381,12270,2131,1129,1782,2125,1126,1726,98,100,0,601,2157
tas4mixG,992,308,2126,1127,1738,1833,14,153381,12270,2129,1129,1750,2126,1126,1713,98,100,0,601,2151
tas4mixG,992,309,2129,1127,1736,1839,14,153382,12270,2130,1128,1773,2126,1126,1726,98,100,0,601,2157
tas4mixG,992,310,2128,1127,1737,1845,14,153388,12271,2129,1129,1758,2128,1126,1727,98,100,0,601,2157
tas4mixG,992,311,2132,1127,1739,1851,14,153385,12270,2133,1128,1791,2127,1125,1725,98,100,0,601,2157
tas4mixG,992,312,2127,1127,1740,1857,14,153385,12270,2132,1128,1746,2127,1125,1700,98,100,0,601,2157
tas4mixG,992,313,2128,1129,1731,1863,14,153386,12270,2128,1129,1778,2126,1126,1719,98,100,0,601,2160
tas4mixG,992,314,2129,1128,1741,1869,14,153387,12271,2129,1129,1762,2128,1125,1726,98,100,0,601,2157
tas4mixG,992,315,2129,1127,1737,1875,15,153389,12271,2130,1129,1777,2129,1127,1706,98,100,0,601,2163
tas4mixG,992,316,2133,1127,1742,1881,15,153391,12271,2133,1128,1778,2129,1125,1712,98,100,0,601,2168
tas4mixG,992,317,2129,1126,1729,1887,15,153392,12271,2133,1128,1782,2129,1125,1695,98,100,0,601,2154
tas4mixG,992,318,2131,1126,1735,1893,15,153393,12271,2131,1128,1795,2128,1125,1719,98,100,0,601,2160
tas4mixG,992,319,2130,1125,1741,1899,15,153394,12271,2131,1128,1781,2128,1124,1699,98,100,0,601,2157
tas4mixG,992,320,2131,1128,1732,1905,15,153396,12271,2132,1128,1777,2129,1125,1722,98,100,0,601,2160
tas4mixG,992,321,2131,1126,1739,1911,15,153398,12271,2132,1129,1784,2130,1126,1707,98,100,0,600,2160
tas4mixG,992,322,2130,1128,1731,1916,15,153399,12271,2131,1129,1775,2129,1126,1712,98,100,0,600,2154
tas4mixG,992,323,2129,1127,1728,1922,15,153400,12272,2131,1129,1781,2129,1126,1697,98,100,0,600,2151
tas4mixG,992,324,2131,1128,1750,1928,15,153406,12272,2131,1129,1776,2129,1127,1717,98,100,0,600,2163
tas4mixG,992,325,2131,1126,1740,1934,15,153403,12272,2132,1129,1776,2130,1126,1714,98,100,0,600,2154
tas4mixG,992,326,2131,1125,1738,1940,15,153405,12272,2133,1127,1778,2131,1124,1698,98,100,0,600,2160
tas4mixG,992,327,2133,1127,1757,1946,15,153407,12272,2134,1128,1784,2131,1124,1694,98,100,0,600,2168
tas4mixG,992,328,2133,1126,1733,1952,15,153409,12272,2134,1128,1785,2131,1121,1699,98,100,0,600,2168
tas4mixG,992,329,2131,1125,1739,1958,15,153410,12272,2133,1127,1778,2130,1125,1709,98,100,0,600,2163
tas4mixG,992,330,2132,1128,1736,1964,15,153412,12273,2132,1128,1773,2131,1125,1725,98,100,0,600,2160
tas4mixG,992,331,2130,1128,1732,1970,15,153413,12273,2133,1129,1786,2130,1126,1723,98,100,0,600,2154
tas4mixG,992,332,2130,1127,1730,1976,15,153415,12273,2131,1129,1780,2129,1126,1710,98,100,0,600,2160
tas4mixG,992,333,2131,1127,1729,1982,15,153416,12273,2131,1129,1781,2130,1125,1719,98,100,0,601,2157
tas4mixG,992,334,2130,1127,1733,1988,15,153417,12273,2131,1129,1775,2129,1126,1713,98,100,0,601,2166
tas4mixG,992,335,2160,1127,1732,1994,15,153425,12274,2180,1128,1804,2128,1126,1699,99,100,0,601,2163
tas4mixG,992,336,2138,1128,1731,2000,16,153426,12274,2160,1128,1774,2138,1125,1718,98,100,0,601,2160
tas4mixG,992,337,2132,1127,1732,2005,16,153423,12273,2138,1128,1757,2132,1125,1714,98,100,0,601,2157
tas4mixG,992,338,2131,1127,1733,2011,16,153424,12273,2132,1128,1779,2130,1125,1727,98,100,0,601,2157
tas4mixG,992,339,2132,1127,1735,2017,16,153426,12274,2132,1128,1780,2130,1125,1728,98,100,0,601,2160
tas4mixG,992,340,2131,1127,1744,2023,16,153427,12274,2132,1128,1775,2131,1126,1724,98,100,0,601,2160
tas4mixG,992,341,2140,1127,1811,2029,16,153431,12274,2140,1128,1812,2130,1126,1726,98,100,0,600,2180
tas4mixG,992,342,2135,1127,1735,2035,16,153433,12274,2146,1128,1811,2135,1125,1708,98,100,0,600,2166
tas4mixG,992,343,2131,1128,1733,2041,16,153434,12274,2135,1129,1762,2130,1126,1702,98,100,0,600,2163
tas4mixG,992,344,2130,1126,1753,2047,16,153435,12274,2131,1129,1768,2129,1126,1688,98,100,0,600,2160
tas4mixG,992,345,2126,1128,1727,2053,16,153435,12274,2135,1129,1778,2126,1126,1708,98,100,0,600,2151
tas4mixG,992,346,2122,1127,1730,2059,16,153439,12275,2126,1129,1772,2122,1126,1696,99,100,0,601,2143
tas4mixG,992,347,2122,1127,1737,2065,16,153438,12275,2122,1128,1772,2120,1125,1697,98,100,0,601,2151
tas4mixG,992,348,2123,1126,1719,2071,16,153434,12274,2123,1128,1776,2122,1125,1703,98,100,0,600,2151
tas4mixG,992,349,2120,1126,1737,2077,16,153433,12274,2123,1128,1779,2120,1125,1711,98,100,0,601,2149
tas4mixG,992,350,2125,1126,1735,2083,16,153433,12274,2125,1128,1777,2120,1126,1726,97,100,0,601,2174
tas4mixG,992,351,2128,1126,1738,2089,16,153434,12274,2129,1129,1760,2125,1125,1730,98,100,0,601,2154
tas4mixG,992,352,2132,1127,1736,2095,16,153436,12274,2132,1129,1757,2128,1125,1732,98,100,0,601,2163
tas4mixG,992,353,2133,1128,1732,2100,16,153438,12275,2136,1129,1801,2131,1125,1697,98,100,0,600,2166
tas4mixG,992,354,2129,1127,1724,2106,16,153438,12275,2134,1129,1760,2129,1125,1711,99,100,0,600,2149
tas4mixG,992,355,2136,1127,1766,2112,16,153441,12275,2137,1128,1795,2128,1125,1724,98,100,0,600,2166
tas4mixG,992,356,2132,1128,1733,2118,16,153447,12275,2136,1129,1786,2131,1125,1721,98,100,0,600,2166
tas4mixG,992,357,2131,1126,1727,2124,16,153444,12275,2132,1128,1771,2130,1125,1691,98,100,0,600,2163
tas4mixG,992,358,2132,1126,1764,2130,17,153445,12275,2133,1128,1787,2129,1126,1702,98,100,0,600,2166
tas4mixG,992,359,2134,1127,1752,2136,17,153447,12275,2135,1129,1778,2132,1124,1724,98,100,0,601,2157
tas4mixG,992,360,2134,1127,1734,2142,17,153453,12276,2136,1128,1785,2133,1125,1710,98,100,0,601,2166
tas4mixG,992,361,2135,1127,1767,2148,17,153451,12276,2136,1129,1785,2133,1125,1711,98,100,0,601,2168
tas4mixG,992,362,2133,1127,1746,2154,17,153453,12276,2138,1129,1789,2133,1125,1706,98,100,0,601,2166
tas4mixG,992,363,2134,1128,1743,2160,17,153455,12276,2134,1128,1782,2131,1125,1707,98,100,0,601,2171
tas4mixG,992,364,2128,1126,1736,2166,17,153455,12276,2134,1128,1772,2128,1125,1714,99,100,0,601,2149
tas4mixG,992,365,2121,1125,1726,2172,17,153458,12276,2128,1129,1774,2121,1124,1701,98,100,0,601,2154
tas4mixG,992,366,2122,1126,1726,2178,17,153454,12276,2123,1128,1778,2121,1124,1720,98,100,0,601,2151
tas4mixG,992,367,2121,1126,1727,2183,17,153457,12276,2123,1127,1776,2121,1125,1698,98,100,0,601,2149
tas4mixG,992,368,2118,1127,1740,2189,17,153452,12276,2121,1128,1771,2118,1125,1706,98,100,0,601,2149
tas4mixG,992,369,2124,1126,1745,2195,17,153452,12276,2124,1128,1780,2118,1125,1714,98,100,0,601,2160
tas4mixG,992,370,2129,1127,1742,2201,17,153457,12276,2129,1128,1759,2124,1125,1722,98,100,0,601,2160
tas4mixG,992,371,2131,1124,1740,2207,17,153455,12276,2131,1127,1760,2129,1123,1729,98,100,0,601,2166
tas4mixG,992,372,2135,1128,1748,2213,17,153457,12276,2137,1128,1793,2131,1124,1703,98,100,0,601,2166
tas4mixG,992,373,2133,1127,1746,2219,17,153459,12276,2135,1128,1763,2133,1126,1724,98,100,0,601,2157
tas4mixG,992,374,2133,1128,1736,2225,17,153460,12276,2133,1128,1784,2130,1125,1727,98,100,0,601,2168
tas4mixG,992,375,2136,1125,1775,2231,17,153462,12277,2136,1128,1784,2131,1124,1728,97,100,0,601,2180
tas4mixG,992,376,2134,1125,1750,2237,17,153464,12277,2138,1128,1780,2134,1123,1698,98,100,0,601,2168
tas4mixG,992,377,2133,1126,1744,2243,17,153465,12277,2134,1128,1770,2131,1125,1705,98,100,0,601,2168
tas4mixG,992,378,2128,1125,1734,2249,17,153469,12277,2134,1127,1778,2128,1123,1687,98,100,0,601,2160
tas4mixG,992,379,2127,1125,1730,2255,18,153465,12277,2128,1127,1779,2126,1124,1715,98,100,0,601,2157
tas4mixG,992,380,2126,1125,1745,2261,18,153470,12277,2127,1127,1777,2126,1124,1717,98,100,0,600,2151
tas4mixG,992,381,2125,1126,1744,2267,18,153466,12277,2128,1127,1784,2125,1124,1697,98,100,0,600,2149
tas4mixG,992,382,2125,1126,1729,2273,18,153466,12277,2127,1128,1778,2125,1125,1690,98,100,0,600,2149
tas4mixG,992,383,2128,1126,1737,2279,18,153467,12277,2128,1127,1774,2124,1125,1726,98,100,0,600,2160
tas4mixG,992,384,2130,1126,1742,2284,18,153472,12277,2130,1128,1780,2128,1125,1732,98,100,0,600,2163
tas4mixG,992,385,2131,1125,1738,2290,18,153473,12277,2132,1128,1751,2130,1124,1732,98,100,0,600,2160
tas4mixG,992,386,2132,1125,1738,2296,18,153474,12277,2132,1127,1753,2130,1124,1732,98,100,0,600,2166
tas4mixG,992,387,2131,1126,1735,2302,18,153475,12278,2133,1126,1755,2131,1124,1733,98,100,0,600,2157
tas4mixG,992,388,2132,1125,1748,2308,18,153472,12277,2132,1127,1757,2130,1124,1732,98,100,0,600,2166
tas4mixG,992,389,2134,1123,1740,2314,18,153478,12278,2135,1127,1773,2132,1122,1731,98,100,0,600,2160
tas4mixG,992,390,2134,1123,1741,2320,18,153480,12278,2134,1126,1756,2133,1123,1734,98,100,0,601,2166
tas4mixG,992,391,2126,1124,1712,2326,18,153480,12278,2134,1127,1750,2126,1123,1701,99,100,0,600,2137
tas4mixG,992,392,2121,1124,1743,2332,18,153474,12277,2126,1126,1764,2117,1124,1708,98,100,0,600,2160
tas4mixG,992,393,2131,1125,1741,2338,18,153480,12278,2131,1126,1797,2121,1122,1704,98,100,0,600,2168
tas4mixG,992,394,2138,1123,1770,2344,18,153479,12278,2139,1126,1796,2131,1122,1724,98,100,0,601,2166
tas4mixG,992,395,2143,1124,1754,2350,18,153483,12278,2143,1126,1787,2138,1122,1719,98,100,0,601,2177
tas4mixG,992,396,2143,1125,1754,2356,18,153490,12279,2145,1126,1784,2143,1123,1720,98,100,0,601,2171
tas4mixG,992,397,2137,1123,1742,2362,18,153488,12279,2143,1126,1776,2137,1122,1707,98,100,0,601,2166
tas4mixG,992,398,2138,1123,1750,2368,18,153490,12279,2139,1125,1788,2137,1122,1707,98,100,0,601,2163
tas4mixG,992,399,2138,1124,1776,2374,18,153492,12279,2139,1126,1800,2136,1122,1714,98,100,0,601,2171
tas4mixG,992,400,2139,1125,1750,2380,19,153495,12279,2141,1126,1796,2138,1123,1721,98,100,0,601,2166
tas4mixG,992,401,2138,1125,1747,2386,19,153501,12280,2140,1125,1790,2138,1123,1720,99,100,0,601,2157
tas4mixG,992,402,2144,1124,1789,2392,19,153501,12280,2144,1125,1799,2138,1123,1732,98,100,0,601,2177
tas4mixG,992,403,2126,1124,1740,2397,19,153500,12280,2145,1125,1789,2126,1123,1680,98,100,0,601,2154
tas4mixG,992,404,2133,1125,1747,2403,19,153506,12280,2133,1125,1791,2126,1123,1706,98,100,0,601,2163
tas4mixG,992,405,2134,1124,1744,2409,19,153504,12280,2136,1125,1791,2133,1122,1703,98,100,0,601,2157
tas4mixG,992,406,2132,1125,1743,2415,19,153505,12280,2135,1126,1791,2132,1123,1708,98,100,0,601,2163
tas4mixG,992,407,2131,1124,1748,2421,19,153506,12280,2133,1126,1783,2130,1122,1702,98,100,0,600,2168
tas4mixG,992,408,2134,1125,1738,2427,19,153508,12280,2137,1126,1790,2131,1123,1710,98,100,0,601,2166
tas4mixG,992,409,2132,1125,1753,2433,19,153512,12281,2134,1125,1781,2131,1122,1713,98,100,0,601,2166
tas4mixG,992,410,2136,1125,1757,2439,19,153511,12280,2138,1126,1799,2132,1123,1721,98,100,0,601,2163
tas4mixG,992,411,2131,1124,1759,2445,19,153512,12280,2136,1125,1779,2131,1123,1709,98,100,0,601,2160
tas4mixG,992,412,2132,1124,1750,2451,19,153513,12281,2134,1125,1794,2131,1122,1712,98,100,0,601,2160
tas4mixG,992,413,2134,1125,1737,2457,19,153515,12281,2137,1125,1792,2132,1123,1732,98,100,0,601,2160
tas4mixG,992,414,2135,1123,1741,2463,19,153520,12281,2135,1125,1791,2133,1122,1717,98,100,0,601,2168
tas4mixG,992,415,2132,1123,1752,2469,19,153518,12281,2136,1124,1793,2132,1121,1711,98,100,0,601,2154
tas4mixG,992,416,2133,1124,1739,2475,19,153519,12281,2136,1125,1783,2132,1122,1714,98,100,0,601,2157
tas4mixG,992,417,2132,1124,1740,2481,19,153524,12281,2135,1125,1782,2132,1122,1711,98,100,0,601,2154
tas4mixG,992,418,2132,1124,1757,2487,19,153521,12281,2133,1126,1782,2131,1124,1729,98,100,0,601,2166
tas4mixG,992,419,2136,1124,1744,2493,19,153523,12281,2137,1126,1797,2132,1122,1731,98,100,0,601,2163
tas4mixG,992,420,2132,1125,1748,2498,19,153528,12282,2136,1126,1782,2132,1122,1719,98,100,0,601,2163
tas4mixG,992,421,2140,1125,1729,2504,20,153530,12282,2140,1126,1809,2132,1122,1716,97,100,0,601,2197
tas4mixG,992,422,2130,1124,1749,2510,20,153531,12282,2140,1125,1781,2130,1121,1728,98,100,0,601,2154
tas4mixG,992,423,2130,1124,1760,2516,20,153531,12282,2130,1125,1768,2129,1122,1731,98,100,0,601,2157
tas4mixG,992,424,2133,1123,1740,2522,20,153529,12282,2136,1125,1795,2129,1122,1728,99,100,0,601,2146
tas4mixG,992,425,2131,1124,1733,2528,20,153529,12282,2133,1125,1777,2130,1122,1721,98,100,0,601,2174
tas4mixG,992,426,2129,1124,1767,2534,20,153530,12282,2132,1126,1773,2129,1122,1724,98,100,0,601,2154
tas4mixG,992,427,2130,1125,1740,2540,20,153531,12282,2130,1126,1780,2128,1123,1693,98,100,0,601,2157
tas4mixG,992,428,2130,1124,1747,2546,20,153531,12282,2130,1125,1760,2129,1123,1729,98,100,0,601,2160
tas4mixG,992,429,2129,1125,1731,2552,20,153532,12282,2130,1125,1758,2129,1123,1729,98,100,0,601,2160
tas4mixG,992,430,2129,1126,1694,2558,20,153532,12282,2129,1126,1791,2128,1123,1694,98,100,0,601,2160
tas4mixG,992,431,2131,1125,1742,2564,20,153537,12282,2131,1126,1781,2129,1124,1694,98,100,0,601,2166
tas4mixG,992,432,2131,1124,1747,2570,20,153538,12283,2132,1125,1764,2131,1123,1698,98,100,0,601,2154
tas4mixG,992,433,2133,1124,1747,2576,20,153535,12282,2133,1126,1784,2129,1123,1721,98,100,0,601,2171
tas4mixG,992,434,2131,1124,1744,2582,20,153536,12282,2135,1126,1773,2131,1123,1736,98,100,0,601,2157
tas4mixG,992,435,2131,1124,1743,2587,20,153537,12282,2131,1126,1749,2130,1123,1736,98,100,0,601,2160
tas4mixG,992,436,2134,1125,1742,2593,20,153539,12283,2135,1126,1759,2131,1123,1737,98,100,0,601,2160
tas4mixG,992,437,2131,1126,1760,2599,20,153540,12283,2134,1127,1784,2131,1124,1705,98,100,0,601,2157
tas4mixG,992,438,2117,1126,1716,2605,20,153537,12283,2134,1126,1760,2117,1124,1715,98,100,0,601,2146
tas4mixG,992,439,2114,1125,1760,2611,20,153535,12282,2117,1126,1773,2112,1124,1716,98,100,0,601,2157
tas4mixG,992,440,2122,1125,1766,2617,20,153534,12282,2122,1126,1783,2111,1123,1717,97,100,0,601,2183
tas4mixG,992,441,2150,1125,1764,2623,20,153540,12283,2152,1126,1784,2122,1123,1732,98,100,0,600,2174
tas4mixG,992,442,2164,1125,1749,2629,21,153546,12283,2164,1126,1796,2150,1123,1732,98,100,0,600,2200
tas4mixG,992,443,2165,1125,1796,2635,21,153553,12284,2168,1126,1798,2164,1123,1712,98,100,0,600,2194
tas4mixG,992,444,2167,1126,1774,2641,21,153560,12284,2168,1126,1796,2165,1123,1726,98,100,0,600,2194
tas4mixG,992,445,2170,1124,1768,2647,21,153567,12285,2170,1126,1796,2167,1124,1737,98,100,0,600,2205
tas4mixG,992,446,2169,1125,1777,2653,21,153574,12285,2171,1126,1798,2169,1124,1745,98,100,0,600,2191
tas4mixG,992,447,2170,1126,1744,2659,21,153580,12286,2170,1127,1794,2168,1124,1733,98,100,0,600,2197
tas4mixG,992,448,2167,1126,1746,2665,21,153586,12286,2170,1127,1798,2159,1125,1720,98,100,0,600,2203
tas4mixG,992,449,2150,1126,1731,2671,21,153594,12287,2171,1127,1790,2093,1125,1707,99,100,0,600,2171
tas4mixG,992,450,2159,1126,1772,2678,21,153600,12288,2159,1127,1791,2149,1125,1724,98,100,0,600,2194
tas4mixG,992,451,2164,1124,1768,2683,21,153606,12288,2164,1127,1803,2159,1123,1730,98,100,0,600,2197
tas4mixG,992,452,2164,1125,1783,2689,21,153608,12288,2166,1127,1794,2163,1124,1720,98,100,0,600,2197
tas4mixG,992,453,2170,1126,1786,2695,21,153619,12289,2170,1127,1803,2164,1123,1738,98,100,0,601,2203
tas4mixG,992,454,2170,1125,1782,2702,21,153626,12290,2171,1126,1801,2169,1123,1739,98,100,0,601,2203
tas4mixG,992,455,2173,1125,1783,2708,21,153630,12290,2174,1126,1792,2170,1124,1739,98,100,0,601,2203
tas4mixG,992,456,2171,1125,1750,2714,21,153637,12290,2174,1126,1796,2171,1123,1747,98,100,0,601,2197
tas4mixG,992,457,2165,1123,1767,2720,21,153645,12291,2171,1125,1799,2162,1122,1711,98,100,0,601,2200
tas4mixG,992,458,2157,1125,1731,2726,21,153646,12291,2165,1125,1793,2156,1122,1715,98,100,0,601,2188
tas4mixG,992,459,2154,1124,1773,2732,21,153650,12292,2157,1126,1797,2154,1123,1726,98,100,0,601,2186
tas4mixG,992,460,2153,1124,1762,2738,21,153654,12292,2155,1126,1793,2153,1123,1719,98,100,0,601,2183
tas4mixG,992,461,2152,1124,1758,2744,21,153658,12292,2155,1126,1794,2152,1123,1716,99,100,0,601,2166
tas4mixG,992,462,2157,1125,1745,2750,22,153663,12293,2157,1126,1798,2152,1123,1735,98,100,0,601,2186
tas4mixG,992,463,2163,1126,1774,2756,22,153669,12293,2163,1127,1803,2157,1124,1735,98,100,0,601,2203
tas4mixG,992,464,2164,1126,1773,2762,22,153675,12294,2166,1127,1795,2163,1124,1725,98,100,0,601,2194
tas4mixG,992,465,2167,1124,1777,2768,22,153684,12294,2167,1127,1814,2163,1123,1719,98,100,0,601,2194
tas4mixG,992,466,2168,1126,1779,2774,22,153687,12294,2168,1127,1807,2163,1124,1727,97,100,0,601,2217
tas4mixG,992,467,2162,1125,1759,2780,22,153692,12295,2168,1127,1797,2162,1124,1710,99,100,0,601,2171
tas4mixG,992,468,2161,1125,1768,2786,22,153700,12296,2162,1127,1795,2161,1124,1730,98,100,0,601,2191
tas4mixG,992,469,2162,1127,1751,2792,22,153705,12296,2163,1127,1793,2161,1124,1729,98,100,0,601,2194
tas4mixG,992,470,2163,1127,1735,2798,22,153710,12296,2164,1127,1795,2161,1124,1733,98,100,0,601,2188
tas4mixG,992,471,2159,1126,1777,2804,22,153712,12296,2163,1127,1797,2158,1124,1719,98,100,0,601,2183
tas4mixG,992,472,2162,1125,1781,2810,22,153717,12297,2162,1127,1790,2158,1124,1726,98,100,0,601,2197
tas4mixG,992,473,2172,1126,1771,2816,22,153724,12297,2172,1127,1801,2162,1123,1743,98,100,0,601,2200
tas4mixG,992,474,2172,1125,1764,2822,22,153730,12298,2173,1126,1797,2170,1123,1735,99,100,0,601,2188
tas4mixG,992,475,2176,1125,1751,2828,22,153737,12299,2176,1126,1803,2170,1123,1749,98,100,0,601,2208
tas4mixG,992,476,2176,1124,1772,2834,22,153744,12299,2176,1125,1798,2173,1122,1748,98,100,0,601,2205
tas4mixG,992,477,2171,1125,1745,2840,22,153750,12300,2176,1126,1800,2171,1124,1738,98,100,0,601,2197
tas4mixG,992,478,2169,1125,1777,2846,22,153756,12300,2171,1126,1802,2168,1123,1736,99,100,0,601,2188
tas4mixG,992,479,2162,1124,1749,2852,22,153761,12300,2173,1126,1801,2162,1124,1738,99,100,0,601,2163
tas4mixG,992,480,2147,1125,1760,2858,22,153763,12301,2162,1126,1813,2141,1122,1728,97,100,0,601,2211
tas4mixG,992,481,2150,1124,1762,2864,22,153766,12301,2150,1126,1798,2147,1123,1739,98,100,0,601,2177
tas4mixG,992,482,2159,1124,1788,2870,22,153771,12301,2160,1125,1812,2149,1123,1710,98,100,0,601,2186
tas4mixG,992,483,2166,1124,1768,2876,23,153777,12302,2166,1124,1821,2159,1122,1728,98,100,0,601,2197
tas4mixG,992,484,2165,1123,1745,2882,23,153785,12302,2167,1125,1816,2164,1122,1745,98,100,0,601,2194
tas4mixG,992,485,2157,1124,1801,2888,23,153786,12302,2165,1126,1802,2157,1122,1713,98,100,0,601,2188
tas4mixG,992,486,2155,1124,1766,2894,23,153790,12303,2159,1125,1801,2155,1123,1709,99,100,0,601,2171
tas4mixG,992,487,2144,1125,1743,2900,23,153791,12303,2155,1126,1797,2138,1123,1722,98,100,0,601,2186
tas4mixG,992,488,2148,1123,1755,2906,23,153793,12303,2148,1126,1792,2144,1123,1714,98,100,0,601,2183
tas4mixG,992,489,2150,1123,1745,2912,23,153800,12304,2150,1124,1794,2148,1122,1716,98,100,0,601,2180
tas4mixG,992,490,2153,1123,1758,2918,23,153803,12304,2153,1124,1787,2150,1121,1735,98,100,0,601,2186
tas4mixG,992,491,2157,1124,1776,2924,23,153804,12304,2157,1125,1798,2153,1122,1746,98,100,0,600,2186
tas4mixG,992,492,2158,1125,1753,2930,23,153809,12304,2160,1125,1797,2157,1122,1746,98,100,0,601,2183
tas4mixG,992,493,2156,1123,1793,2936,23,153813,12305,2158,1125,1795,2156,1122,1730,98,100,0,601,2186
tas4mixG,992,494,2157,1122,1783,2942,23,153817,12305,2158,1124,1794,2156,1121,1749,98,100,0,601,2183
tas4mixG,992,495,2158,1124,1748,2948,23,153821,12305,2158,1125,1796,2157,1121,1744,98,100,0,601,2188
tas4mixG,992,496,2158,1124,1768,2955,23,153825,12306,2158,1125,1803,2156,1123,1726,98,100,0,601,2194
tas4mixG,992,497,2157,1123,1743,2960,23,153829,12306,2158,1125,1799,2157,1123,1741,98,100,0,601,2180
tas4mixG,992,498,2152,1122,1782,2966,23,153832,12306,2157,1125,1793,2152,1122,1741,98,100,0,601,2177
tas4mixG,992,499,2150,1123,1754,2972,23,153834,12306,2152,1125,1794,2150,1122,1741,98,100,0,601,2177
tas4mixG,992,500,2148,1122,1791,2978,23,153837,12306,2150,1124,1796,2148,1122,1717,98,100,0,601,2174
tas4mixG,992,501,2149,1123,1777,2984,23,153840,12307,2152,1124,1799,2148,1121,1711,99,100,0,601,2163
tas4mixG,992,502,2151,1123,1755,2990,23,153846,12307,2151,1124,1794,2149,1121,1728,98,100,0,601,2183
tas4mixG,992,503,2154,1123,1762,2996,23,153846,12307,2154,1123,1792,2150,1120,1741,98,100,0,601,2191
tas4mixG,992,504,2158,1122,1781,3002,24,153851,12308,2159,1123,1806,2154,1119,1751,98,100,0,601,2186
tas4mixG,992,505,2162,1121,1783,3008,24,153855,12308,2162,1123,1801,2158,1120,1751,98,100,0,601,2197
tas4mixG,992,506,2162,1123,1773,3014,24,153860,12308,2162,1124,1799,2161,1120,1749,98,100,0,601,2191
tas4mixG,992,507,2163,1124,1784,3020,24,153864,12309,2163,1124,1799,2160,1121,1751,98,100,0,601,2194
tas4mixG,992,508,2164,1123,1782,3026,24,153869,12309,2164,1125,1800,2163,1122,1752,98,100,0,601,2191
tas4mixG,992,509,2163,1122,1763,3033,24,153874,12309,2165,1125,1792,2163,1121,1751,98,100,0,601,2188
tas4mixG,992,510,2160,1123,1784,3039,24,153878,12310,2165,1124,1813,2160,1121,1749,98,100,0,601,2191
tas4mixG,992,511,2159,1123,1754,3045,24,153882,12310,2161,1124,1806,2159,1121,1735,99,100,0,601,2177
tas4mixG,992,512,2160,1123,1762,3051,24,153886,12310,2160,1125,1803,2159,1122,1751,98,100,0,601,2186
tas4mixG,992,513,2156,1122,1747,3056,24,153889,12311,2160,1124,1802,2156,1121,1730,99,100,0,601,2174
tas4mixG,992,514,2156,1124,1757,3063,24,153893,12311,2156,1124,1804,2154,1121,1720,98,100,0,600,2186
tas4mixG,992,515,2160,1123,1761,3069,24,153897,12311,2160,1125,1815,2156,1122,1732,98,100,0,600,2188
tas4mixG,992,516,2159,1122,1759,3075,24,153901,12312,2160,1125,1800,2158,1122,1739,98,100,0,600,2186
tas4mixG,992,517,2158,1124,1768,3081,24,153905,12312,2160,1125,1798,2157,1121,1720,98,100,0,600,2183
tas4mixG,992,518,2157,1123,1785,3087,24,153909,12312,2160,1124,1808,2156,1122,1727,98,100,0,601,2186
tas4mixG,992,519,2159,1123,1754,3093,24,153912,12313,2159,1124,1802,2157,1122,1729,98,100,0,601,2191
tas4mixG,992,520,2159,1123,1772,3099,24,153916,12313,2161,1124,1803,2158,1122,1732,98,100,0,600,2188
tas4mixG,992,521,2139,1125,1739,3105,24,153920,12313,2161,1125,1803,2139,1123,1720,99,100,0,601,2149
tas4mixG,992,522,2147,1125,1748,3111,24,153919,12313,2147,1126,1814,2135,1123,1732,97,100,0,601,2191
tas4mixG,992,523,2154,1124,1774,3117,24,153922,12313,2154,1125,1810,2147,1123,1726,97,100,0,601,2203
tas4mixG,992,524,2160,1124,1705,3123,24,153927,12314,2161,1125,1807,2154,1123,1705,98,100,0,600,2188
tas4mixG,992,525,2158,1125,1777,3129,25,153930,12314,2160,1125,1796,2156,1123,1705,98,100,0,600,2194
tas4mixG,992,526,2159,1123,1755,3135,25,153934,12314,2159,1125,1805,2157,1123,1730,98,100,0,600,2191
tas4mixG,992,527,2161,1124,1770,3141,25,153938,12315,2162,1125,1808,2159,1122,1715,98,100,0,600,2200
tas4mixG,992,528,2148,1125,1729,3147,25,153940,12315,2161,1126,1809,2148,1123,1695,100,100,0,600,2148
tas4mixG,992,529,2149,1124,1745,3153,25,153942,12315,2149,1126,1795,2139,1123,1698,98,100,0,601,2174
tas4mixG,992,530,2153,1123,1774,3159,25,153945,12315,2154,1125,1794,2148,1122,1726,98,100,0,601,2188
tas4mixG,992,531,2155,1124,1741,3165,25,153949,12315,2156,1125,1810,2153,1122,1729,98,100,0,601,2183
tas4mixG,992,532,2152,1124,1777,3171,25,153951,12316,2155,1124,1802,2152,1121,1730,98,100,0,601,2183
tas4mixG,992,533,2150,1124,1770,3177,25,153954,12316,2153,1125,1793,2150,1122,1720,98,100,0,600,2177
tas4mixG,992,534,2150,1124,1763,3183,25,153956,12316,2151,1125,1788,2150,1122,1729,98,100,0,600,2174
tas4mixG,992,535,2167,1124,1786,3189,25,153961,12316,2167,1125,1812,2149,1123,1731,98,100,0,601,2211
tas4mixG,992,536,2161,1125,1776,3195,25,153965,12317,2171,1125,1795,2160,1122,1735,98,100,0,601,2191
tas4mixG,992,537,2163,1124,1754,3201,25,153969,12317,2164,1125,1804,2161,1123,1748,98,100,0,601,2191
tas4mixG,992,538,2163,1124,1762,3207,25,153974,12317,2164,1125,1795,2163,1123,1736,98,100,0,601,2188
tas4mixG,992,539,2166,1124,1783,3213,25,153978,12318,2166,1126,1798,2163,1122,1747,98,100,0,601,2208
tas4mixG,992,540,2165,1125,1780,3219,25,153983,12318,2168,1126,1798,2164,1124,1736,98,100,0,601,2194
tas4mixG,992,541,2167,1125,1759,3225,25,153987,12319,2167,1126,1797,2165,1122,1727,98,100,0,601,2200
tas4mixG,992,542,2168,1124,1776,3231,25,153992,12319,2169,1126,1797,2166,1123,1739,98,100,0,601,2200
tas4mixG,992,543,2167,1124,1765,3237,25,153997,12319,2170,1126,1800,2167,1123,1746,98,100,0,601,2191
tas4mixG,992,544,2166,1125,1778,3243,25,154002,12320,2171,1126,1800,2165,1123,1736,98,100,0,601,2203
tas4mixG,992,545,2174,1125,1776,3249,25,154007,12320,2174,1126,1810,2166,1123,1723,98,100,0,601,2211
tas4mixG,992,546,2177,1125,1792,3255,26,154013,12321,2177,1126,1815,2174,1123,1741,98,100,0,601,2208
tas4mixG,992,547,2171,1123,1762,3261,26,154021,12321,2179,1126,1798,2171,1123,1731,99,100,0,601,2188
tas4mixG,992,548,2169,1124,1778,3267,26,154023,12321,2172,1126,1803,2169,1122,1726,98,100,0,601,2191
tas4mixG,992,549,2169,1125,1782,3273,26,154028,12322,2170,1126,1791,2168,1123,1717,98,100,0,601,2194
tas4mixG,992,550,2167,1126,1780,3279,26,154032,12322,2170,1126,1799,2166,1123,1725,98,100,0,601,2194
tas4mixG,992,551,2167,1124,1770,3285,26,154037,12322,2169,1126,1800,2166,1124,1721,98,100,0,601,2194
tas4mixG,992,552,2154,1126,1723,3291,26,154039,12323,2167,1126,1790,2154,1124,1713,100,100,0,601,2154
tas4mixG,992,553,2164,1124,1744,3297,26,154041,12323,2173,1126,1798,2099,1121,1710,100,100,0,601,2164
tas4mixG,992,554,2171,1125,1783,3303,26,154049,12323,2171,1126,1796,2164,1124,1744,98,100,0,601,2205
tas4mixG,992,555,2173,1126,1772,3309,26,154052,12324,2174,1127,1796,2171,1125,1727,98,100,0,601,2205
tas4mixG,992,556,2177,1126,1758,3316,26,154056,12324,2178,1128,1798,2113,1124,1723,98,100,0,601,2205
tas4mixG,992,557,2175,1126,1749,3322,26,154061,12324,2177,1127,1801,2175,1124,1747,98,100,0,600,2200
tas4mixG,992,558,2168,1126,1781,3328,26,154066,12325,2175,1127,1801,2168,1125,1715,98,100,0,601,2194
tas4mixG,992,559,2166,1125,1784,3333,26,154070,12325,2168,1127,1801,2166,1124,1713,99,100,0,601,2177
tas4mixG,992,560,2171,1125,1786,3340,26,154077,12326,2171,1127,1803,2166,1124,1738,98,100,0,601,2203
tas4mixG,992,561,2171,1126,1770,3346,26,154080,12326,2174,1127,1808,2170,1123,1725,99,100,0,601,2177
tas4mixG,992,562,2165,1123,1767,3352,26,154083,12326,2171,1126,1805,2163,1123,1720,98,100,0,601,2197
tas4mixG,992,563,2094,1125,1661,3358,26,154078,12326,2165,1126,1767,2089,1123,1661,99,100,0,601,2112
tas4mixG,992,564,2098,1124,1722,3363,26,154074,12325,2098,1126,1747,2091,1122,1661,98,100,0,601,2126
tas4mixG,992,565,2098,1124,1722,3369,26,154069,12325,2100,1126,1746,2095,1122,1664,98,100,0,601,2126
tas4mixG,992,566,2049,1125,1740,3375,27,154063,12325,2098,1127,1752,2035,1123,1663,97,100,0,601,2103
tas4mixG,992,567,2096,1125,1707,3381,27,154055,12324,2113,1127,1760,2049,1124,1687,98,100,0,601,2120
tas4mixG,992,568,2089,1126,1715,3387,27,154049,12323,2096,1127,1743,2089,1125,1680,98,100,0,601,2117
tas4mixG,992,569,2095,1125,1733,3393,27,154045,12323,2095,1127,1755,2089,1125,1679,98,100,0,601,2131
tas4mixG,992,570,2083,1126,1677,3398,27,154038,12323,2096,1127,1741,2083,1125,1671,99,100,0,601,2089
tas4mixG,992,571,2095,1125,1747,3404,27,154037,12322,2095,1127,1751,2080,1123,1677,98,100,0,601,2129
tas4mixG,992,572,2088,1125,1703,3410,27,154028,12322,2095,1127,1747,2088,1123,1684,98,100,0,601,2114
tas4mixG,992,573,2090,1126,1712,3416,27,154023,12321,2090,1127,1747,2084,1123,1681,98,100,0,601,2129
tas4mixG,992,574,2094,1126,1689,3422,27,154018,12321,2098,1127,1746,2090,1125,1680,99,100,0,601,2114
tas4mixG,992,575,2088,1126,1706,3427,27,154013,12321,2094,1127,1743,2088,1123,1682,98,100,0,601,2114
tas4mixG,992,576,2089,1125,1708,3433,27,154007,12320,2090,1127,1748,2088,1123,1683,98,100,0,601,2114
tas4mixG,992,577,2090,1126,1716,3439,27,154002,12320,2090,1127,1750,2086,1124,1689,97,100,0,601,2134
tas4mixG,992,578,2091,1125,1701,3445,27,153997,12319,2097,1127,1760,2090,1124,1667,98,100,0,601,2114
tas4mixG,992,579,2088,1126,1715,3451,27,153991,12319,2092,1127,1735,2087,1124,1656,98,100,0,601,2123
tas4mixG,992,580,2089,1126,1712,3457,27,153986,12318,2091,1127,1742,2088,1125,1686,98,100,0,601,2120
tas4mixG,992,581,2092,1126,1710,3462,27,153981,12318,2092,1127,1739,2089,1124,1690,98,100,0,601,2126
tas4mixG,992,582,2091,1126,1719,3468,27,153979,12318,2092,1127,1740,2090,1124,1691,98,100,0,601,2123
tas4mixG,992,583,2097,1125,1718,3474,27,153973,12317,2101,1127,1745,2091,1125,1693,98,100,0,601,2120
tas4mixG,992,584,2098,1127,1709,3480,27,153968,12317,2099,1127,1746,2093,1124,1694,98,100,0,601,2129
tas4mixG,992,585,2094,1125,1704,3486,27,153963,12317,2098,1127,1757,2094,1124,1667,98,100,0,601,2117
tas4mixG,992,586,2092,1125,1708,3491,27,153961,12316,2094,1127,1746,2090,1123,1695,98,100,0,601,2120
tas4mixG,992,587,2091,1125,1705,3497,27,153953,12316,2092,1126,1748,2089,1123,1695,98,100,0,600,2117
tas4mixG,992,588,2067,1126,1669,3503,28,153944,12315,2091,1126,1735,2067,1123,1663,99,100,0,601,2080
tas4mixG,992,589,2075,1125,1697,3509,28,153937,12315,2075,1127,1749,2064,1123,1658,97,100,0,601,2123
tas4mixG,992,590,2051,1126,1659,3515,28,153927,12314,2077,1127,1745,2051,1123,1646,99,100,0,600,2069
tas4mixG,992,591,2044,1124,1680,3520,28,153916,12313,2051,1126,1725,2043,1122,1646,98,100,0,600,2080
tas4mixG,992,592,2043,1123,1658,3526,28,153908,12312,2049,1126,1734,2043,1123,1642,98,100,0,601,2069
tas4mixG,992,593,2041,1123,1654,3532,28,153894,12311,2043,1126,1707,2039,1121,1643,98,100,0,601,2069
tas4mixG,992,594,2095,1125,1686,3537,28,153885,12310,2099,1126,1752,2040,1122,1648,99,100,0,601,2106
tas4mixG,992,595,2055,1126,1652,3543,28,153874,12309,2095,1127,1711,2055,1124,1648,99,100,0,601,2072
tas4mixG,992,596,2042,1127,1654,3549,28,153863,12309,2055,1127,1705,2042,1124,1641,98,100,0,601,2069
tas4mixG,992,597,2048,1126,1697,3554,28,153853,12308,2048,1127,1717,2040,1123,1641,98,100,0,601,2089
tas4mixG,992,598,2055,1126,1666,3560,28,153847,12307,2057,1127,1712,2048,1124,1646,99,100,0,601,2072
tas4mixG,992,599,2049,1126,1650,3566,28,153834,12306,2055,1127,1700,2049,1124,1646,98,100,0,601,2077
tas4mixG,992,600,2053,1125,1662,3572,28,153825,12306,2054,1126,1730,2047,1123,1641,99,100,0,601,2072
tas4mixG,992,601,2047,1125,1687,3577,28,153815,12305,2053,1127,1704,2047,1124,1639,98,100,0,601,2072
tas4mixG,992,602,2047,1126,1659,3583,28,153805,12304,2048,1127,1701,2046,1124,1645,98,100,0,601,2083
tas4mixG,992,603,2047,1126,1675,3589,28,153795,12303,2049,1127,1721,2045,1124,1638,98,100,0,601,2075
tas4mixG,992,604,2044,1126,1681,3594,28,153788,12303,2047,1127,1701,2044,1125,1639,98,100,0,601,2066
tas4mixG,992,605,2045,1126,1690,3600,28,153775,12302,2046,1127,1699,2044,1124,1646,98,100,0,601,2077
tas4mixG,992,606,2047,1126,1679,3606,28,153766,12301,2047,1127,1704,2045,1124,1644,97,100,0,601,2089
tas4mixG,992,607,2050,1124,1698,3612,28,153757,12300,2053,1127,1714,2047,1124,1648,98,100,0,601,2080
tas4mixG,992,608,2049,1126,1680,3617,28,153747,12299,2055,1127,1711,2049,1124,1638,98,100,0,601,2075
tas4mixG,992,609,2047,1126,1691,3623,28,153738,12299,2049,1127,1720,2047,1123,1647,98,100,0,601,2075
tas4mixG,992,610,2053,1125,1693,3629,29,153729,12298,2053,1127,1708,2046,1125,1647,98,100,0,601,2083
tas4mixG,992,611,2048,1127,1662,3634,29,153719,12297,2054,1127,1701,2048,1124,1638,98,100,0,601,2075
tas4mixG,992,612,2061,1126,1687,3640,29,153705,12296,2061,1128,1742,1899,1124,1555,98,100,0,601,2092
tas4mixG,992,613,2062,1126,1684,3646,29,153697,12295,2063,1127,1724,2061,1123,1667,98,100,0,601,2092
tas4mixG,992,614,2061,1125,1668,3652,29,153689,12295,2063,1127,1725,2061,1124,1664,98,100,0,601,2092
tas4mixG,992,615,2064,1125,1676,3657,29,153682,12294,2064,1127,1727,2061,1123,1665,98,100,0,600,2100
tas4mixG,992,616,2050,1126,1692,3663,29,153673,12293,2065,1127,1716,2050,1124,1649,98,100,0,600,2086
tas4mixG,992,617,2046,1124,1666,3669,29,153663,12293,2052,1126,1719,2046,1123,1656,98,100,0,600,2075
tas4mixG,992,618,2044,1124,1695,3674,29,153653,12292,2046,1127,1708,2044,1123,1655,98,100,0,600,2069
tas4mixG,992,619,2043,1124,1665,3680,29,153646,12291,2045,1127,1716,2043,1123,1658,98,100,0,600,2069
tas4mixG,992,620,2042,1125,1676,3686,29,153634,12290,2043,1127,1715,2041,1123,1652,98,100,0,600,2077
tas4mixG,992,621,2056,1124,1681,3692,29,153625,12290,2056,1127,1731,2041,1123,1622,98,100,0,599,2092
tas4mixG,992,622,2060,1124,1681,3697,29,153610,12288,2064,1127,1720,1915,1123,1555,99,100,0,600,2077
tas4mixG,992,623,2047,1125,1690,3703,29,153600,12288,2060,1126,1713,2046,1123,1657,98,100,0,600,2080
tas4mixG,992,624,2046,1124,1698,3708,29,153591,12287,2052,1126,1723,2046,1123,1655,98,100,0,600,2069
tas4mixG,992,625,2051,1126,1662,3714,29,153583,12286,2051,1126,1727,2045,1123,1658,98,100,0,600,2080
tas4mixG,992,626,2044,1126,1681,3720,29,153573,12285,2051,1127,1710,2043,1123,1654,98,100,0,600,2077
tas4mixG,992,627,1901,1125,1571,3725,29,153561,12284,2044,1127,1709,1900,1123,1560,97,100,0,600,1941
tas4mixG,992,628,2057,1124,1672,3731,29,153550,12284,2062,1125,1735,1901,1122,1569,99,100,0,600,2072
tas4mixG,992,629,2046,1125,1665,3737,29,153540,12283,2057,1125,1709,2046,1122,1657,98,100,0,600,2077
tas4mixG,992,630,2045,1124,1680,3743,29,153531,12282,2046,1126,1712,2044,1123,1657,98,100,0,600,2086
tas4mixG,992,631,2045,1124,1701,3748,29,153522,12281,2050,1126,1723,2045,1122,1656,98,100,0,600,2066
tas4mixG,992,632,2042,1126,1668,3754,30,153515,12281,2045,1126,1715,2042,1122,1655,98,100,0,599,2072
tas4mixG,992,633,2064,1123,1700,3760,30,153506,12280,2064,1126,1735,2042,1121,1653,97,100,0,600,2109
tas4mixG,992,634,2080,1122,1707,3765,30,153501,12280,2081,1126,1757,2064,1121,1693,98,100,0,600,2109
tas4mixG,992,635,2080,1125,1707,3771,30,153496,12279,2081,1125,1733,2080,1121,1694,98,100,0,600,2106
tas4mixG,992,636,2077,1124,1679,3777,30,153491,12279,2081,1126,1735,2077,1122,1664,99,100,0,600,2080
tas4mixG,992,637,2074,1122,1688,3783,30,153485,12278,2077,1126,1739,2069,1122,1667,98,100,0,600,2097
tas4mixG,992,638,2066,1124,1693,3788,30,153478,12278,2074,1126,1733,2066,1122,1667,98,100,0,600,2097
tas4mixG,992,639,2063,1125,1687,3794,30,153470,12277,2066,1125,1720,2062,1122,1661,98,100,0,600,2103
tas4mixG,992,640,2063,1124,1673,3800,30,153464,12277,2066,1127,1725,2063,1123,1660,98,100,0,599,2095
tas4mixG,992,641,2057,1124,1689,3806,30,153456,12276,2063,1126,1730,2057,1123,1649,98,100,0,600,2086
tas4mixG,992,642,2057,1123,1691,3811,30,153448,12275,2057,1126,1726,2056,1122,1667,98,100,0,600,2086
tas4mixG,992,643,2060,1124,1703,3817,30,153441,12275,2060,1125,1724,2056,1123,1663,97,100,0,600,2106
tas4mixG,992,644,2061,1124,1672,3823,30,153436,12274,2065,1126,1737,2060,1122,1666,98,100,0,600,2092
tas4mixG,992,645,2059,1124,1687,3829,30,153427,12274,2061,1126,1722,2058,1122,1663,98,100,0,600,2092
tas4mixG,992,646,2060,1123,1682,3834,30,153420,12273,2061,1126,1747,2059,1123,1666,98,100,0,600,2089
tas4mixG,992,647,2062,1125,1692,3840,30,153413,12273,2062,1126,1728,2060,1123,1662,98,100,0,600,2103
tas4mixG,992,648,2063,1126,1694,3846,30,153406,12272,2068,1127,1730,2062,1123,1663,98,100,0,600,2089
tas4mixG,992,649,2065,1125,1681,3852,30,153400,12272,2066,1127,1731,2061,1123,1662,98,100,0,600,2092
tas4mixG,992,650,2066,1124,1693,3858,30,153393,12271,2066,1127,1733,2063,1123,1664,97,100,0,601,2109
tas4mixG,992,651,2073,1124,1679,3863,30,153388,12271,2074,1125,1736,2066,1123,1667,99,100,0,601,2092
tas4mixG,992,652,2065,1124,1677,3869,30,153381,12270,2073,1126,1721,2064,1123,1664,98,100,0,601,2089
tas4mixG,992,653,2059,1125,1687,3875,31,153374,12269,2065,1126,1721,2059,1122,1658,98,100,0,601,2083
tas4mixG,992,654,2043,1123,1675,3880,31,153364,12269,2059,1126,1714,2043,1122,1646,98,100,0,601,2066
tas4mixG,992,655,2039,1123,1684,3886,31,153355,12268,2043,1125,1720,2039,1122,1649,98,100,0,601,2069
tas4mixG,992,656,2036,1123,1670,3892,31,153345,12267,2039,1125,1709,2036,1121,1637,98,100,0,601,2063
tas4mixG,992,657,2033,1125,1679,3897,31,153335,12266,2036,1125,1708,2033,1121,1634,98,100,0,601,2069
tas4mixG,992,658,2036,1122,1707,3903,31,153326,12266,2036,1125,1711,2033,1121,1637,98,100,0,601,2077
tas4mixG,992,659,2038,1122,1686,3909,31,153317,12265,2041,1125,1717,2036,1121,1647,98,100,0,601,2060
tas4mixG,992,660,2036,1122,1658,3915,31,153307,12264,2039,1125,1705,2035,1121,1647,98,100,0,601,2069
tas4mixG,992,661,2041,1124,1675,3920,31,153299,12263,2042,1125,1718,2035,1121,1646,98,100,0,601,2066
tas4mixG,992,662,2036,1124,1710,3926,31,153289,12263,2041,1125,1710,2036,1121,1642,98,100,0,601,2058
tas4mixG,992,663,2038,1120,1684,3932,31,153283,12262,2042,1125,1715,2036,1120,1645,98,100,0,601,2069
tas4mixG,992,664,2042,1123,1671,3937,31,153272,12261,2042,1124,1713,2037,1120,1649,98,100,0,601,2072
tas4mixG,992,665,2039,1124,1701,3943,31,153263,12261,2042,1124,1713,2038,1122,1642,98,100,0,601,2077
tas4mixG,992,666,2038,1122,1660,3949,31,153254,12260,2043,1124,1715,2038,1121,1640,98,100,0,601,2066
tas4mixG,992,667,2037,1122,1674,3954,31,153244,12259,2038,1123,1707,2036,1120,1640,98,100,0,601,2063
tas4mixG,992,668,2036,1122,1658,3960,31,153235,12258,2037,1123,1708,2036,1120,1648,98,100,0,600,2066
tas4mixG,992,669,2043,1120,1674,3966,31,153229,12258,2043,1123,1719,2036,1120,1648,98,100,0,600,2072
tas4mixG,992,670,2038,1122,1685,3971,31,153218,12257,2043,1124,1709,2038,1120,1641,98,100,0,600,2077
tas4mixG,992,671,2045,1122,1700,3977,31,153210,12256,2045,1124,1718,2038,1120,1640,98,100,0,600,2086
tas4mixG,992,672,2050,1122,1686,3983,31,153203,12256,2052,1124,1714,2045,1121,1649,98,100,0,599,2080
tas4mixG,992,673,2046,1122,1690,3989,31,153194,12255,2050,1124,1702,2046,1121,1642,99,100,0,600,2063
tas4mixG,992,674,2047,1122,1684,3994,31,153186,12254,2047,1124,1711,2045,1120,1648,98,100,0,599,2080
tas4mixG,992,675,2049,1123,1674,4000,32,153179,12254,2049,1125,1716,2045,1122,1639,98,100,0,600,2083
tas4mixG,992,676,2050,1123,1701,4006,32,153172,12253,2053,1124,1714,2049,1121,1650,98,100,0,599,2083
tas4mixG,992,677,2048,1124,1687,4011,32,153164,12253,2053,1125,1710,2048,1122,1640,98,100,0,600,2077
tas4mixG,992,678,2052,1125,1684,4017,32,153157,12252,2052,1125,1718,2047,1122,1641,98,100,0,600,2086
tas4mixG,992,679,2049,1123,1704,4023,32,153149,12251,2052,1125,1709,2048,1122,1646,98,100,0,600,2086
tas4mixG,992,680,2055,1124,1664,4028,32,153142,12251,2057,1125,1714,2049,1122,1652,98,100,0,600,2077
tas4mixG,992,681,2047,1123,1686,4034,32,153137,12250,2055,1125,1707,2047,1122,1638,98,100,0,600,2077
tas4mixG,992,682,2046,1124,1689,4040,32,153126,12250,2048,1125,1704,2045,1122,1647,98,100,0,600,2080
tas4mixG,992,683,2046,1123,1678,4045,32,153119,12249,2047,1125,1703,2045,1122,1649,98,100,0,600,2077
tas4mixG,992,684,2046,1125,1682,4051,32,153111,12248,2048,1125,1702,2046,1123,1642,98,100,0,600,2077
tas4mixG,992,685,1932,1125,1561,4057,32,153101,12248,2047,1125,1700,1932,1123,1560,97,100,0,600,1978
tas4mixG,992,686,2071,1123,1696,4062,32,153088,12247,2074,1126,1725,1924,1123,1558,98,100,0,601,2092
tas4mixG,992,687,2057,1124,1673,4068,32,153079,12246,2071,1125,1722,2057,1122,1657,99,100,0,601,2069
tas4mixG,992,688,2047,1123,1676,4074,32,153071,12245,2057,1125,1718,2046,1122,1655,98,100,0,601,2086
tas4mixG,992,689,2047,1124,1671,4079,32,153064,12245,2052,1125,1721,2047,1123,1660,98,100,0,599,2075
tas4mixG,992,690,2044,1124,1690,4085,32,153056,12244,2047,1126,1716,2044,1123,1657,98,100,0,600,2075
tas4mixG,992,691,2040,1125,1562,4091,32,153047,12243,2044,1126,1714,2040,1123,1561,98,100,0,600,2066
tas4mixG,992,692,2032,1124,1674,4096,32,153035,12242,2040,1126,1720,1901,1123,1560,97,100,0,600,2075
tas4mixG,992,693,2041,1123,1687,4102,32,153027,12242,2041,1126,1714,2032,1123,1657,97,100,0,600,2083
tas4mixG,992,694,2052,1124,1677,4108,32,153021,12241,2052,1125,1724,2041,1123,1661,98,100,0,600,2083
tas4mixG,992,695,2046,1125,1663,4113,32,153013,12241,2052,1126,1713,2046,1123,1657,98,100,0,600,2077
tas4mixG,992,696,2043,1124,1672,4119,32,153005,12240,2046,1126,1710,2043,1123,1656,98,100,0,601,2077
tas4mixG,992,697,2058,1124,1732,4125,33,152999,12239,2058,1126,1732,2042,1123,1655,97,100,0,601,2112
tas4mixG,992,698,2080,1124,1702,4131,33,152996,12239,2080,1126,1742,2058,1123,1693,98,100,0,601,2114
tas4mixG,992,699,2081,1125,1702,4137,33,152992,12239,2081,1126,1738,2080,1122,1693,98,100,0,601,2109
tas4mixG,992,700,2080,1124,1702,4142,33,152990,12239,2081,1126,1734,2080,1123,1693,98,100,0,601,2109
tas4mixG,992,701,2068,1125,1699,4148,33,152982,12238,2081,1126,1735,2068,1123,1664,98,100,0,601,2092
tas4mixG,992,702,2065,1123,1701,4154,33,152977,12238,2068,1126,1727,2065,1122,1666,98,100,0,601,2092
tas4mixG,992,703,2063,1126,1686,4160,33,152973,12237,2066,1126,1735,2063,1122,1666,98,100,0,601,2092
tas4mixG,992,704,2063,1124,1701,4165,33,152965,12237,2064,1127,1720,2062,1123,1665,98,100,0,601,2095
tas4mixG,992,705,2060,1128,1678,4171,33,152959,12236,2063,1129,1724,2060,1124,1654,98,100,0,601,2089
tas4mixG,992,706,2060,1127,1687,4177,33,152954,12236,2061,1129,1718,2060,1126,1665,98,100,0,601,2095
tas4mixG,992,707,2062,1127,1696,4183,33,152950,12236,2063,1129,1721,2060,1125,1669,98,100,0,601,2095
tas4mixG,992,708,2063,1126,1702,4188,33,152943,12235,2066,1129,1728,2062,1125,1661,99,100,0,601,2080
tas4mixG,992,709,2063,1127,1694,4194,33,152939,12235,2063,1128,1733,2060,1125,1661,98,100,0,601,2089
tas4mixG,992,710,2064,1126,1687,4200,33,152932,12234,2066,1128,1709,2063,1124,1672,98,100,0,601,2089
tas4mixG,992,711,2060,1126,1688,4206,33,152926,12234,2064,1128,1733,2059,1125,1659,99,100,0,601,2080
tas4mixG,992,712,2069,1128,1681,4211,33,152921,12233,2069,1129,1738,2060,1124,1667,98,100,0,601,2095
tas4mixG,992,713,2074,1126,1693,4217,33,152917,12233,2074,1129,1733,2068,1125,1670,98,100,0,601,2106
tas4mixG,992,714,2067,1126,1690,4223,33,152911,12232,2074,1128,1722,2066,1124,1658,98,100,0,601,2100
tas4mixG,992,715,2058,1126,1672,4229,33,152905,12232,2068,1129,1732,2058,1125,1658,98,100,0,601,2086
tas4mixG,992,716,2059,1127,1686,4234,33,152901,12232,2059,1128,1735,2052,1124,1657,97,100,0,601,2109
tas4mixG,992,717,2060,1127,1706,4240,33,152894,12231,2063,1128,1729,2055,1126,1663,97,100,0,601,2112
tas4mixG,992,718,2072,1128,1683,4246,33,152889,12231,2072,1128,1730,2060,1125,1676,98,100,0,601,2114
tas4mixG,992,719,2072,1127,1698,4252,34,152885,12230,2075,1128,1731,2072,1124,1668,99,100,0,601,2089
tas4mixG,992,720,2058,1128,1694,4257,34,152879,12230,2072,1128,1713,2058,1124,1660,99,100,0,601,2077
tas4mixG,992,721,2056,1127,1678,4263,34,152873,12229,2058,1129,1711,2056,1126,1659,98,100,0,601,2080
tas4mixG,992,722,2055,1126,1680,4269,34,152867,12229,2056,1128,1723,2055,1125,1660,98,100,0,601,2083
tas4mixG,992,723,2053,1126,1673,4275,34,152860,12228,2055,1128,1717,2053,1125,1661,98,100,0,601,2083
tas4mixG,992,724,2061,1129,1673,4280,34,152855,12228,2061,1129,1726,2053,1124,1663,98,100,0,601,2103
tas4mixG,992,725,2057,1128,1669,4286,34,152849,12227,2061,1129,1720,2057,1126,1662,98,100,0,601,2083
tas4mixG,992,726,2054,1127,1694,4292,34,152843,12227,2057,1128,1708,2054,1126,1662,98,100,0,601,2077
tas4mixG,992,727,2060,1126,1699,4297,34,152839,12227,2060,1129,1723,2052,1124,1662,97,100,0,601,2106
tas4mixG,992,728,2059,1127,1690,4303,34,152832,12226,2064,1129,1721,2059,1125,1661,98,100,0,601,2089
tas4mixG,992,729,2055,1127,1675,4309,34,152825,12226,2059,1128,1709,2055,1125,1662,98,100,0,601,2083
tas4mixG,992,730,2063,1127,1683,4315,34,152820,12225,2063,1128,1710,2054,1124,1664,98,100,0,601,2100
tas4mixG,992,731,2068,1127,1684,4320,34,152816,12225,2068,1127,1708,2063,1124,1679,98,100,0,601,2100
tas4mixG,992,732,2061,1126,1687,4326,34,152810,12224,2070,1127,1727,2061,1124,1664,99,100,0,601,2080
tas4mixG,992,733,2054,1126,1668,4332,34,152804,12224,2061,1127,1709,2054,1123,1664,98,100,0,601,2077
tas4mixG,992,734,2053,1127,1678,4338,34,152800,12224,2054,1127,1709,2052,1125,1664,98,100,0,601,2083
tas4mixG,992,735,2052,1125,1688,4343,34,152792,12223,2053,1127,1711,2052,1125,1663,98,100,0,601,2083
tas4mixG,992,736,2056,1127,1671,4349,34,152786,12222,2056,1127,1720,2052,1124,1663,97,100,0,601,2103
tas4mixG,992,737,2052,1125,1668,4355,34,152779,12222,2056,1127,1711,2052,1124,1664,98,100,0,601,2083
tas4mixG,992,738,2052,1126,1691,4361,34,152773,12221,2053,1127,1716,2051,1123,1664,98,100,0,601,2080
tas4mixG,992,739,2052,1126,1684,4366,34,152767,12221,2052,1127,1710,2051,1122,1665,98,100,0,601,2083
tas4mixG,992,740,2058,1125,1680,4372,34,152762,12220,2060,1127,1728,2052,1123,1666,98,100,0,601,2089
tas4mixG,992,741,2055,1127,1664,4378,35,152756,12220,2058,1128,1712,2055,1123,1664,98,100,0,601,2089
tas4mixG,992,742,2058,1127,1665,4384,35,152750,12220,2059,1128,1728,2054,1124,1662,98,100,0,601,2086
tas4mixG,992,743,2054,1126,1677,4389,35,152745,12219,2058,1127,1713,2054,1124,1663,98,100,0,599,2086
tas4mixG,992,744,2057,1125,1704,4395,35,152741,12219,2057,1127,1707,2054,1124,1665,98,100,0,600,2086
tas4mixG,992,745,2056,1125,1681,4401,35,152733,12218,2057,1127,1707,2055,1124,1664,98,100,0,600,2080
tas4mixG,992,746,2058,1126,1676,4407,35,152728,12218,2058,1128,1712,2056,1124,1665,98,100,0,600,2092
tas4mixG,992,747,2059,1124,1693,4412,35,152725,12218,2059,1127,1714,2057,1123,1665,98,100,0,600,2089
tas4mixG,992,748,2056,1124,1672,4418,35,152717,12217,2059,1127,1716,2056,1123,1666,98,100,0,599,2086
tas4mixG,992,749,2055,1126,1674,4424,35,152713,12217,2056,1127,1715,2053,1123,1665,98,100,0,600,2092
tas4mixG,992,750,2056,1126,1667,4429,35,152705,12216,2056,1126,1717,2054,1123,1667,98,100,0,600,2092
tas4mixG,992,751,2055,1124,1696,4435,35,152700,12216,2058,1126,1720,2054,1123,1665,98,100,0,600,2092
tas4mixG,992,752,2059,1125,1678,4441,35,152697,12215,2059,1127,1718,2055,1122,1668,98,100,0,600,2095
tas4mixG,992,753,2058,1124,1705,4446,35,152689,12215,2060,1127,1711,2058,1123,1664,98,100,0,600,2086
tas4mixG,992,754,2059,1127,1705,4452,35,152684,12214,2059,1128,1715,2058,1124,1666,98,100,0,600,2089
tas4mixG,992,755,2058,1125,1700,4458,35,152681,12214,2060,1128,1716,2057,1124,1665,98,100,0,600,2092
tas4mixG,992,756,2061,1126,1696,4464,35,152674,12213,2062,1127,1719,2058,1123,1669,98,100,0,600,2089
tas4mixG,992,757,2064,1125,1699,4469,35,152669,12213,2065,1127,1720,2061,1124,1670,98,100,0,600,2100
tas4mixG,992,758,2065,1126,1700,4475,35,152665,12213,2065,1128,1720,2064,1123,1673,98,100,0,601,2092
tas4mixG,992,759,2065,1128,1691,4481,35,152660,12212,2066,1128,1718,2064,1124,1674,98,100,0,601,2095
tas4mixG,992,760,2065,1125,1700,4487,35,152656,12212,2066,1128,1722,2065,1124,1675,98,100,0,601,2100
tas4mixG,992,761,2066,1126,1685,4492,35,152651,12212,2066,1128,1714,2065,1124,1675,98,100,0,601,2097
tas4mixG,992,762,2055,1126,1649,4498,35,152645,12211,2066,1127,1717,2055,1124,1646,99,100,0,601,2060
tas4mixG,992,763,2042,1126,1682,4504,36,152638,12211,2055,1127,1716,2042,1124,1647,98,100,0,601,2069
tas4mixG,992,764,2058,1127,1704,4510,36,152633,12210,2058,1128,1731,2042,1125,1674,98,100,0,601,2100
tas4mixG,992,765,2060,1127,1663,4515,36,152629,12210,2065,1129,1726,2058,1126,1660,98,100,0,601,2083
tas4mixG,992,766,2050,1127,1661,4521,36,152622,12209,2060,1128,1710,2050,1126,1659,98,100,0,601,2080
tas4mixG,992,767,2055,1128,1669,4527,36,152619,12209,2055,1129,1707,2046,1126,1658,97,100,0,601,2100
tas4mixG,992,768,2054,1128,1676,4533,36,152613,12209,2060,1129,1714,2054,1126,1660,98,100,0,601,2086
tas4mixG,992,769,2045,1126,1687,4538,36,152607,12208,2054,1129,1713,2041,1125,1647,98,100,0,601,2086
tas4mixG,992,770,2053,1127,1684,4544,36,152599,12207,2053,1128,1707,2045,1125,1667,98,100,0,601,2086
tas4mixG,992,771,2054,1127,1679,4550,36,152594,12207,2055,1128,1713,2053,1126,1665,98,100,0,601,2086
tas4mixG,992,772,2054,1126,1676,4555,36,152588,12207,2055,1128,1724,2054,1124,1664,98,100,0,601,2086
tas4mixG,992,773,2053,1128,1684,4561,36,152583,12206,2054,1128,1711,2051,1124,1653,98,100,0,601,2089
tas4mixG,992,774,2059,1127,1710,4567,36,152578,12206,2060,1128,1715,2053,1125,1665,98,100,0,601,2089
tas4mixG,992,775,2059,1127,1692,4573,36,152575,12206,2060,1129,1713,2059,1125,1654,98,100,0,601,2086
tas4mixG,992,776,2060,1127,1688,4578,36,152570,12205,2060,1128,1709,2059,1126,1664,98,100,0,601,2089
tas4mixG,992,777,2060,1128,1684,4584,36,152563,12205,2061,1128,1715,2060,1125,1663,98,100,0,601,2092
tas4mixG,992,778,2063,1127,1688,4590,36,152559,12204,2065,1128,1726,2059,1125,1656,98,100,0,601,2092
tas4mixG,992,779,2060,1126,1671,4596,36,152556,12204,2063,1128,1714,2060,1125,1663,98,100,0,601,2092
tas4mixG,992,780,2059,1125,1690,4601,36,152549,12203,2061,1128,1726,2059,1124,1663,98,100,0,601,2092
tas4mixG,992,781,2061,1127,1689,4607,36,152545,12203,2061,1128,1723,2059,1125,1673,98,100,0,601,2097
tas4mixG,992,782,2061,1123,1680,4613,36,152542,12203,2061,1127,1725,2060,1122,1673,98,100,0,601,2092
tas4mixG,992,783,2063,1124,1687,4619,36,152535,12202,2063,1126,1726,2061,1122,1677,98,100,0,601,2089
tas4mixG,992,784,2061,1124,1712,4624,36,152531,12202,2063,1126,1725,2061,1122,1676,98,100,0,601,2092
tas4mixG,992,785,2060,1123,1679,4630,37,152526,12202,2062,1125,1726,2060,1121,1675,98,100,0,601,2086
tas4mixG,992,786,2042,1124,1661,4636,37,152519,12201,2062,1126,1723,2042,1122,1659,99,100,0,601,2058
tas4mixG,992,787,2042,1122,1680,4641,37,152513,12201,2044,1126,1721,2040,1122,1661,98,100,0,601,2077
tas4mixG,992,788,2060,1123,1719,4647,37,152509,12200,2060,1126,1730,2042,1122,1673,97,100,0,601,2117
tas4mixG,992,789,2052,1124,1663,4653,37,152503,12200,2066,1126,1729,2052,1122,1662,99,100,0,601,2060
tas4mixG,992,790,2036,1123,1669,4658,37,152496,12199,2052,1126,1670,2036,1122,1659,98,100,0,601,2058
tas4mixG,992,791,2032,1125,1661,4664,37,152489,12199,2036,1126,1679,2032,1122,1660,98,100,0,601,2060
tas4mixG,992,792,2031,1124,1665,4670,37,152481,12198,2032,1125,1700,2031,1121,1660,98,100,0,601,2066
tas4mixG,992,793,2031,1124,1662,4675,37,152474,12197,2031,1126,1670,2030,1122,1661,98,100,0,601,2060
tas4mixG,992,794,2029,1123,1666,4681,37,152466,12197,2031,1126,1668,2029,1122,1659,98,100,0,601,2060
tas4mixG,992,795,2030,1125,1664,4687,37,152459,12196,2030,1126,1668,2029,1122,1658,98,100,0,601,2063
tas4mixG,992,796,2030,1122,1666,4692,37,152452,12196,2031,1125,1699,2029,1122,1657,98,100,0,601,2060
tas4mixG,992,797,2030,1125,1667,4698,37,152444,12195,2030,1125,1668,2029,1122,1657,98,100,0,600,2060
tas4mixG,992,798,2031,1123,1668,4704,37,152437,12195,2031,1126,1669,2029,1122,1659,98,100,0,600,2060
tas4mixG,992,799,2031,1123,1667,4709,37,152430,12194,2032,1125,1701,2031,1121,1659,98,100,0,600,2060
tas4mixG,992,800,2032,1125,1664,4715,37,152425,12194,2032,1126,1669,2031,1122,1661,98,100,0,600,2063
tas4mixG,992,801,2032,1124,1668,4721,37,152416,12193,2032,1126,1675,2031,1121,1663,98,100,0,599,2060
tas4mixG,992,802,2033,1123,1668,4726,37,152409,12192,2033,1125,1708,2032,1121,1665,98,100,0,600,2060
tas4mixG,992,803,2040,1122,1679,4732,37,152403,12192,2040,1125,1682,2032,1121,1665,98,100,0,600,2077
tas4mixG,992,804,2035,1124,1651,4738,37,152396,12191,2040,1126,1703,2035,1121,1651,98,100,0,600,2058
tas4mixG,992,805,2030,1125,1659,4743,37,152388,12191,2035,1126,1704,2030,1122,1637,99,100,0,600,2049
tas4mixG,992,806,2007,1125,1639,4749,37,152379,12190,2030,1125,1669,2007,1121,1626,99,100,0,600,2021
tas4mixG,992,807,2011,1125,1667,4755,38,152370,12189,2011,1125,1695,2003,1121,1634,98,100,0,600,2052
tas4mixG,992,808,2023,1124,1657,4760,38,152363,12189,2025,1126,1700,2011,1121,1654,98,100,0,600,2052
tas4mixG,992,809,2024,1125,1660,4766,38,152355,12188,2024,1126,1664,2023,1122,1655,98,100,0,600,2055
tas4mixG,992,810,2024,1123,1662,4772,38,152347,12187,2024,1125,1664,2023,1123,1657,98,100,0,601,2055
tas4mixG,992,811,2026,1123,1665,4777,38,152340,12187,2026,1125,1700,2024,1122,1658,98,100,0,601,2060
tas4mixG,992,812,2027,1123,1665,4783,38,152333,12186,2027,1125,1667,2026,1122,1659,98,100,0,601,2058
tas4mixG,992,813,2028,1123,1666,4788,38,152326,12186,2028,1125,1668,2027,1121,1662,98,100,0,601,2058
tas4mixG,992,814,2029,1123,1666,4794,38,152319,12185,2029,1126,1697,2028,1122,1662,98,100,0,601,2058
tas4mixG,992,815,2029,1125,1664,4800,38,152312,12184,2029,1126,1668,2029,1121,1662,98,100,0,601,2060
tas4mixG,992,816,2029,1124,1665,4805,38,152305,12184,2029,1126,1669,2028,1121,1661,98,100,0,601,2060
tas4mixG,992,817,2029,1124,1666,4811,38,152298,12183,2030,1125,1702,2028,1121,1662,98,100,0,601,2060
tas4mixG,992,818,2029,1124,1670,4817,38,152291,12183,2029,1125,1671,2029,1121,1663,98,100,0,601,2060
tas4mixG,992,819,2035,1124,1666,4822,38,152284,12182,2037,1125,1679,2029,1122,1664,98,100,0,601,2060
tas4mixG,992,820,2031,1123,1665,4828,38,152277,12182,2035,1125,1698,2031,1122,1663,98,100,0,601,2063
tas4mixG,992,821,2027,1123,1670,4834,38,152270,12181,2031,1125,1708,2026,1123,1648,98,100,0,601,2060
tas4mixG,992,822,2017,1123,1647,4839,38,152262,12181,2030,1124,1694,2017,1122,1624,99,100,0,601,2026
tas4mixG,992,823,2007,1123,1645,4845,38,152253,12180,2017,1124,1691,2007,1122,1634,98,100,0,601,2038
tas4mixG,992,824,2015,1123,1659,4851,38,152245,12179,2015,1124,1695,2007,1121,1644,98,100,0,601,2052
tas4mixG,992,825,2019,1123,1658,4856,38,152240,12179,2019,1125,1662,2015,1122,1655,98,100,0,601,2052
tas4mixG,992,826,2021,1123,1664,4862,38,152230,12178,2021,1125,1699,2019,1122,1655,98,100,0,601,2055
tas4mixG,992,827,2024,1123,1664,4867,38,152223,12177,2024,1125,1666,2021,1122,1655,98,100,0,601,2058
tas4mixG,992,828,2027,1123,1667,4873,38,152216,12177,2027,1124,1667,2024,1122,1662,98,100,0,601,2058
tas4mixG,992,829,2028,1122,1667,4879,39,152209,12176,2028,1123,1670,2027,1120,1664,98,100,0,601,2058
tas4mixG,992,830,2029,1122,1666,4884,39,152203,12176,2030,1124,1703,2028,1121,1664,98,100,0,601,2058
tas4mixG,992,831,2030,1123,1667,4890,39,152198,12175,2030,1124,1674,2029,1121,1665,98,100,0,601,2060
tas4mixG,992,832,2030,1123,1668,4896,39,152189,12175,2030,1124,1681,2029,1122,1665,98,100,0,601,2060
tas4mixG,992,833,2029,1122,1667,4901,39,152184,12174,2031,1124,1703,2029,1120,1664,98,100,0,601,2060
tas4mixG,992,834,2030,1123,1668,4907,39,152176,12174,2030,1123,1682,2029,1120,1666,98,100,0,601,2060
tas4mixG,992,835,2030,1122,1667,4913,39,152171,12173,2030,1124,1675,2029,1121,1664,98,100,0,601,2058
tas4mixG,992,836,2031,1123,1667,4918,39,152163,12173,2031,1124,1703,2029,1118,1665,98,100,0,601,2060
tas4mixG,992,837,2031,1121,1669,4924,39,152156,12172,2031,1123,1671,2030,1120,1666,98,100,0,601,2060
tas4mixG,992,838,2030,1122,1668,4930,39,152151,12172,2031,1122,1672,2030,1119,1667,98,100,0,601,2060
tas4mixG,992,839,2027,1123,1668,4935,39,152143,12171,2031,1123,1707,2026,1120,1628,98,100,0,601,2060
tas4mixG,992,840,2006,1122,1653,4941,39,152134,12170,2028,1123,1697,2005,1121,1603,98,100,0,601,2038
tas4mixG,992,841,2018,1121,1665,4947,39,152128,12170,2018,1123,1696,2006,1121,1652,98,100,0,601,2058
tas4mixG,992,842,2024,1122,1669,4952,39,152120,12169,2024,1123,1701,2018,1120,1658,98,100,0,601,2058
tas4mixG,992,843,2028,1122,1668,4958,39,152113,12169,2028,1123,1671,2024,1121,1662,98,100,0,600,2060
tas4mixG,992,844,2031,1122,1667,4963,39,152107,12168,2031,1123,1672,2028,1120,1665,98,100,0,599,2060
tas4mixG,992,845,2031,1122,1664,4969,39,152100,12168,2031,1123,1704,2030,1119,1663,98,100,0,600,2060
tas4mixG,992,846,2025,1122,1662,4975,39,152093,12167,2031,1123,1665,2025,1119,1661,98,100,0,600,2055
tas4mixG,992,847,2024,1121,1663,4980,39,152086,12166,2025,1123,1667,2024,1118,1661,98,100,0,600,2055
tas4mixG,992,848,2026,1121,1658,4986,39,152079,12166,2026,1123,1710,2023,1119,1658,98,100,0,600,2066
tas4mixG,992,849,1966,1124,1617,4992,39,152070,12165,2026,1124,1701,1966,1120,1523,98,100,0,600,2001
tas4mixG,992,850,1691,1122,1390,4997,39,152043,12163,2058,1126,1724,1691,1121,1388,98,100,0,600,1711
tas4mixG,992,851,1746,1121,1679,5002,40,152012,12160,1782,1125,1681,1686,1121,1388,99,100,0,600,1762
tas4mixG,992,852,2020,1122,1658,5007,40,152004,12160,2033,1124,1679,1746,1120,1643,98,100,0,600,2046
tas4mixG,992,853,2012,1123,1650,5013,40,151996,12159,2020,1124,1658,2011,1120,1646,98,100,0,600,2043
tas4mixG,992,854,2009,1124,1606,5018,40,151988,12159,2018,1124,1683,2009,1121,1597,100,100,0,600,2009
tas4mixG,992,855,1998,1123,1628,5024,40,151979,12158,2009,1125,1656,1992,1121,1599,98,100,0,600,2038
tas4mixG,992,856,1995,1123,1629,5029,40,151969,12157,1998,1124,1655,1995,1120,1628,98,100,0,600,2023
tas4mixG,992,857,1999,1123,1633,5035,40,151961,12156,2003,1124,1661,1995,1120,1627,98,100,0,600,2023
tas4mixG,992,858,1992,1123,1640,5041,40,151951,12156,2000,1124,1694,1992,1120,1615,98,100,0,601,2021
tas4mixG,992,859,1993,1122,1642,5046,40,151942,12155,1993,1124,1649,1990,1121,1615,98,100,0,600,2026
tas4mixG,992,860,1997,1122,1649,5052,40,151933,12154,1997,1124,1657,1993,1120,1630,98,100,0,600,2029
tas4mixG,992,861,2004,1122,1647,5057,40,151927,12154,2008,1123,1697,1997,1120,1631,98,100,0,600,2035
tas4mixG,992,862,2004,1122,1647,5063,40,151917,12153,2004,1123,1668,2003,1121,1642,98,100,0,600,2035
tas4mixG,992,863,2004,1123,1646,5068,40,151909,12152,2004,1123,1651,2003,1119,1642,98,100,0,600,2035
tas4mixG,992,864,2003,1123,1646,5074,40,151900,12152,2005,1124,1689,2003,1120,1642,98,100,0,600,2035
tas4mixG,992,865,2003,1122,1647,5080,40,151892,12151,2004,1124,1659,2003,1120,1642,98,100,0,601,2035
tas4mixG,992,866,2003,1123,1647,5085,40,151886,12150,2004,1124,1650,2003,1120,1643,98,100,0,601,2035
tas4mixG,992,867,2004,1123,1645,5091,40,151876,12150,2005,1124,1690,2003,1120,1644,98,100,0,601,2035
tas4mixG,992,868,2004,1122,1648,5096,40,151868,12149,2005,1124,1651,2004,1121,1644,98,100,0,601,2035
tas4mixG,992,869,2004,1122,1648,5102,40,151859,12148,2005,1124,1650,2004,1121,1644,98,100,0,601,2035
tas4mixG,992,870,2005,1121,1649,5107,40,151853,12148,2005,1123,1693,2004,1119,1646,98,100,0,601,2038
tas4mixG,992,871,2004,1123,1648,5113,40,151843,12147,2005,1124,1653,2004,1120,1645,98,100,0,601,2038
tas4mixG,992,872,2005,1122,1648,5119,40,151837,12147,2005,1124,1650,2004,1121,1643,98,100,0,601,2035
tas4mixG,992,873,2005,1122,1647,5124,40,151827,12146,2006,1124,1690,2004,1121,1644,98,100,0,601,2035
tas4mixG,992,874,2012,1124,1659,5130,41,151820,12145,2012,1124,1661,2005,1120,1645,98,100,0,601,2052
tas4mixG,992,875,2010,1122,1649,5136,41,151814,12145,2015,1125,1661,2010,1121,1645,98,100,0,601,2035
tas4mixG,992,876,2008,1122,1650,5141,41,151805,12144,2010,1124,1692,2008,1120,1646,98,100,0,601,2038
tas4mixG,992,877,2008,1122,1651,5147,41,151797,12143,2008,1123,1654,2007,1121,1648,98,100,0,601,2038
tas4mixG,992,878,2009,1123,1650,5152,41,151789,12143,2009,1123,1652,2008,1121,1648,98,100,0,601,2041
tas4mixG,992,879,2009,1122,1651,5158,41,151782,12142,2009,1124,1689,2008,1122,1646,98,100,0,601,2041
tas4mixG,992,880,2008,1123,1649,5164,41,151774,12141,2009,1124,1652,2008,1121,1646,98,100,0,601,2038
tas4mixG,992,881,2007,1123,1648,5169,41,151766,12141,2008,1124,1651,2006,1122,1644,98,100,0,601,2038
tas4mixG,992,882,2014,1123,1648,5175,41,151761,12140,2015,1124,1693,2007,1121,1645,98,100,0,601,2041
tas4mixG,992,883,2008,1123,1647,5180,41,151752,12140,2014,1124,1651,2008,1121,1644,98,100,0,601,2035
tas4mixG,992,884,2006,1124,1648,5186,41,151744,12139,2008,1124,1653,2006,1121,1642,98,100,0,601,2035
tas4mixG,992,885,2005,1124,1644,5192,41,151738,12139,2006,1125,1683,2004,1123,1641,98,100,0,601,2041
tas4mixG,992,886,2004,1124,1644,5197,41,151728,12138,2005,1125,1651,2004,1123,1641,98,100,0,601,2035
tas4mixG,992,887,2004,1123,1645,5203,41,151720,12137,2005,1125,1650,2004,1122,1641,98,100,0,601,2032
tas4mixG,992,888,2002,1123,1645,5208,41,151714,12137,2004,1125,1648,2002,1121,1641,98,100,0,600,2032
tas4mixG,992,889,2001,1123,1642,5214,41,151704,12136,2003,1125,1682,2001,1122,1641,98,100,0,600,2032
tas4mixG,992,890,2008,1123,1655,5219,41,151697,12135,2008,1124,1658,2001,1120,1642,98,100,0,600,2046
tas4mixG,992,891,2004,1122,1645,5225,41,151689,12135,2009,1124,1655,2004,1120,1642,98,100,0,600,2032
tas4mixG,992,892,2002,1122,1643,5231,41,151683,12134,2004,1124,1694,2002,1121,1642,98,100,0,600,2035
tas4mixG,992,893,2047,1123,1692,5236,41,151675,12134,2058,1124,1704,2002,1122,1642,98,100,0,600,2080
tas4mixG,992,894,1980,1124,1630,5242,41,151669,12133,2053,1125,1703,1978,1122,1614,98,100,0,599,2012
tas4mixG,992,895,1966,1124,1604,5247,41,151658,12132,1980,1125,1678,1966,1123,1592,98,100,0,600,1995
tas4mixG,992,896,1962,1123,1621,5253,42,151646,12131,1966,1125,1640,1958,1121,1593,98,100,0,600,1995
tas4mixG,992,897,1964,1125,1612,5258,42,151636,12130,1965,1125,1638,1962,1122,1600,98,100,0,600,1992
tas4mixG,992,898,2015,1124,1638,5264,42,151628,12130,2024,1126,1702,1964,1123,1605,99,100,0,600,2026
tas4mixG,992,899,2003,1124,1638,5269,42,151622,12129,2015,1126,1643,2003,1123,1634,98,100,0,600,2032
tas4mixG,992,900,2001,1125,1640,5275,42,151612,12129,2003,1126,1644,2001,1123,1637,98,100,0,600,2029
tas4mixG,992,901,2002,1125,1640,5281,42,151604,12128,2002,1126,1686,2000,1123,1636,98,100,0,599,2032
tas4mixG,992,902,2001,1124,1641,5286,42,151598,12127,2002,1126,1645,2001,1123,1638,98,100,0,600,2032
tas4mixG,992,903,2001,1124,1643,5292,42,151589,12127,2002,1125,1646,2001,1122,1639,98,100,0,600,2032
tas4mixG,992,904,2002,1125,1643,5297,42,151581,12126,2003,1125,1685,2001,1122,1639,98,100,0,600,2032
tas4mixG,992,905,2003,1124,1646,5303,42,151573,12125,2003,1125,1646,2002,1123,1638,98,100,0,600,2035
tas4mixG,992,906,2003,1125,1644,5308,42,151566,12125,2003,1126,1646,2003,1123,1640,98,100,0,601,2035
tas4mixG,992,907,2003,1126,1641,5314,42,151558,12124,2004,1126,1687,2003,1122,1637,98,100,0,601,2032
tas4mixG,992,908,2003,1123,1644,5320,42,151551,12124,2003,1126,1647,2003,1123,1639,98,100,0,601,2032
tas4mixG,992,909,2004,1123,1647,5325,42,151543,12123,2004,1125,1649,2003,1121,1642,98,100,0,601,2035
tas4mixG,992,910,2005,1124,1646,5331,42,151536,12122,2005,1125,1687,2004,1120,1643,98,100,0,601,2035
tas4mixG,992,911,2005,1125,1646,5336,42,151529,12122,2006,1125,1649,2005,1123,1643,98,100,0,601,2038
tas4mixG,992,912,2005,1123,1645,5342,42,151521,12121,2005,1126,1648,2005,1123,1639,98,100,0,601,2035
tas4mixG,992,913,2005,1125,1643,5348,42,151514,12121,2005,1126,1684,2004,1123,1641,98,100,0,601,2035
tas4mixG,992,914,2011,1124,1645,5353,42,151508,12120,2012,1126,1660,2005,1122,1641,98,100,0,601,2035
tas4mixG,992,915,2007,1123,1647,5359,42,151500,12120,2011,1124,1671,2007,1122,1643,98,100,0,601,2035
tas4mixG,992,916,2006,1123,1648,5364,42,151493,12119,2007,1126,1698,2005,1122,1640,98,100,0,601,2046
tas4mixG,992,917,2005,1122,1646,5370,42,151486,12118,2006,1124,1651,2005,1121,1644,98,100,0,601,2038
tas4mixG,992,918,2004,1123,1645,5376,43,151478,12118,2005,1124,1655,2004,1122,1643,98,100,0,601,2035
tas4mixG,992,919,2003,1123,1644,5381,43,151471,12117,2004,1126,1652,2003,1122,1640,98,100,0,601,2032
tas4mixG,992,920,2004,1126,1644,5387,43,151464,12117,2004,1127,1687,2003,1123,1640,98,100,0,601,2035
tas4mixG,992,921,2010,1125,1655,5392,43,151457,12116,2010,1126,1659,2003,1121,1641,98,100,0,601,2049
tas4mixG,992,922,2011,1123,1647,5398,43,151450,12116,2014,1126,1662,2010,1123,1640,98,100,0,601,2038
tas4mixG,992,923,2006,1124,1647,5404,43,151443,12115,2011,1126,1691,2006,1123,1640,98,100,0,601,2035
tas4mixG,992,924,2003,1125,1644,5409,43,151438,12115,2006,1126,1652,2003,1123,1639,98,100,0,601,2032
tas4mixG,992,925,2002,1124,1643,5415,43,151429,12114,2003,1126,1656,2002,1121,1640,98,100,0,601,2032
tas4mixG,992,926,2003,1124,1641,5420,43,151423,12113,2003,1126,1684,2002,1122,1639,98,100,0,601,2032
tas4mixG,992,927,2001,1125,1640,5426,43,151414,12113,2003,1127,1646,2001,1123,1638,98,100,0,601,2032
tas4mixG,992,928,2001,1126,1640,5431,43,151406,12112,2002,1126,1643,2000,1123,1639,98,100,0,601,2029
tas4mixG,992,929,2007,1124,1653,5437,43,151401,12112,2007,1126,1681,2000,1122,1639,98,100,0,601,2046
tas4mixG,992,930,2007,1123,1644,5443,43,151393,12111,2012,1125,1655,2007,1122,1640,98,100,0,601,2032
tas4mixG,992,931,2002,1126,1640,5448,43,151385,12110,2007,1126,1648,2002,1121,1639,98,100,0,601,2029
tas4mixG,992,932,2001,1124,1641,5454,43,151378,12110,2002,1126,1681,2000,1122,1639,98,100,0,601,2029
tas4mixG,992,933,2015,1122,1678,5459,43,151372,12109,2015,1127,1701,2000,1121,1641,97,100,0,601,2072
tas4mixG,992,934,1976,1124,1615,5465,43,151366,12109,2032,1125,1698,1974,1122,1589,98,100,0,601,2009
tas4mixG,992,935,1966,1125,1610,5470,43,151355,12108,1976,1126,1676,1965,1121,1591,98,100,0,601,2001
tas4mixG,992,936,2019,1123,1670,5476,43,151346,12107,2019,1127,1689,1962,1122,1599,98,100,0,601,2043
tas4mixG,992,937,2013,1123,1645,5482,43,151339,12107,2022,1125,1710,2013,1122,1640,99,100,0,601,2029
tas4mixG,992,938,2006,1123,1645,5487,43,151332,12106,2013,1125,1688,2006,1121,1640,98,100,0,601,2035
tas4mixG,992,939,2005,1122,1648,5493,43,151326,12106,2006,1125,1649,2004,1122,1642,98,100,0,601,2035
tas4mixG,992,940,2005,1123,1648,5498,43,151320,12105,2005,1124,1650,2004,1121,1645,98,100,0,601,2035
tas4mixG,992,941,2007,1123,1648,5504,44,151313,12105,2007,1125,1690,2005,1121,1646,98,100,0,601,2038
tas4mixG,992,942,2008,1124,1649,5509,44,151305,12104,2008,1125,1651,2006,1122,1645,98,100,0,600,2038
tas4mixG,992,943,2009,1123,1648,5515,44,151299,12103,2009,1125,1651,2008,1122,1647,98,100,0,600,2041
tas4mixG,992,944,2009,1123,1648,5521,44,151292,12103,2009,1125,1685,2009,1122,1645,98,100,0,600,2046
tas4mixG,992,945,2019,1124,1660,5526,44,151287,12102,2019,1125,1667,2009,1121,1647,98,100,0,600,2052
tas4mixG,992,946,2016,1124,1645,5532,44,151281,12102,2019,1126,1660,2016,1122,1643,98,100,0,600,2038
tas4mixG,992,947,2008,1123,1646,5537,44,151274,12101,2016,1125,1649,2008,1122,1642,98,100,0,599,2035
tas4mixG,992,948,2015,1122,1658,5543,44,151268,12101,2015,1125,1685,2008,1121,1645,98,100,0,600,2049
tas4mixG,992,949,2013,1121,1646,5549,44,151262,12101,2017,1125,1660,2013,1120,1644,99,100,0,600,2032
tas4mixG,992,950,2015,1124,1651,5554,44,151256,12100,2016,1125,1662,2012,1120,1645,98,100,0,600,2046
tas4mixG,992,951,2012,1125,1642,5560,44,151252,12100,2017,1126,1683,2012,1121,1640,98,100,0,600,2035
tas4mixG,992,952,2011,1124,1664,5566,44,151243,12099,2012,1125,1664,2006,1120,1641,98,100,0,600,2046
tas4mixG,992,953,2007,1124,1642,5571,44,151237,12098,2012,1125,1664,2007,1119,1642,98,100,0,600,2032
tas4mixG,992,954,2022,1123,1688,5577,44,151232,12098,2022,1125,1700,2006,1123,1641,98,100,0,600,2063
tas4mixG,992,955,1962,1124,1626,5582,44,151224,12097,2037,1125,1707,1957,1121,1587,97,100,0,601,2004
tas4mixG,992,956,1959,1123,1603,5588,44,151214,12097,1962,1126,1626,1959,1122,1591,98,100,0,601,1984
tas4mixG,992,957,1959,1122,1668,5593,44,151204,12096,1960,1125,1685,1958,1121,1591,98,100,0,601,1989
tas4mixG,992,958,2008,1124,1643,5599,44,151198,12095,2024,1125,1695,1959,1121,1637,98,100,0,601,2032
tas4mixG,992,959,2004,1122,1644,5605,44,151191,12095,2008,1126,1647,2004,1122,1639,98,100,0,601,2032
tas4mixG,992,960,2013,1122,1660,5610,44,151185,12094,2013,1124,1689,2003,1120,1642,98,100,0,601,2049
tas4mixG,992,961,2017,1122,1661,5616,44,151179,12094,2017,1123,1663,2013,1120,1654,98,100,0,601,2049
tas4mixG,992,962,2010,1120,1652,5621,44,151175,12094,2017,1124,1663,2010,1120,1647,98,100,0,601,2038
tas4mixG,992,963,2014,1120,1664,5627,45,151167,12093,2014,1122,1693,2008,1119,1649,98,100,0,601,2052
tas4mixG,992,964,2009,1120,1649,5633,45,151162,12093,2015,1122,1665,2009,1119,1647,98,100,0,601,2035
tas4mixG,992,965,2005,1121,1647,5638,45,151154,12092,2009,1123,1654,2005,1119,1646,98,100,0,601,2032
tas4mixG,992,966,2003,1124,1642,5644,45,151147,12091,2005,1125,1682,2003,1119,1642,98,100,0,601,2035
tas4mixG,992,967,2001,1123,1644,5649,45,151140,12091,2003,1125,1648,2001,1122,1641,98,100,0,601,2032
tas4mixG,992,968,2000,1124,1644,5655,45,151134,12090,2001,1124,1646,2000,1122,1642,98,100,0,601,2032
tas4mixG,992,969,2007,1120,1659,5660,45,151127,12090,2007,1124,1690,2000,1119,1643,98,100,0,601,2046
tas4mixG,992,970,2004,1120,1647,5666,45,151121,12089,2009,1122,1661,2004,1119,1645,98,100,0,601,2032
tas4mixG,992,971,2002,1120,1647,5672,45,151114,12089,2004,1121,1650,2002,1119,1646,98,100,0,601,2032
tas4mixG,992,972,2002,1120,1647,5677,45,151107,12088,2002,1121,1675,2001,1119,1646,98,100,0,601,2029
tas4mixG,992,973,2012,1120,1661,5683,45,151101,12088,2012,1122,1663,2002,1119,1647,98,100,0,601,2046
tas4mixG,992,974,2012,1120,1660,5688,45,151096,12087,2013,1122,1662,2009,1118,1645,98,100,0,600,2046
tas4mixG,992,975,2008,1119,1650,5694,45,151089,12087,2013,1122,1688,2007,1118,1646,98,100,0,600,2038
tas4mixG,992,976,2003,1120,1649,5700,45,151083,12086,2008,1121,1651,2003,1118,1647,98,100,0,600,2032
tas4mixG,992,977,2011,1123,1659,5705,45,151077,12086,2011,1123,1697,2002,1119,1645,98,100,0,600,2043
tas4mixG,992,978,1973,1121,1614,5711,45,151071,12085,2027,1123,1702,1971,1119,1597,97,100,0,600,2015
tas4mixG,992,979,2019,1120,1645,5716,45,151062,12085,2024,1122,1702,1954,1119,1585,99,100,0,601,2026
tas4mixG,992,980,2007,1120,1649,5722,45,151056,12084,2019,1122,1652,2007,1119,1643,98,100,0,601,2035
tas4mixG,992,981,2007,1120,1652,5727,45,151050,12084,2007,1122,1684,2006,1119,1648,98,100,0,601,2038
tas4mixG,992,982,2009,1119,1655,5733,45,151045,12083,2009,1122,1700,2007,1118,1650,98,100,0,601,2041
tas4mixG,992,983,2008,1120,1651,5739,45,151038,12083,2010,1121,1674,2008,1118,1649,98,100,0,601,2035
tas4mixG,992,984,2007,1120,1650,5744,45,151033,12082,2008,1122,1662,2007,1118,1647,98,100,0,601,2035
tas4mixG,992,985,2017,1120,1666,5750,46,151026,12082,2017,1121,1696,2006,1119,1649,98,100,0,601,2055
tas4mixG,992,986,2022,1119,1670,5755,46,151021,12081,2022,1123,1672,2017,1118,1656,98,100,0,601,2055
tas4mixG,992,987,2023,1120,1662,5761,46,151016,12081,2023,1122,1673,2022,1118,1657,98,100,0,601,2052
tas4mixG,992,988,2023,1120,1671,5767,46,151011,12080,2024,1122,1695,2022,1118,1655,98,100,0,601,2052
tas4mixG,992,989,2018,1122,1652,5772,46,151006,12080,2023,1122,1697,2015,1118,1647,99,100,0,601,2038
tas4mixG,992,990,1776,1122,1394,5778,46,150997,12079,2020,1123,1704,1776,1119,1392,97,100,0,601,1824
tas4mixG,992,991,1688,1123,1418,5783,46,150968,12077,1776,1123,1577,1686,1120,1389,98,100,0,601,1722
Processed 992 lines from power meter
There were 0 errors in reading from the meter
