RunId,NumDataLines,SeqNum,Watts,Amps,WattHours,Cost,MoKWh,MoCost,MaxWatts,MaxVolts,MaxAmps,MinWatts,MinVolts,MinAmps,Factor,DutyCycle,PowerCycle
parsec_tasdev1streamcluster,135,0,2124,1138,1708,11,0,153139,12251,2135,1139,1752,2124,1136,1708,98,100,0,601,2151
parsec_tasdev1streamcluster,135,1,2123,1138,1710,17,0,153706,12296,2125,1140,1753,2123,1136,1706,98,100,0,601,2151
parsec_tasdev1streamcluster,135,2,2122,1138,1760,23,0,153605,12288,2123,1140,1761,2122,1136,1707,98,100,0,601,2146
parsec_tasdev1streamcluster,135,3,2122,1139,1713,28,0,153214,12257,2122,1141,1760,2122,1136,1701,99,100,0,601,2143
parsec_tasdev1streamcluster,135,4,2121,1138,1709,34,0,153216,12257,2122,1140,1753,2121,1137,1707,98,100,0,600,2143
parsec_tasdev1streamcluster,135,5,2122,1139,1709,40,0,153223,12257,2122,1141,1752,2121,1137,1706,98,100,0,600,2149
parsec_tasdev1streamcluster,135,6,2122,1139,1709,46,0,153221,12257,2122,1140,1753,2121,1136,1694,98,100,0,600,2151
parsec_tasdev1streamcluster,135,7,2122,1138,1709,52,0,153218,12257,2122,1140,1752,2121,1136,1706,98,100,0,600,2149
parsec_tasdev1streamcluster,135,8,2122,1139,1708,58,0,153219,12257,2122,1140,1751,2121,1137,1706,98,100,0,600,2151
parsec_tasdev1streamcluster,135,9,2121,1139,1707,64,0,153216,12257,2122,1140,1751,2121,1136,1692,98,100,0,600,2151
parsec_tasdev1streamcluster,135,10,2121,1139,1731,70,0,153214,12257,2121,1140,1751,2120,1136,1706,98,100,0,599,2146
parsec_tasdev1streamcluster,135,11,2121,1138,1713,76,0,153214,12257,2122,1141,1752,2121,1136,1704,98,100,0,600,2143
parsec_tasdev1streamcluster,135,12,2121,1138,1707,82,0,153209,12256,2122,1139,1752,2121,1137,1702,98,100,0,600,2151
parsec_tasdev1streamcluster,135,13,2122,1139,1707,88,0,153211,12256,2122,1141,1751,2120,1137,1705,98,100,0,599,2151
parsec_tasdev1streamcluster,135,14,2121,1139,1706,93,0,153305,12264,2122,1140,1752,2121,1136,1705,98,100,0,600,2151
parsec_tasdev1streamcluster,135,15,2121,1139,1706,99,0,153294,12263,2121,1141,1751,2120,1137,1704,98,100,0,600,2146
parsec_tasdev1streamcluster,135,16,2120,1139,1707,105,0,153201,12256,2121,1141,1750,2120,1137,1705,98,100,0,600,2149
parsec_tasdev1streamcluster,135,17,2119,1139,1736,111,0,153196,12255,2120,1141,1749,2119,1137,1704,98,100,0,600,2146
parsec_tasdev1streamcluster,135,18,2119,1139,1711,117,0,153267,12261,2120,1141,1749,2119,1137,1703,98,100,0,600,2143
parsec_tasdev1streamcluster,135,19,2119,1137,1709,123,0,153185,12254,2120,1140,1749,2119,1137,1704,98,100,0,601,2143
parsec_tasdev1streamcluster,135,20,2119,1139,1706,129,1,153179,12254,2120,1141,1749,2119,1137,1704,98,100,0,601,2146
parsec_tasdev1streamcluster,135,21,2118,1140,1704,135,1,153167,12253,2119,1141,1748,2118,1137,1704,98,100,0,601,2140
parsec_tasdev1streamcluster,135,22,2118,1139,1705,141,1,153160,12252,2119,1142,1748,2117,1138,1702,98,100,0,601,2146
parsec_tasdev1streamcluster,135,23,2118,1140,1704,147,1,153152,12252,2119,1141,1748,2118,1137,1703,98,100,0,601,2149
parsec_tasdev1streamcluster,135,24,2118,1139,1705,153,1,153146,12251,2119,1141,1748,2118,1138,1702,98,100,0,601,2149
parsec_tasdev1streamcluster,135,25,2118,1138,1706,158,1,153142,12251,2119,1142,1747,2118,1138,1702,98,100,0,601,2146
parsec_tasdev1streamcluster,135,26,2124,1139,1739,164,1,153150,12252,2124,1140,1791,2118,1137,1702,97,100,0,601,2186
parsec_tasdev1streamcluster,135,27,2117,1139,1708,170,1,153133,12250,2124,1140,1745,2117,1136,1699,99,100,0,601,2137
parsec_tasdev1streamcluster,135,28,2116,1139,1706,176,1,153174,12253,2117,1141,1746,2116,1136,1692,98,100,0,600,2140
parsec_tasdev1streamcluster,135,29,2117,1139,1704,182,1,153115,12249,2117,1141,1747,2116,1136,1702,98,100,0,600,2143
parsec_tasdev1streamcluster,135,30,2116,1140,1703,188,1,153105,12248,2117,1141,1745,2116,1137,1702,98,100,0,600,2146
parsec_tasdev1streamcluster,135,31,2116,1140,1720,194,1,153099,12247,2117,1141,1746,2116,1137,1701,98,100,0,600,2140
parsec_tasdev1streamcluster,135,32,2116,1138,1706,200,1,153091,12247,2117,1141,1745,2116,1137,1701,99,100,0,600,2137
parsec_tasdev1streamcluster,135,33,2116,1139,1703,206,1,153081,12246,2116,1142,1745,2115,1136,1693,98,100,0,600,2146
parsec_tasdev1streamcluster,135,34,2116,1139,1703,211,1,153117,12249,2117,1140,1746,2115,1138,1702,98,100,0,600,2146
parsec_tasdev1streamcluster,135,35,2116,1139,1703,217,1,153067,12245,2117,1141,1745,2115,1138,1701,98,100,0,600,2146
parsec_tasdev1streamcluster,135,36,2116,1141,1700,223,1,153061,12244,2117,1141,1744,2116,1138,1700,98,100,0,599,2146
parsec_tasdev1streamcluster,135,37,2116,1139,1703,229,1,153055,12244,2117,1142,1752,2115,1139,1699,98,100,0,600,2146
parsec_tasdev1streamcluster,135,38,2116,1140,1724,235,1,153050,12244,2117,1141,1744,2116,1138,1700,98,100,0,600,2140
parsec_tasdev1streamcluster,135,39,2115,1139,1720,241,1,153079,12246,2116,1141,1743,2115,1138,1700,98,100,0,601,2140
parsec_tasdev1streamcluster,135,40,2115,1139,1719,247,1,153035,12242,2116,1141,1750,2115,1138,1695,98,100,0,601,2137
parsec_tasdev1streamcluster,135,41,2115,1140,1705,253,2,153029,12242,2116,1140,1744,2115,1138,1701,98,100,0,601,2137
parsec_tasdev1streamcluster,135,42,2115,1141,1699,259,2,153057,12244,2116,1141,1744,2115,1139,1699,98,100,0,601,2146
parsec_tasdev1streamcluster,135,43,2115,1140,1702,265,2,153050,12244,2116,1141,1743,2114,1138,1699,98,100,0,601,2149
parsec_tasdev1streamcluster,135,44,2115,1139,1702,271,2,153010,12240,2116,1143,1743,2115,1138,1698,98,100,0,601,2146
parsec_tasdev1streamcluster,135,45,2115,1140,1703,276,2,153004,12240,2115,1142,1743,2115,1138,1699,98,100,0,600,2143
parsec_tasdev1streamcluster,135,46,2115,1140,1720,282,2,153032,12242,2116,1142,1743,2115,1137,1698,98,100,0,600,2137
parsec_tasdev1streamcluster,135,47,2115,1140,1702,288,2,153025,12242,2115,1142,1743,2115,1137,1694,98,100,0,600,2146
parsec_tasdev1streamcluster,135,48,2121,1140,1705,294,2,152995,12239,2121,1142,1790,2114,1137,1699,96,100,0,600,2188
parsec_tasdev1streamcluster,135,49,2119,1140,1705,300,2,153026,12242,2121,1143,1748,2119,1139,1699,98,100,0,600,2143
parsec_tasdev1streamcluster,135,50,2119,1140,1711,306,2,152998,12239,2120,1141,1749,2119,1138,1703,99,100,0,600,2140
parsec_tasdev1streamcluster,135,51,2120,1141,1706,312,2,153000,12240,2120,1142,1748,2119,1139,1703,98,100,0,600,2143
parsec_tasdev1streamcluster,135,52,2120,1139,1705,318,2,153002,12240,2120,1142,1749,2120,1138,1702,98,100,0,600,2149
parsec_tasdev1streamcluster,135,53,2121,1139,1705,324,2,153033,12242,2121,1142,1754,2120,1138,1704,98,100,0,599,2151
parsec_tasdev1streamcluster,135,54,2121,1139,1706,330,2,153009,12240,2121,1142,1750,2120,1137,1703,98,100,0,600,2151
parsec_tasdev1streamcluster,135,55,2121,1138,1748,336,2,153039,12243,2121,1141,1749,2120,1138,1704,98,100,0,599,2149
parsec_tasdev1streamcluster,135,56,2121,1140,1704,341,2,153041,12243,2121,1141,1749,2120,1138,1703,98,100,0,600,2151
parsec_tasdev1streamcluster,135,57,2120,1140,1705,347,2,153042,12243,2121,1141,1748,2120,1138,1704,98,100,0,600,2151
parsec_tasdev1streamcluster,135,58,2120,1139,1704,353,2,153042,12243,2121,1142,1748,2119,1139,1702,98,100,0,601,2149
parsec_tasdev1streamcluster,135,59,2119,1142,1704,359,2,153017,12241,2120,1142,1749,2119,1137,1703,98,100,0,601,2149
parsec_tasdev1streamcluster,135,60,2119,1140,1705,365,2,153018,12241,2119,1142,1748,2119,1139,1702,98,100,0,601,2149
parsec_tasdev1streamcluster,135,61,2119,1138,1746,371,2,153019,12241,2119,1141,1752,2119,1136,1703,98,100,0,601,2149
parsec_tasdev1streamcluster,135,62,2119,1136,1722,377,3,153020,12241,2120,1139,1751,2118,1136,1706,99,100,0,601,2140
parsec_tasdev1streamcluster,135,63,2118,1138,1709,383,3,153019,12241,2119,1139,1750,2118,1134,1706,98,100,0,601,2140
parsec_tasdev1streamcluster,135,64,2119,1139,1706,389,3,153018,12241,2119,1141,1749,2118,1137,1703,98,100,0,601,2146
parsec_tasdev1streamcluster,135,65,2119,1138,1707,395,3,153018,12241,2119,1140,1749,2118,1137,1705,98,100,0,601,2146
parsec_tasdev1streamcluster,135,66,2118,1138,1706,401,3,153040,12243,2119,1140,1750,2118,1136,1705,98,100,0,601,2146
parsec_tasdev1streamcluster,135,67,2118,1137,1710,406,3,153016,12241,2118,1140,1753,2117,1135,1705,98,100,0,601,2146
parsec_tasdev1streamcluster,135,68,2118,1138,1707,412,3,153016,12241,2118,1139,1752,2117,1134,1701,98,100,0,601,2146
parsec_tasdev1streamcluster,135,69,2119,1138,1709,418,3,153037,12243,2119,1140,1752,2118,1135,1705,98,100,0,601,2149
parsec_tasdev1streamcluster,135,70,2119,1139,1707,424,3,153017,12241,2120,1139,1751,2118,1136,1706,98,100,0,601,2149
parsec_tasdev1streamcluster,135,71,2120,1137,1715,430,3,153018,12241,2120,1140,1776,2119,1136,1705,98,100,0,601,2151
parsec_tasdev1streamcluster,135,72,2119,1138,1727,436,3,153019,12241,2120,1140,1752,2119,1136,1705,98,100,0,601,2143
parsec_tasdev1streamcluster,135,73,2120,1139,1711,442,3,153020,12241,2120,1141,1752,2119,1136,1704,98,100,0,601,2143
parsec_tasdev1streamcluster,135,74,2120,1138,1708,448,3,153021,12241,2120,1140,1750,2119,1137,1705,98,100,0,600,2146
parsec_tasdev1streamcluster,135,75,2120,1138,1707,454,3,153022,12241,2120,1140,1749,2119,1137,1705,98,100,0,600,2146
parsec_tasdev1streamcluster,135,76,2122,1139,1709,460,3,153025,12242,2124,1140,1792,2119,1138,1704,98,100,0,600,2146
parsec_tasdev1streamcluster,135,77,2120,1137,1736,465,3,153026,12242,2122,1141,1757,2120,1136,1704,98,100,0,600,2143
parsec_tasdev1streamcluster,135,78,2121,1137,1750,471,3,153028,12242,2121,1140,1751,2120,1136,1707,98,100,0,600,2143
parsec_tasdev1streamcluster,135,79,2122,1140,1708,477,3,153050,12244,2122,1140,1752,2121,1136,1706,98,100,0,600,2154
parsec_tasdev1streamcluster,135,80,2121,1137,1745,483,3,153033,12242,2122,1140,1752,2121,1137,1707,98,100,0,600,2146
parsec_tasdev1streamcluster,135,81,2121,1139,1712,489,3,153034,12242,2122,1140,1750,2121,1137,1707,98,100,0,600,2149
parsec_tasdev1streamcluster,135,82,2122,1139,1727,495,3,153037,12243,2122,1140,1750,2121,1137,1707,98,100,0,600,2146
parsec_tasdev1streamcluster,135,83,2122,1139,1712,501,4,153039,12243,2122,1140,1751,2122,1137,1707,98,100,0,600,2146
parsec_tasdev1streamcluster,135,84,2121,1138,1713,507,4,153041,12243,2122,1140,1750,2121,1137,1706,98,100,0,600,2143
parsec_tasdev1streamcluster,135,85,2120,1139,1708,513,4,153041,12243,2121,1140,1751,2120,1137,1707,98,100,0,600,2146
parsec_tasdev1streamcluster,135,86,2120,1139,1708,519,4,153042,12243,2121,1141,1749,2120,1137,1705,98,100,0,601,2143
parsec_tasdev1streamcluster,135,87,2120,1138,1707,525,4,153043,12243,2121,1140,1769,2120,1137,1705,98,100,0,601,2149
parsec_tasdev1streamcluster,135,88,2119,1138,1707,530,4,153059,12244,2120,1139,1750,2118,1135,1706,98,100,0,601,2149
parsec_tasdev1streamcluster,135,89,2119,1137,1708,536,4,153042,12243,2119,1140,1751,2118,1137,1704,98,100,0,600,2146
parsec_tasdev1streamcluster,135,90,2119,1140,1706,542,4,153042,12243,2120,1140,1751,2119,1136,1705,98,100,0,600,2149
parsec_tasdev1streamcluster,135,91,2119,1139,1707,548,4,153042,12243,2120,1140,1750,2118,1136,1704,98,100,0,600,2149
parsec_tasdev1streamcluster,135,92,2118,1137,1709,554,4,153042,12243,2119,1139,1751,2118,1135,1706,98,100,0,600,2149
parsec_tasdev1streamcluster,135,93,2119,1137,1709,560,4,153042,12243,2119,1140,1752,2118,1135,1705,98,100,0,601,2149
parsec_tasdev1streamcluster,135,94,2119,1136,1748,566,4,153043,12243,2119,1139,1752,2118,1136,1707,98,100,0,601,2143
parsec_tasdev1streamcluster,135,95,2119,1136,1715,572,4,153043,12243,2120,1139,1752,2119,1135,1707,98,100,0,601,2143
parsec_tasdev1streamcluster,135,96,2119,1138,1709,578,4,153058,12244,2119,1139,1753,2119,1135,1704,98,100,0,601,2143
parsec_tasdev1streamcluster,135,97,2120,1136,1708,584,4,153043,12243,2120,1138,1752,2119,1134,1706,98,100,0,601,2149
parsec_tasdev1streamcluster,135,98,2119,1138,1708,589,4,153043,12243,2120,1140,1752,2119,1135,1705,98,100,0,601,2149
parsec_tasdev1streamcluster,135,99,2119,1137,1709,595,4,153043,12243,2120,1139,1752,2119,1136,1707,98,100,0,601,2149
parsec_tasdev1streamcluster,135,100,2120,1136,1710,601,4,153058,12244,2120,1138,1753,2118,1134,1699,98,100,0,601,2151
parsec_tasdev1streamcluster,135,101,2119,1137,1714,607,4,153059,12244,2120,1139,1752,2119,1135,1707,98,100,0,601,2143
parsec_tasdev1streamcluster,135,102,2121,1137,1709,613,4,153059,12244,2121,1138,1757,2119,1134,1709,98,100,0,601,2143
parsec_tasdev1streamcluster,135,103,2120,1139,1707,619,4,153045,12243,2121,1140,1753,2120,1134,1706,98,100,0,601,2149
parsec_tasdev1streamcluster,135,104,2120,1138,1708,625,5,153045,12243,2120,1140,1753,2119,1134,1705,98,100,0,600,2151
parsec_tasdev1streamcluster,135,105,2119,1137,1710,631,5,153045,12243,2120,1138,1753,2119,1134,1701,98,100,0,600,2151
parsec_tasdev1streamcluster,135,106,2120,1137,1709,637,5,153046,12243,2120,1139,1753,2119,1135,1704,98,100,0,600,2149
parsec_tasdev1streamcluster,135,107,2121,1137,1704,643,5,153048,12243,2124,1138,1795,2119,1135,1704,98,100,0,600,2143
parsec_tasdev1streamcluster,135,108,2118,1138,1707,649,5,153046,12243,2121,1139,1748,2117,1136,1702,98,100,0,600,2149
parsec_tasdev1streamcluster,135,109,2117,1137,1706,654,5,153044,12243,2118,1138,1749,2117,1135,1704,98,100,0,600,2146
parsec_tasdev1streamcluster,135,110,2116,1137,1707,660,5,153042,12243,2117,1140,1749,2116,1135,1703,98,100,0,600,2146
parsec_tasdev1streamcluster,135,111,2117,1135,1710,666,5,153054,12244,2117,1139,1749,2116,1134,1704,98,100,0,600,2146
parsec_tasdev1streamcluster,135,112,2117,1137,1707,672,5,153040,12243,2117,1138,1750,2116,1134,1706,98,100,0,600,2143
parsec_tasdev1streamcluster,135,113,2117,1136,1708,678,5,153052,12244,2118,1138,1750,2116,1134,1706,98,100,0,600,2146
parsec_tasdev1streamcluster,135,114,2117,1138,1706,684,5,153037,12242,2117,1138,1749,2116,1135,1706,98,100,0,599,2146
parsec_tasdev1streamcluster,135,115,2117,1137,1707,690,5,153035,12242,2117,1138,1749,2116,1136,1703,98,100,0,600,2146
parsec_tasdev1streamcluster,135,116,2119,1137,1710,696,5,153049,12243,2119,1139,1752,2116,1136,1705,98,100,0,600,2151
parsec_tasdev1streamcluster,135,117,2120,1138,1709,702,5,153036,12242,2120,1139,1751,2119,1136,1707,98,100,0,600,2149
parsec_tasdev1streamcluster,135,118,2119,1137,1710,708,5,153037,12242,2120,1138,1759,2119,1136,1708,98,100,0,600,2143
parsec_tasdev1streamcluster,135,119,2120,1138,1708,713,5,153037,12243,2120,1140,1752,2119,1136,1706,98,100,0,600,2146
parsec_tasdev1streamcluster,135,120,2120,1137,1710,719,5,153038,12243,2120,1139,1751,2119,1136,1707,98,100,0,600,2149
parsec_tasdev1streamcluster,135,121,2120,1137,1708,725,5,153038,12243,2120,1140,1751,2119,1135,1706,98,100,0,601,2151
parsec_tasdev1streamcluster,135,122,2116,1138,1705,731,5,153036,12242,2120,1139,1749,2116,1136,1702,99,100,0,601,2137
parsec_tasdev1streamcluster,135,123,2116,1138,1704,737,5,153033,12242,2116,1140,1746,2115,1136,1702,99,100,0,601,2137
parsec_tasdev1streamcluster,135,124,2115,1138,1716,743,5,153031,12242,2116,1140,1747,2114,1136,1703,98,100,0,601,2137
parsec_tasdev1streamcluster,135,125,2115,1137,1706,749,5,153028,12242,2115,1140,1747,2115,1135,1702,98,100,0,601,2137
parsec_tasdev1streamcluster,135,126,2115,1137,1706,755,6,153026,12242,2115,1140,1747,2114,1134,1703,98,100,0,601,2146
parsec_tasdev1streamcluster,135,127,2115,1137,1705,761,6,153024,12241,2115,1139,1748,2114,1135,1698,98,100,0,601,2146
parsec_tasdev1streamcluster,135,128,2114,1138,1714,766,6,153021,12241,2115,1139,1747,2114,1136,1703,98,100,0,601,2137
parsec_tasdev1streamcluster,135,129,2114,1137,1705,772,6,153030,12242,2115,1140,1745,2114,1137,1702,98,100,0,601,2137
parsec_tasdev1streamcluster,135,130,2116,1137,1707,778,6,153017,12241,2116,1139,1747,2114,1136,1697,98,100,0,601,2143
parsec_tasdev1streamcluster,135,131,2116,1137,1705,784,6,153015,12241,2116,1139,1747,2115,1136,1703,98,100,0,601,2146
parsec_tasdev1streamcluster,135,132,2114,1137,1712,790,6,153012,12241,2116,1139,1746,2114,1136,1703,98,100,0,601,2137
parsec_tasdev1streamcluster,135,133,2115,1137,1705,796,6,153010,12240,2115,1139,1747,2114,1136,1697,98,100,0,601,2146
parsec_tasdev1streamcluster,135,134,2115,1138,1705,802,6,153008,12240,2115,1139,1747,2114,1136,1703,98,100,0,601,2143
Processed 135 lines from power meter
There were 0 errors in reading from the meter
