RunId,NumDataLines,SeqNum,Watts,Amps,WattHours,Cost,MoKWh,MoCost,MaxWatts,MaxVolts,MaxAmps,MinWatts,MinVolts,MinAmps,Factor,DutyCycle,PowerCycle
pthreads_tasdev1ferret,62,0,2182,1148,1752,11,0,157695,12615,2182,1148,1761,2174,1144,1724,98,100,0,599,2225
pthreads_tasdev1ferret,62,1,2195,1146,1771,17,0,158594,12687,2195,1148,1775,2182,1145,1751,98,100,0,600,2237
pthreads_tasdev1ferret,62,2,2196,1146,1758,23,0,158210,12656,2197,1148,1776,2195,1145,1751,98,100,0,600,2225
pthreads_tasdev1ferret,62,3,2195,1146,1757,30,0,158584,12686,2196,1147,1759,2195,1145,1749,98,100,0,600,2220
pthreads_tasdev1ferret,62,4,2196,1146,1758,36,0,158590,12687,2196,1147,1764,2195,1144,1749,98,100,0,600,2225
pthreads_tasdev1ferret,62,5,2195,1147,1758,42,0,158347,12667,2196,1149,1763,2195,1145,1748,98,100,0,599,2220
pthreads_tasdev1ferret,62,6,2197,1147,1757,48,0,158381,12670,2197,1148,1761,2195,1145,1753,98,100,0,600,2225
pthreads_tasdev1ferret,62,7,2196,1146,1757,54,0,158590,12687,2197,1147,1768,2196,1144,1752,98,100,0,600,2220
pthreads_tasdev1ferret,62,8,2196,1145,1759,60,0,158427,12674,2197,1148,1766,2195,1143,1744,98,100,0,600,2225
pthreads_tasdev1ferret,62,9,2196,1144,1758,66,0,158440,12675,2196,1146,1763,2195,1143,1753,98,100,0,600,2225
pthreads_tasdev1ferret,62,10,2196,1146,1757,72,0,158452,12676,2196,1146,1772,2195,1143,1751,98,100,0,600,2222
pthreads_tasdev1ferret,62,11,2196,1146,1765,79,0,158465,12677,2197,1148,1783,2196,1144,1724,99,100,0,600,2211
pthreads_tasdev1ferret,62,12,2196,1146,1758,85,0,158476,12678,2197,1147,1770,2196,1144,1746,98,100,0,599,2225
pthreads_tasdev1ferret,62,13,2200,1145,1761,91,0,158618,12689,2200,1147,1775,2196,1143,1755,98,100,0,600,2231
pthreads_tasdev1ferret,62,14,2202,1145,1763,97,0,158547,12683,2202,1147,1775,2200,1143,1758,98,100,0,600,2231
pthreads_tasdev1ferret,62,15,2203,1144,1769,103,0,158578,12686,2203,1146,1778,2201,1144,1759,98,100,0,600,2228
pthreads_tasdev1ferret,62,16,2206,1145,1760,109,0,158616,12689,2207,1146,1780,2202,1143,1747,99,100,0,600,2225
pthreads_tasdev1ferret,62,17,2200,1146,1759,115,0,158621,12689,2206,1147,1770,2200,1143,1755,98,100,0,600,2225
pthreads_tasdev1ferret,62,18,2197,1146,1758,121,0,158621,12689,2200,1146,1766,2197,1144,1752,98,100,0,599,2225
pthreads_tasdev1ferret,62,19,2196,1145,1762,127,1,158619,12689,2197,1148,1765,2196,1144,1741,98,100,0,599,2222
pthreads_tasdev1ferret,62,20,2203,1146,1770,134,1,158646,12691,2203,1146,1776,2196,1143,1759,98,100,0,600,2234
pthreads_tasdev1ferret,62,21,2204,1146,1764,140,1,158669,12693,2204,1146,1777,2203,1143,1759,98,100,0,600,2231
pthreads_tasdev1ferret,62,22,2202,1146,1762,146,1,158685,12694,2204,1147,1773,2202,1143,1742,98,100,0,600,2228
pthreads_tasdev1ferret,62,23,2200,1144,1759,152,1,158694,12695,2203,1147,1774,2200,1144,1744,99,100,0,599,2222
pthreads_tasdev1ferret,62,24,2198,1144,1763,158,1,158755,12700,2200,1147,1765,2198,1143,1753,98,100,0,600,2222
pthreads_tasdev1ferret,62,25,2198,1145,1760,164,1,158753,12700,2199,1147,1772,2198,1144,1754,98,100,0,600,2222
pthreads_tasdev1ferret,62,26,2197,1146,1757,170,1,158695,12695,2198,1147,1769,2197,1143,1752,98,100,0,600,2222
pthreads_tasdev1ferret,62,27,2198,1145,1761,177,1,158698,12695,2200,1147,1775,2196,1143,1738,98,100,0,600,2222
pthreads_tasdev1ferret,62,28,2196,1145,1757,183,1,158693,12695,2198,1146,1763,2196,1143,1750,98,100,0,600,2222
pthreads_tasdev1ferret,62,29,2192,1144,1752,189,1,158679,12694,2197,1146,1765,2192,1143,1729,99,100,0,600,2214
pthreads_tasdev1ferret,62,30,2195,1145,1757,195,1,158677,12694,2195,1146,1768,2191,1143,1739,98,100,0,600,2225
pthreads_tasdev1ferret,62,31,2197,1145,1760,201,1,158725,12698,2197,1146,1765,2195,1143,1755,98,100,0,599,2222
pthreads_tasdev1ferret,62,32,2195,1146,1758,207,1,158670,12693,2197,1146,1767,2194,1143,1732,98,100,0,600,2222
pthreads_tasdev1ferret,62,33,2195,1144,1764,213,1,158665,12693,2195,1146,1772,2193,1143,1739,98,100,0,600,2222
pthreads_tasdev1ferret,62,34,2198,1145,1763,219,1,158668,12693,2198,1146,1766,2195,1143,1746,98,100,0,600,2228
pthreads_tasdev1ferret,62,35,2197,1144,1763,226,1,158668,12693,2198,1146,1765,2197,1143,1753,98,100,0,600,2222
pthreads_tasdev1ferret,62,36,2196,1145,1750,232,1,158666,12693,2198,1146,1769,2196,1143,1735,98,100,0,600,2220
pthreads_tasdev1ferret,62,37,2195,1145,1759,238,1,158662,12692,2196,1146,1764,2195,1143,1744,98,100,0,600,2220
pthreads_tasdev1ferret,62,38,2195,1145,1756,244,1,158658,12692,2196,1146,1763,2195,1144,1743,99,100,0,600,2217
pthreads_tasdev1ferret,62,39,2199,1144,1763,250,2,158701,12696,2199,1146,1775,2195,1143,1753,98,100,0,600,2234
pthreads_tasdev1ferret,62,40,2202,1145,1766,256,2,158676,12694,2203,1146,1779,2199,1143,1759,98,100,0,600,2228
pthreads_tasdev1ferret,62,41,2204,1145,1760,262,2,158688,12695,2204,1148,1777,2202,1144,1757,98,100,0,600,2234
pthreads_tasdev1ferret,62,42,2203,1147,1769,268,2,158698,12695,2205,1148,1780,2203,1144,1758,98,100,0,600,2228
pthreads_tasdev1ferret,62,43,2203,1145,1760,275,2,158705,12696,2203,1147,1777,2201,1143,1758,98,100,0,600,2231
pthreads_tasdev1ferret,62,44,2202,1145,1761,281,2,158712,12696,2203,1147,1776,2202,1143,1759,98,100,0,600,2228
pthreads_tasdev1ferret,62,45,2203,1146,1774,287,2,158722,12697,2204,1147,1783,2202,1143,1759,98,100,0,600,2228
pthreads_tasdev1ferret,62,46,2202,1145,1762,293,2,158727,12698,2204,1147,1778,2202,1143,1759,98,100,0,600,2228
pthreads_tasdev1ferret,62,47,2204,1145,1768,299,2,158737,12699,2204,1147,1780,2202,1144,1760,98,100,0,600,2228
pthreads_tasdev1ferret,62,48,2206,1146,1773,305,2,158750,12700,2206,1146,1777,2203,1144,1759,98,100,0,600,2234
pthreads_tasdev1ferret,62,49,2203,1145,1765,311,2,158785,12702,2206,1147,1777,2203,1144,1740,98,100,0,600,2228
pthreads_tasdev1ferret,62,50,2204,1145,1761,318,2,158763,12701,2204,1147,1781,2203,1143,1759,98,100,0,600,2234
pthreads_tasdev1ferret,62,51,2203,1145,1761,324,2,158799,12703,2205,1147,1778,2203,1143,1759,98,100,0,600,2228
pthreads_tasdev1ferret,62,52,2205,1146,1769,330,2,158778,12702,2205,1147,1782,2202,1143,1759,98,100,0,600,2234
pthreads_tasdev1ferret,62,53,2205,1146,1763,336,2,158813,12705,2205,1148,1778,2204,1144,1758,98,100,0,600,2231
pthreads_tasdev1ferret,62,54,2201,1146,1757,342,2,158786,12702,2205,1148,1780,2201,1144,1740,99,100,0,599,2222
pthreads_tasdev1ferret,62,55,2198,1145,1759,348,2,158812,12704,2201,1149,1764,2198,1144,1753,98,100,0,600,2225
pthreads_tasdev1ferret,62,56,2201,1146,1765,354,2,158787,12703,2201,1148,1778,2198,1144,1744,98,100,0,600,2225
pthreads_tasdev1ferret,62,57,2201,1147,1759,361,2,158791,12703,2202,1148,1775,2201,1144,1758,98,100,0,600,2225
pthreads_tasdev1ferret,62,58,2205,1145,1763,367,2,158799,12703,2205,1147,1777,2201,1144,1758,98,100,0,599,2228
pthreads_tasdev1ferret,62,59,2205,1145,1761,373,2,158805,12704,2205,1147,1779,2204,1144,1759,98,100,0,600,2234
pthreads_tasdev1ferret,62,60,2206,1146,1760,379,3,158813,12705,2207,1147,1782,2204,1144,1759,98,100,0,600,2231
pthreads_tasdev1ferret,62,61,2203,1145,1742,385,3,158842,12707,2206,1147,1779,2203,1144,1742,99,100,0,600,2222
Processed 62 lines from power meter
There were 0 errors in reading from the meter
