RunId,NumDataLines,SeqNum,Watts,Amps,WattHours,Cost,MoKWh,MoCost,MaxWatts,MaxVolts,MaxAmps,MinWatts,MinVolts,MinAmps,Factor,DutyCycle,PowerCycle
reset_tasdev_spec4mixG,593,0,2127,1135,1711,11,0,156397,12511,2186,1142,1812,2127,1135,1684,99,100,0,600,2146
reset_tasdev_spec4mixG,593,1,2128,1135,1755,17,0,155456,12436,2128,1137,1778,2122,1134,1686,98,100,0,600,2171
reset_tasdev_spec4mixG,593,2,2124,1135,1720,23,0,154924,12393,2132,1137,1801,2124,1135,1683,98,100,0,600,2146
reset_tasdev_spec4mixG,593,3,2129,1136,1718,29,0,154670,12373,2129,1137,1790,2122,1135,1686,98,100,0,600,2160
reset_tasdev_spec4mixG,593,4,2128,1136,1701,35,0,154504,12360,2131,1137,1794,2128,1134,1683,99,100,0,600,2149
reset_tasdev_spec4mixG,593,5,2123,1135,1693,41,0,154288,12343,2128,1137,1769,2121,1134,1681,98,100,0,600,2151
reset_tasdev_spec4mixG,593,6,2112,1136,1733,46,0,154033,12322,2123,1137,1747,2112,1134,1682,98,100,0,600,2140
reset_tasdev_spec4mixG,593,7,2110,1135,1719,52,0,153841,12307,2112,1137,1773,2110,1135,1683,98,100,0,600,2143
reset_tasdev_spec4mixG,593,8,2107,1135,1705,58,0,153664,12293,2111,1136,1739,2106,1133,1688,98,100,0,600,2131
reset_tasdev_spec4mixG,593,9,2108,1136,1696,64,0,153537,12283,2109,1136,1778,2107,1134,1685,98,100,0,600,2143
reset_tasdev_spec4mixG,593,10,2109,1135,1718,70,0,153432,12274,2110,1136,1747,2106,1134,1688,98,100,0,600,2143
reset_tasdev_spec4mixG,593,11,2112,1135,1697,76,0,153369,12269,2113,1136,1759,2109,1133,1688,98,100,0,601,2137
reset_tasdev_spec4mixG,593,12,2113,1135,1722,82,0,153317,12265,2114,1136,1768,2111,1134,1689,98,100,0,600,2154
reset_tasdev_spec4mixG,593,13,2110,1135,1753,87,0,153248,12259,2113,1136,1755,2108,1134,1682,98,100,0,600,2140
reset_tasdev_spec4mixG,593,14,2132,1136,1685,93,0,153308,12264,2189,1136,1793,2074,1134,1668,97,100,0,601,2180
reset_tasdev_spec4mixG,593,15,2197,1135,1742,99,0,153374,12269,2203,1137,1802,2071,1134,1667,99,100,0,601,2200
reset_tasdev_spec4mixG,593,16,2161,1135,1760,105,0,153555,12284,2230,1136,1814,2141,1134,1699,98,100,0,601,2188
reset_tasdev_spec4mixG,593,17,2223,1135,1807,112,0,153903,12312,2233,1136,1834,2161,1134,1717,98,100,0,601,2262
reset_tasdev_spec4mixG,593,18,2190,1135,1754,118,0,154010,12320,2225,1136,1816,2190,1134,1677,99,100,0,601,2194
reset_tasdev_spec4mixG,593,19,2180,1135,1765,124,0,154166,12333,2190,1136,1822,2180,1134,1716,98,100,0,601,2203
reset_tasdev_spec4mixG,593,20,2205,1135,1796,130,1,154406,12352,2205,1136,1825,2180,1133,1738,97,100,0,601,2251
reset_tasdev_spec4mixG,593,21,2220,1134,1786,136,1,154678,12374,2220,1136,1827,2205,1134,1758,98,100,0,601,2251
reset_tasdev_spec4mixG,593,22,2203,1134,1802,142,1,154877,12390,2220,1136,1811,2132,1134,1713,98,100,0,601,2245
reset_tasdev_spec4mixG,593,23,2195,1134,1783,148,1,154969,12397,2210,1136,1848,2195,1133,1724,99,100,0,601,2211
reset_tasdev_spec4mixG,593,24,2214,1135,1800,155,1,155173,12413,2214,1136,1832,2195,1134,1752,98,100,0,601,2257
reset_tasdev_spec4mixG,593,25,2217,1135,1784,161,1,155361,12428,2222,1136,1821,2212,1134,1723,98,100,0,601,2254
reset_tasdev_spec4mixG,593,26,2203,1134,1784,167,1,155549,12443,2220,1136,1818,2203,1133,1734,99,100,0,601,2205
reset_tasdev_spec4mixG,593,27,2159,1135,1775,173,1,155510,12440,2203,1136,1794,2149,1134,1697,98,100,0,601,2197
reset_tasdev_spec4mixG,593,28,2166,1135,1761,179,1,155605,12448,2169,1136,1819,2159,1134,1717,99,100,0,601,2183
reset_tasdev_spec4mixG,593,29,2176,1135,1755,185,1,155618,12449,2176,1136,1827,2166,1133,1713,98,100,0,601,2205
reset_tasdev_spec4mixG,593,30,2160,1135,1732,191,1,155621,12449,2176,1136,1801,2160,1134,1692,99,100,0,601,2180
reset_tasdev_spec4mixG,593,31,2152,1134,1751,197,1,155611,12448,2160,1136,1798,2151,1134,1702,98,100,0,601,2183
reset_tasdev_spec4mixG,593,32,2166,1135,1755,203,1,155648,12451,2166,1136,1823,2152,1133,1705,98,100,0,601,2205
reset_tasdev_spec4mixG,593,33,2170,1135,1767,209,1,155685,12454,2171,1136,1778,2166,1134,1738,99,100,0,601,2191
reset_tasdev_spec4mixG,593,34,2185,1134,1775,215,1,155749,12459,2185,1136,1812,2170,1134,1729,98,100,0,600,2217
reset_tasdev_spec4mixG,593,35,2170,1134,1766,221,1,155774,12461,2187,1136,1812,2170,1133,1714,99,100,0,600,2174
reset_tasdev_spec4mixG,593,36,2172,1135,1770,227,1,155805,12464,2175,1135,1816,2170,1133,1714,98,100,0,600,2214
reset_tasdev_spec4mixG,593,37,2169,1134,1740,233,1,155866,12469,2173,1136,1778,2169,1134,1723,99,100,0,600,2188
reset_tasdev_spec4mixG,593,38,2158,1134,1774,239,1,155855,12468,2169,1136,1795,2154,1134,1704,98,100,0,600,2191
reset_tasdev_spec4mixG,593,39,2179,1135,1774,245,1,155903,12472,2179,1136,1814,2158,1133,1718,98,100,0,600,2211
reset_tasdev_spec4mixG,593,40,2166,1135,1739,251,2,155882,12470,2187,1136,1815,2166,1133,1699,99,100,0,600,2168
reset_tasdev_spec4mixG,593,41,2218,1134,1758,257,2,155910,12472,2223,1136,1834,2162,1134,1706,100,100,0,600,2218
reset_tasdev_spec4mixG,593,42,2179,1136,1723,264,2,155926,12474,2218,1136,1829,2179,1133,1709,100,100,0,600,2179
reset_tasdev_spec4mixG,593,43,2173,1136,1722,270,2,155933,12474,2179,1136,1814,2161,1134,1705,97,100,0,600,2231
reset_tasdev_spec4mixG,593,44,2166,1136,1769,276,2,155933,12474,2173,1136,1805,2158,1134,1706,98,100,0,600,2208
reset_tasdev_spec4mixG,593,45,2177,1135,1755,282,2,155969,12477,2179,1136,1827,2166,1133,1718,98,100,0,600,2203
reset_tasdev_spec4mixG,593,46,2123,1136,1711,288,2,155976,12478,2180,1136,1816,2123,1134,1692,99,100,0,600,2143
reset_tasdev_spec4mixG,593,47,2136,1135,1726,294,2,155948,12475,2136,1136,1790,2123,1134,1703,98,100,0,601,2171
reset_tasdev_spec4mixG,593,48,2138,1135,1738,300,2,155920,12473,2141,1136,1774,2136,1133,1698,98,100,0,601,2163
reset_tasdev_spec4mixG,593,49,2138,1135,1731,306,2,155889,12471,2139,1136,1770,2136,1134,1704,98,100,0,601,2168
reset_tasdev_spec4mixG,593,50,2129,1135,1735,311,2,155876,12470,2140,1136,1775,2128,1134,1689,98,100,0,600,2160
reset_tasdev_spec4mixG,593,51,2139,1134,1733,317,2,155826,12466,2139,1135,1808,2129,1133,1701,98,100,0,600,2180
reset_tasdev_spec4mixG,593,52,2136,1134,1693,323,2,155796,12463,2143,1135,1784,2136,1133,1687,99,100,0,600,2157
reset_tasdev_spec4mixG,593,53,2136,1135,1755,329,2,155770,12461,2138,1135,1790,2132,1133,1692,99,100,0,600,2157
reset_tasdev_spec4mixG,593,54,2138,1135,1732,335,2,155749,12459,2146,1136,1792,2136,1132,1683,99,100,0,600,2146
reset_tasdev_spec4mixG,593,55,2136,1135,1719,341,2,155720,12457,2138,1136,1815,2132,1134,1683,98,100,0,600,2174
reset_tasdev_spec4mixG,593,56,2153,1135,1719,347,2,155722,12457,2157,1135,1795,2136,1133,1694,99,100,0,600,2154
reset_tasdev_spec4mixG,593,57,2154,1134,1730,353,2,155719,12457,2154,1135,1817,2144,1133,1683,98,100,0,600,2188
reset_tasdev_spec4mixG,593,58,2151,1134,1730,359,2,155710,12456,2154,1135,1800,2150,1133,1704,98,100,0,600,2180
reset_tasdev_spec4mixG,593,59,2155,1134,1711,365,2,155715,12457,2163,1136,1805,2150,1133,1701,99,100,0,599,2157
reset_tasdev_spec4mixG,593,60,2148,1135,1739,371,2,155701,12456,2155,1135,1786,2145,1133,1703,98,100,0,600,2191
reset_tasdev_spec4mixG,593,61,2142,1134,1721,377,3,155684,12454,2149,1135,1787,2142,1133,1696,99,100,0,599,2143
reset_tasdev_spec4mixG,593,62,2149,1134,1765,383,3,155674,12453,2149,1135,1788,2136,1133,1686,97,100,0,600,2200
reset_tasdev_spec4mixG,593,63,2135,1134,1719,389,3,155646,12451,2151,1135,1795,2135,1132,1690,99,100,0,600,2146
reset_tasdev_spec4mixG,593,64,2139,1134,1717,395,3,155630,12450,2142,1135,1811,2133,1133,1700,99,100,0,600,2160
reset_tasdev_spec4mixG,593,65,2141,1134,1750,401,3,155617,12449,2142,1135,1800,2137,1133,1702,98,100,0,600,2168
reset_tasdev_spec4mixG,593,66,2171,1134,1772,407,3,155640,12451,2171,1135,1809,2141,1132,1695,97,100,0,600,2217
reset_tasdev_spec4mixG,593,67,2184,1134,1759,413,3,155674,12453,2184,1135,1820,2171,1133,1748,98,100,0,600,2220
reset_tasdev_spec4mixG,593,68,2177,1134,1754,419,3,155697,12455,2187,1135,1818,2177,1133,1739,98,100,0,600,2200
reset_tasdev_spec4mixG,593,69,2166,1134,1794,425,3,155707,12456,2177,1135,1817,2164,1133,1702,98,100,0,600,2200
reset_tasdev_spec4mixG,593,70,2168,1134,1754,431,3,155721,12457,2175,1135,1813,2166,1132,1712,99,100,0,600,2188
reset_tasdev_spec4mixG,593,71,2175,1135,1768,437,3,155737,12459,2175,1135,1795,2159,1133,1707,98,100,0,600,2217
reset_tasdev_spec4mixG,593,72,2185,1134,1767,443,3,155769,12461,2185,1135,1782,2175,1133,1756,98,100,0,600,2214
reset_tasdev_spec4mixG,593,73,2177,1134,1780,450,3,155785,12462,2186,1135,1813,2173,1132,1706,98,100,0,600,2211
reset_tasdev_spec4mixG,593,74,2183,1135,1771,456,3,155812,12465,2184,1135,1781,2177,1133,1755,98,100,0,600,2208
reset_tasdev_spec4mixG,593,75,2186,1134,1775,462,3,155839,12467,2186,1135,1780,2183,1133,1755,98,100,0,601,2214
reset_tasdev_spec4mixG,593,76,2185,1134,1770,468,3,155865,12469,2186,1135,1779,2185,1132,1752,98,100,0,601,2211
reset_tasdev_spec4mixG,593,77,2187,1134,1767,474,3,155911,12472,2187,1135,1782,2184,1133,1754,98,100,0,601,2214
reset_tasdev_spec4mixG,593,78,2188,1135,1773,480,3,155917,12473,2188,1135,1781,2186,1134,1755,98,100,0,601,2217
reset_tasdev_spec4mixG,593,79,2189,1135,1747,486,3,155942,12475,2189,1136,1798,2182,1133,1710,98,100,0,601,2222
reset_tasdev_spec4mixG,593,80,2177,1135,1735,492,3,155957,12476,2189,1136,1801,2177,1133,1717,99,100,0,601,2180
reset_tasdev_spec4mixG,593,81,2154,1134,1740,498,3,155945,12475,2177,1135,1775,2154,1134,1708,99,100,0,601,2166
reset_tasdev_spec4mixG,593,82,2146,1135,1742,504,4,155932,12474,2154,1136,1769,2146,1133,1701,98,100,0,601,2171
reset_tasdev_spec4mixG,593,83,2199,1135,1751,510,4,155954,12476,2207,1136,1830,2146,1133,1706,100,100,0,601,2199
reset_tasdev_spec4mixG,593,84,2184,1134,1734,516,4,155984,12478,2199,1136,1829,2179,1133,1709,98,100,0,601,2220
reset_tasdev_spec4mixG,593,85,2156,1135,1763,522,4,155956,12476,2184,1136,1820,2156,1132,1706,99,100,0,601,2160
reset_tasdev_spec4mixG,593,86,2157,1135,1783,528,4,155974,12477,2160,1136,1789,2156,1134,1709,98,100,0,601,2186
reset_tasdev_spec4mixG,593,87,2160,1135,1737,534,4,155958,12476,2164,1136,1803,2157,1134,1714,98,100,0,601,2188
reset_tasdev_spec4mixG,593,88,2155,1135,1719,540,4,155954,12476,2161,1136,1787,2153,1134,1705,98,100,0,601,2188
reset_tasdev_spec4mixG,593,89,2148,1135,1747,546,4,155943,12475,2155,1136,1774,2146,1134,1696,97,100,0,601,2194
reset_tasdev_spec4mixG,593,90,2147,1136,1762,552,4,155933,12474,2149,1136,1811,2146,1134,1700,98,100,0,600,2174
reset_tasdev_spec4mixG,593,91,2146,1135,1752,558,4,155923,12473,2149,1136,1773,2145,1134,1706,98,100,0,600,2183
reset_tasdev_spec4mixG,593,92,2147,1136,1768,564,4,155913,12473,2147,1137,1803,2142,1134,1696,98,100,0,600,2183
reset_tasdev_spec4mixG,593,93,2166,1135,1773,570,4,155925,12474,2166,1137,1797,2147,1135,1702,98,100,0,600,2197
reset_tasdev_spec4mixG,593,94,2164,1135,1741,576,4,155928,12474,2166,1137,1786,2163,1133,1710,98,100,0,600,2194
reset_tasdev_spec4mixG,593,95,2162,1135,1767,582,4,155928,12474,2164,1136,1789,2159,1134,1706,98,100,0,600,2205
reset_tasdev_spec4mixG,593,96,2161,1135,1747,588,4,155945,12475,2162,1137,1789,2160,1134,1707,98,100,0,601,2191
reset_tasdev_spec4mixG,593,97,2164,1136,1735,594,4,155948,12475,2164,1137,1790,2160,1133,1706,98,100,0,601,2197
reset_tasdev_spec4mixG,593,98,2164,1136,1746,600,4,155934,12474,2164,1136,1791,2161,1134,1711,98,100,0,600,2197
reset_tasdev_spec4mixG,593,99,2162,1135,1766,607,4,155938,12475,2165,1136,1789,2162,1134,1716,98,100,0,600,2186
reset_tasdev_spec4mixG,593,100,2162,1135,1789,613,4,155940,12475,2164,1136,1790,2162,1134,1700,99,100,0,600,2183
reset_tasdev_spec4mixG,593,101,2160,1135,1750,618,4,155940,12475,2163,1136,1789,2159,1134,1701,98,100,0,600,2191
reset_tasdev_spec4mixG,593,102,2162,1135,1779,624,5,155942,12475,2163,1136,1788,2160,1134,1707,98,100,0,600,2186
reset_tasdev_spec4mixG,593,103,2162,1135,1773,631,5,155944,12475,2163,1136,1789,2160,1134,1707,99,100,0,600,2183
reset_tasdev_spec4mixG,593,104,2150,1135,1748,637,5,155939,12475,2166,1136,1792,2150,1133,1690,100,100,0,600,2150
reset_tasdev_spec4mixG,593,105,2136,1136,1708,643,5,155920,12473,2150,1137,1775,2136,1135,1681,99,100,0,600,2157
reset_tasdev_spec4mixG,593,106,2188,1137,1759,649,5,155925,12474,2198,1137,1797,2134,1134,1688,98,100,0,600,2211
reset_tasdev_spec4mixG,593,107,2166,1136,1759,655,5,155926,12474,2188,1137,1792,2166,1134,1703,99,100,0,599,2177
reset_tasdev_spec4mixG,593,108,2166,1136,1767,661,5,155929,12474,2166,1137,1792,2164,1135,1700,98,100,0,600,2191
reset_tasdev_spec4mixG,593,109,2148,1136,1751,666,5,155918,12473,2166,1137,1797,2145,1134,1689,98,100,0,600,2186
reset_tasdev_spec4mixG,593,110,2145,1136,1699,672,5,155907,12472,2151,1137,1791,2145,1134,1690,98,100,0,600,2174
reset_tasdev_spec4mixG,593,111,2140,1137,1695,678,5,155893,12471,2145,1137,1787,2137,1135,1686,97,100,0,599,2186
reset_tasdev_spec4mixG,593,112,2134,1136,1747,684,5,155891,12471,2140,1138,1793,2133,1135,1684,99,100,0,599,2143
reset_tasdev_spec4mixG,593,113,2187,1135,1736,690,5,155876,12470,2187,1137,1798,2131,1134,1687,98,100,0,599,2225
reset_tasdev_spec4mixG,593,114,2166,1136,1738,696,5,155877,12470,2187,1137,1794,2166,1134,1706,99,100,0,599,2183
reset_tasdev_spec4mixG,593,115,2172,1136,1724,703,5,155888,12471,2176,1137,1809,2166,1134,1712,99,100,0,600,2174
reset_tasdev_spec4mixG,593,116,2122,1136,1716,709,5,155894,12471,2172,1137,1805,2111,1134,1684,98,100,0,600,2146
reset_tasdev_spec4mixG,593,117,2134,1137,1743,714,5,155870,12469,2136,1138,1793,2122,1136,1693,98,100,0,600,2163
reset_tasdev_spec4mixG,593,118,2150,1137,1724,720,5,155866,12469,2217,1137,1835,2133,1135,1690,99,100,0,600,2171
reset_tasdev_spec4mixG,593,119,2139,1136,1752,726,5,155853,12468,2150,1138,1772,2139,1134,1689,100,100,0,600,2139
reset_tasdev_spec4mixG,593,120,2142,1137,1748,732,5,155844,12467,2143,1138,1792,2139,1135,1693,99,100,0,600,2163
reset_tasdev_spec4mixG,593,121,2147,1136,1746,738,5,155839,12467,2148,1137,1782,2141,1135,1697,98,100,0,599,2183
reset_tasdev_spec4mixG,593,122,2154,1136,1720,744,5,155836,12466,2154,1137,1778,2147,1134,1713,98,100,0,599,2188
reset_tasdev_spec4mixG,593,123,2155,1137,1737,750,6,155849,12467,2157,1140,1790,2154,1135,1706,99,100,0,600,2171
reset_tasdev_spec4mixG,593,124,2165,1137,1709,757,6,155842,12467,2167,1140,1816,2154,1135,1700,98,100,0,600,2197
reset_tasdev_spec4mixG,593,125,2162,1137,1733,762,6,155844,12467,2167,1137,1795,2160,1134,1703,98,100,0,600,2200
reset_tasdev_spec4mixG,593,126,2153,1137,1718,768,6,155840,12467,2162,1137,1796,2153,1135,1698,98,100,0,600,2177
reset_tasdev_spec4mixG,593,127,2150,1136,1738,774,6,155836,12466,2157,1137,1812,2150,1135,1691,98,100,0,600,2174
reset_tasdev_spec4mixG,593,128,2158,1137,1761,780,6,155840,12467,2221,1137,1802,2150,1135,1694,99,100,0,600,2163
reset_tasdev_spec4mixG,593,129,2154,1137,1757,786,6,155838,12467,2160,1137,1787,2154,1135,1707,98,100,0,600,2177
reset_tasdev_spec4mixG,593,130,2157,1137,1728,793,6,155850,12468,2158,1137,1802,2154,1135,1713,99,100,0,600,2177
reset_tasdev_spec4mixG,593,131,2158,1136,1730,799,6,155838,12467,2162,1137,1805,2155,1135,1704,98,100,0,599,2186
reset_tasdev_spec4mixG,593,132,2151,1136,1746,805,6,155834,12466,2158,1142,1777,2150,1135,1696,98,100,0,600,2183
reset_tasdev_spec4mixG,593,133,2148,1136,1704,810,6,155826,12466,2151,1137,1775,2144,1135,1699,98,100,0,600,2183
reset_tasdev_spec4mixG,593,134,2145,1135,1760,816,6,155819,12465,2148,1137,1778,2144,1135,1697,98,100,0,601,2171
reset_tasdev_spec4mixG,593,135,2151,1136,1754,822,6,155816,12465,2151,1137,1803,2144,1134,1696,98,100,0,600,2186
reset_tasdev_spec4mixG,593,136,2150,1136,1736,828,6,155811,12464,2151,1137,1783,2147,1135,1706,98,100,0,599,2177
reset_tasdev_spec4mixG,593,137,2149,1140,1758,834,6,155807,12464,2152,1142,1814,2147,1135,1696,98,100,0,600,2188
reset_tasdev_spec4mixG,593,138,2159,1141,1744,840,6,155807,12464,2159,1142,1787,2148,1139,1700,98,100,0,600,2194
reset_tasdev_spec4mixG,593,139,2165,1141,1729,847,6,155812,12465,2167,1142,1787,2159,1140,1694,99,100,0,600,2186
reset_tasdev_spec4mixG,593,140,2165,1141,1741,853,6,155818,12465,2168,1141,1780,2165,1139,1709,98,100,0,600,2188
reset_tasdev_spec4mixG,593,141,2161,1141,1741,858,6,155830,12466,2167,1142,1785,2161,1139,1692,99,100,0,601,2180
reset_tasdev_spec4mixG,593,142,2150,1142,1717,864,6,155813,12465,2161,1143,1782,2149,1140,1680,98,100,0,601,2180
reset_tasdev_spec4mixG,593,143,2192,1142,1715,870,6,155810,12464,2203,1143,1819,2143,1139,1687,99,100,0,601,2197
reset_tasdev_spec4mixG,593,144,2156,1141,1696,876,7,155803,12464,2192,1143,1774,2156,1136,1694,98,100,0,601,2194
reset_tasdev_spec4mixG,593,145,2154,1137,1737,882,7,155800,12464,2156,1143,1791,2149,1136,1688,97,100,0,601,2211
reset_tasdev_spec4mixG,593,146,2143,1142,1714,888,7,155792,12463,2154,1143,1785,2143,1135,1694,99,100,0,601,2160
reset_tasdev_spec4mixG,593,147,2141,1141,1735,894,7,155784,12462,2144,1143,1773,2141,1141,1688,98,100,0,601,2166
reset_tasdev_spec4mixG,593,148,2144,1137,1739,900,7,155788,12463,2144,1143,1783,2141,1136,1694,97,100,0,601,2191
reset_tasdev_spec4mixG,593,149,2138,1137,1740,906,7,155769,12461,2144,1138,1795,2138,1136,1684,99,100,0,601,2146
reset_tasdev_spec4mixG,593,150,2134,1144,1722,912,7,155757,12460,2139,1144,1772,2131,1136,1682,98,100,0,601,2177
reset_tasdev_spec4mixG,593,151,2132,1142,1755,918,7,155745,12459,2137,1144,1760,2131,1139,1678,99,100,0,601,2143
reset_tasdev_spec4mixG,593,152,2132,1138,1702,924,7,155733,12458,2134,1143,1786,2129,1136,1682,98,100,0,601,2166
reset_tasdev_spec4mixG,593,153,2127,1137,1691,930,7,155722,12457,2184,1138,1783,2125,1135,1676,97,100,0,601,2171
reset_tasdev_spec4mixG,593,154,2126,1137,1757,936,7,155709,12456,2130,1138,1767,2124,1136,1677,98,100,0,601,2151
reset_tasdev_spec4mixG,593,155,2130,1137,1743,942,7,155698,12455,2135,1138,1778,2126,1136,1680,98,100,0,601,2157
reset_tasdev_spec4mixG,593,156,2148,1136,1743,948,7,155695,12455,2148,1143,1804,2127,1136,1679,97,100,0,601,2211
reset_tasdev_spec4mixG,593,157,2132,1137,1724,954,7,155682,12454,2148,1138,1763,2132,1136,1681,99,100,0,601,2137
reset_tasdev_spec4mixG,593,158,2177,1136,1735,960,7,155683,12454,2189,1137,1796,2131,1134,1674,100,100,0,601,2177
reset_tasdev_spec4mixG,593,159,2135,1141,1763,966,7,155677,12454,2177,1142,1771,2122,1135,1692,98,100,0,600,2171
reset_tasdev_spec4mixG,593,160,2161,1137,1753,972,7,155683,12454,2161,1143,1790,2135,1136,1693,98,100,0,600,2197
reset_tasdev_spec4mixG,593,161,2115,1137,1744,978,7,155669,12453,2161,1138,1763,2099,1136,1671,98,100,0,600,2146
reset_tasdev_spec4mixG,593,162,2189,1137,1750,984,7,155672,12453,2196,1138,1816,2115,1135,1683,100,100,0,599,2189
reset_tasdev_spec4mixG,593,163,2128,1136,1745,990,7,155670,12453,2189,1138,1788,2120,1134,1693,97,100,0,600,2174
reset_tasdev_spec4mixG,593,164,2140,1137,1748,996,7,155666,12453,2141,1138,1795,2128,1136,1692,98,100,0,599,2163
reset_tasdev_spec4mixG,593,165,2138,1137,1732,1002,8,155658,12452,2141,1138,1774,2135,1136,1684,97,100,0,600,2183
reset_tasdev_spec4mixG,593,166,2132,1138,1716,1008,8,155657,12452,2140,1138,1765,2132,1135,1682,98,100,0,600,2154
reset_tasdev_spec4mixG,593,167,2139,1137,1745,1014,8,155642,12451,2141,1138,1767,2132,1136,1690,99,100,0,600,2160
reset_tasdev_spec4mixG,593,168,2163,1137,1768,1020,8,155650,12452,2163,1138,1807,2139,1136,1715,98,100,0,600,2188
reset_tasdev_spec4mixG,593,169,2145,1138,1728,1026,8,155645,12451,2165,1138,1805,2145,1135,1685,100,100,0,600,2145
reset_tasdev_spec4mixG,593,170,2139,1138,1749,1032,8,155637,12451,2145,1138,1773,2136,1136,1680,98,100,0,599,2168
reset_tasdev_spec4mixG,593,171,2138,1137,1697,1038,8,155638,12451,2143,1138,1784,2138,1136,1686,98,100,0,600,2160
reset_tasdev_spec4mixG,593,172,2157,1137,1743,1044,8,155630,12450,2157,1138,1792,2134,1136,1680,98,100,0,600,2200
reset_tasdev_spec4mixG,593,173,2161,1138,1752,1050,8,155634,12450,2163,1138,1790,2157,1136,1704,98,100,0,600,2191
reset_tasdev_spec4mixG,593,174,2155,1137,1741,1056,8,155644,12451,2161,1138,1784,2155,1136,1689,100,100,0,600,2155
reset_tasdev_spec4mixG,593,175,2154,1142,1758,1062,8,155633,12450,2156,1144,1786,2146,1135,1691,97,100,0,600,2217
reset_tasdev_spec4mixG,593,176,2143,1138,1706,1067,8,155628,12450,2162,1145,1779,2143,1137,1673,99,100,0,600,2149
reset_tasdev_spec4mixG,593,177,2137,1138,1759,1073,8,155629,12450,2143,1139,1765,2134,1136,1684,97,100,0,600,2183
reset_tasdev_spec4mixG,593,178,2155,1138,1749,1080,8,155624,12449,2158,1139,1793,2137,1136,1708,98,100,0,599,2180
reset_tasdev_spec4mixG,593,179,2143,1137,1741,1086,8,155618,12449,2155,1139,1766,2143,1137,1692,99,100,0,600,2149
reset_tasdev_spec4mixG,593,180,2149,1137,1736,1092,8,155618,12449,2158,1139,1790,2142,1136,1688,99,100,0,600,2157
reset_tasdev_spec4mixG,593,181,2133,1137,1738,1098,8,155608,12448,2149,1138,1759,2133,1136,1685,99,100,0,600,2149
reset_tasdev_spec4mixG,593,182,2137,1138,1727,1103,8,155601,12448,2138,1138,1768,2132,1136,1689,98,100,0,600,2166
reset_tasdev_spec4mixG,593,183,2179,1138,1737,1110,8,155608,12448,2191,1139,1794,2137,1137,1705,99,100,0,600,2197
reset_tasdev_spec4mixG,593,184,2160,1138,1736,1115,8,155608,12448,2179,1139,1794,2160,1137,1689,99,100,0,600,2177
reset_tasdev_spec4mixG,593,185,2155,1138,1728,1121,8,155608,12448,2161,1139,1785,2155,1137,1696,99,100,0,600,2171
reset_tasdev_spec4mixG,593,186,2155,1138,1754,1127,9,155616,12449,2155,1139,1795,2146,1137,1692,97,100,0,599,2220
reset_tasdev_spec4mixG,593,187,2139,1138,1734,1133,9,155601,12448,2159,1139,1782,2139,1136,1676,100,100,0,600,2139
reset_tasdev_spec4mixG,593,188,2136,1139,1741,1139,9,155594,12447,2140,1139,1801,2135,1137,1680,99,100,0,600,2154
reset_tasdev_spec4mixG,593,189,2147,1139,1712,1145,9,155592,12447,2147,1140,1790,2136,1137,1691,98,100,0,600,2183
reset_tasdev_spec4mixG,593,190,2160,1139,1763,1151,9,155595,12447,2160,1140,1793,2144,1136,1693,98,100,0,600,2203
reset_tasdev_spec4mixG,593,191,2139,1138,1729,1157,9,155586,12446,2160,1139,1763,2138,1137,1677,98,100,0,600,2171
reset_tasdev_spec4mixG,593,192,2131,1138,1744,1163,9,155577,12446,2139,1139,1764,2131,1137,1681,98,100,0,600,2160
reset_tasdev_spec4mixG,593,193,2134,1138,1741,1169,9,155569,12445,2134,1139,1755,2128,1137,1686,97,100,0,600,2180
reset_tasdev_spec4mixG,593,194,2150,1138,1740,1175,9,155572,12445,2154,1139,1806,2134,1136,1696,98,100,0,600,2177
reset_tasdev_spec4mixG,593,195,2150,1138,1742,1181,9,155570,12445,2152,1139,1790,2146,1137,1700,97,100,0,600,2194
reset_tasdev_spec4mixG,593,196,2146,1138,1754,1187,9,155567,12445,2151,1139,1771,2146,1137,1699,99,100,0,600,2163
reset_tasdev_spec4mixG,593,197,2147,1138,1722,1193,9,155564,12445,2147,1139,1767,2145,1137,1695,98,100,0,600,2177
reset_tasdev_spec4mixG,593,198,2148,1138,1732,1199,9,155570,12445,2152,1139,1782,2146,1137,1695,99,100,0,600,2166
reset_tasdev_spec4mixG,593,199,2146,1137,1715,1205,9,155566,12445,2148,1139,1770,2143,1137,1692,98,100,0,600,2183
reset_tasdev_spec4mixG,593,200,2146,1138,1720,1211,9,155555,12444,2146,1140,1804,2143,1137,1695,97,100,0,600,2191
reset_tasdev_spec4mixG,593,201,2155,1139,1775,1217,9,155555,12444,2155,1139,1790,2141,1138,1693,97,100,0,600,2211
reset_tasdev_spec4mixG,593,202,2160,1139,1754,1223,9,155559,12444,2164,1140,1794,2155,1137,1693,99,100,0,601,2163
reset_tasdev_spec4mixG,593,203,2153,1138,1704,1229,9,155557,12444,2160,1140,1853,2151,1137,1689,99,100,0,601,2171
reset_tasdev_spec4mixG,593,204,2133,1139,1738,1235,9,155548,12443,2153,1140,1768,2133,1138,1681,98,100,0,601,2160
reset_tasdev_spec4mixG,593,205,2133,1139,1703,1241,9,155540,12443,2133,1140,1777,2129,1137,1687,97,100,0,601,2186
reset_tasdev_spec4mixG,593,206,2136,1138,1694,1247,9,155540,12443,2136,1140,1776,2128,1136,1684,98,100,0,601,2171
reset_tasdev_spec4mixG,593,207,2154,1139,1732,1253,10,155534,12442,2154,1140,1791,2134,1137,1694,98,100,0,601,2191
reset_tasdev_spec4mixG,593,208,2161,1139,1749,1259,10,155538,12443,2164,1140,1786,2154,1137,1703,99,100,0,601,2180
reset_tasdev_spec4mixG,593,209,2151,1139,1749,1265,10,155536,12442,2161,1140,1796,2151,1137,1691,98,100,0,600,2186
reset_tasdev_spec4mixG,593,210,2152,1139,1701,1271,10,155535,12442,2154,1140,1786,2149,1138,1693,97,100,0,600,2200
reset_tasdev_spec4mixG,593,211,2151,1139,1710,1277,10,155541,12443,2152,1140,1786,2149,1138,1697,98,100,0,600,2180
reset_tasdev_spec4mixG,593,212,2150,1139,1741,1283,10,155533,12442,2152,1140,1787,2148,1136,1701,98,100,0,600,2186
reset_tasdev_spec4mixG,593,213,2149,1138,1717,1289,10,155538,12443,2151,1139,1788,2148,1137,1699,98,100,0,600,2186
reset_tasdev_spec4mixG,593,214,2150,1138,1746,1295,10,155530,12442,2152,1139,1787,2149,1137,1697,98,100,0,600,2180
reset_tasdev_spec4mixG,593,215,2151,1137,1846,1301,10,155531,12442,2152,1139,1853,2146,1137,1702,97,100,0,599,2200
reset_tasdev_spec4mixG,593,216,2179,1138,1767,1307,10,155542,12443,2242,1139,1846,2151,1137,1713,99,100,0,600,2191
reset_tasdev_spec4mixG,593,217,2165,1139,1708,1313,10,155544,12443,2179,1140,1792,2165,1138,1695,99,100,0,599,2183
reset_tasdev_spec4mixG,593,218,2159,1138,1749,1319,10,155545,12443,2165,1140,1790,2155,1136,1700,98,100,0,600,2183
reset_tasdev_spec4mixG,593,219,2151,1138,1745,1325,10,155544,12443,2159,1139,1781,2151,1137,1692,98,100,0,600,2180
reset_tasdev_spec4mixG,593,220,2151,1139,1775,1331,10,155543,12443,2152,1140,1783,2149,1138,1698,98,100,0,600,2191
reset_tasdev_spec4mixG,593,221,2152,1139,1732,1337,10,155541,12443,2152,1140,1782,2148,1137,1697,97,100,0,600,2208
reset_tasdev_spec4mixG,593,222,2153,1139,1736,1343,10,155541,12443,2154,1140,1784,2150,1138,1698,97,100,0,600,2197
reset_tasdev_spec4mixG,593,223,2152,1139,1716,1349,10,155544,12443,2212,1140,1830,2152,1138,1690,98,100,0,600,2177
reset_tasdev_spec4mixG,593,224,2153,1139,1727,1355,10,155544,12443,2155,1140,1784,2151,1138,1698,98,100,0,600,2183
reset_tasdev_spec4mixG,593,225,2150,1139,1759,1361,10,155543,12443,2154,1140,1781,2150,1137,1694,98,100,0,600,2174
reset_tasdev_spec4mixG,593,226,2152,1139,1726,1367,10,155549,12443,2153,1140,1783,2148,1138,1692,97,100,0,600,2197
reset_tasdev_spec4mixG,593,227,2150,1139,1725,1373,10,155541,12443,2152,1140,1781,2149,1138,1702,99,100,0,600,2166
reset_tasdev_spec4mixG,593,228,2153,1139,1737,1379,11,155541,12443,2155,1140,1783,2150,1137,1698,98,100,0,600,2186
reset_tasdev_spec4mixG,593,229,2145,1139,1744,1385,11,155538,12443,2153,1140,1772,2145,1138,1708,98,100,0,600,2168
reset_tasdev_spec4mixG,593,230,2144,1140,1714,1391,11,155535,12442,2146,1140,1750,2143,1138,1707,98,100,0,600,2174
reset_tasdev_spec4mixG,593,231,2141,1140,1741,1397,11,155531,12442,2144,1140,1753,2141,1137,1700,98,100,0,600,2171
reset_tasdev_spec4mixG,593,232,2144,1139,1748,1403,11,155535,12442,2144,1140,1754,2141,1138,1706,98,100,0,600,2186
reset_tasdev_spec4mixG,593,233,2148,1139,1702,1409,11,155539,12443,2210,1140,1805,2143,1138,1695,98,100,0,600,2180
reset_tasdev_spec4mixG,593,234,2191,1140,1724,1415,11,155536,12442,2200,1145,1809,2141,1138,1687,99,100,0,600,2200
reset_tasdev_spec4mixG,593,235,2185,1139,1764,1421,11,155544,12443,2191,1140,1804,2183,1138,1720,99,100,0,601,2205
reset_tasdev_spec4mixG,593,236,2138,1139,1740,1427,11,155551,12444,2189,1140,1812,2134,1138,1700,97,100,0,601,2186
reset_tasdev_spec4mixG,593,237,2140,1139,1715,1433,11,155547,12443,2141,1140,1781,2137,1138,1684,98,100,0,600,2177
reset_tasdev_spec4mixG,593,238,2208,1139,1733,1439,11,155551,12444,2210,1140,1810,2140,1138,1695,99,100,0,600,2228
reset_tasdev_spec4mixG,593,239,2180,1138,1744,1445,11,155557,12444,2208,1140,1804,2180,1137,1704,100,100,0,600,2180
reset_tasdev_spec4mixG,593,240,2168,1139,1781,1451,11,155566,12445,2180,1139,1784,2168,1137,1687,98,100,0,601,2191
reset_tasdev_spec4mixG,593,241,2161,1138,1758,1457,11,155561,12444,2168,1140,1781,2161,1137,1699,99,100,0,601,2174
reset_tasdev_spec4mixG,593,242,2167,1139,1742,1463,11,155565,12445,2167,1140,1787,2160,1138,1706,98,100,0,601,2203
reset_tasdev_spec4mixG,593,243,2154,1139,1740,1469,11,155565,12445,2168,1140,1812,2154,1137,1699,99,100,0,601,2163
reset_tasdev_spec4mixG,593,244,2160,1139,1732,1475,11,155566,12445,2160,1140,1793,2150,1138,1694,98,100,0,601,2194
reset_tasdev_spec4mixG,593,245,2163,1139,1744,1481,11,155569,12445,2166,1140,1789,2160,1138,1699,98,100,0,601,2194
reset_tasdev_spec4mixG,593,246,2160,1139,1740,1487,11,155570,12445,2163,1140,1779,2159,1137,1695,98,100,0,601,2194
reset_tasdev_spec4mixG,593,247,2159,1139,1728,1493,11,155572,12445,2162,1140,1785,2159,1138,1694,98,100,0,601,2186
reset_tasdev_spec4mixG,593,248,2160,1137,1749,1499,11,155580,12446,2160,1140,1790,2157,1137,1697,98,100,0,601,2188
reset_tasdev_spec4mixG,593,249,2152,1140,1724,1505,12,155573,12445,2160,1140,1783,2152,1137,1690,99,100,0,601,2171
reset_tasdev_spec4mixG,593,250,2147,1140,1722,1511,12,155570,12445,2152,1140,1773,2146,1138,1692,99,100,0,601,2168
reset_tasdev_spec4mixG,593,251,2140,1138,1741,1517,12,155571,12445,2148,1140,1775,2140,1138,1686,99,100,0,601,2146
reset_tasdev_spec4mixG,593,252,2132,1139,1736,1523,12,155558,12444,2140,1140,1769,2131,1136,1679,98,100,0,601,2168
reset_tasdev_spec4mixG,593,253,2205,1139,1789,1529,12,155554,12444,2205,1140,1792,2128,1138,1678,98,100,0,601,2231
reset_tasdev_spec4mixG,593,254,2180,1140,1735,1535,12,155559,12444,2205,1140,1791,2180,1138,1696,99,100,0,601,2197
reset_tasdev_spec4mixG,593,255,2167,1139,1748,1541,12,155562,12445,2180,1140,1784,2167,1138,1693,99,100,0,601,2180
reset_tasdev_spec4mixG,593,256,2165,1140,1739,1547,12,155565,12445,2167,1140,1782,2164,1138,1697,98,100,0,601,2194
reset_tasdev_spec4mixG,593,257,2165,1140,1757,1553,12,155568,12445,2167,1140,1787,2164,1138,1698,99,100,0,601,2183
reset_tasdev_spec4mixG,593,258,2154,1140,1703,1559,12,155567,12445,2166,1140,1783,2154,1138,1693,98,100,0,601,2180
reset_tasdev_spec4mixG,593,259,2151,1140,1719,1565,12,155572,12445,2154,1141,1777,2150,1137,1688,98,100,0,601,2188
reset_tasdev_spec4mixG,593,260,2150,1139,1765,1571,12,155571,12445,2153,1141,1793,2149,1138,1697,98,100,0,601,2180
reset_tasdev_spec4mixG,593,261,2150,1139,1717,1577,12,155563,12445,2151,1140,1779,2147,1138,1694,99,100,0,601,2166
reset_tasdev_spec4mixG,593,262,2143,1139,1730,1583,12,155566,12445,2150,1140,1777,2143,1137,1693,99,100,0,601,2160
reset_tasdev_spec4mixG,593,263,2145,1139,1733,1589,12,155558,12444,2145,1140,1778,2143,1138,1689,98,100,0,601,2188
reset_tasdev_spec4mixG,593,264,2158,1139,1761,1595,12,155559,12444,2158,1140,1789,2145,1138,1690,97,100,0,601,2217
reset_tasdev_spec4mixG,593,265,2168,1139,1725,1601,12,155564,12445,2169,1140,1813,2158,1137,1708,98,100,0,601,2203
reset_tasdev_spec4mixG,593,266,2167,1139,1743,1607,12,155573,12445,2168,1140,1793,2161,1138,1700,98,100,0,601,2200
reset_tasdev_spec4mixG,593,267,2180,1139,1780,1613,12,155575,12446,2184,1140,1807,2167,1138,1699,99,100,0,601,2186
reset_tasdev_spec4mixG,593,268,2161,1138,1770,1619,12,155580,12446,2180,1140,1793,2157,1138,1692,98,100,0,601,2197
reset_tasdev_spec4mixG,593,269,2163,1140,1717,1625,13,155576,12446,2164,1141,1806,2159,1138,1693,98,100,0,601,2203
reset_tasdev_spec4mixG,593,270,2159,1140,1752,1632,13,155585,12446,2171,1140,1789,2159,1139,1701,99,100,0,601,2168
reset_tasdev_spec4mixG,593,271,2144,1139,1749,1637,13,155575,12446,2159,1140,1779,2144,1138,1690,99,100,0,601,2163
reset_tasdev_spec4mixG,593,272,2135,1140,1703,1643,13,155569,12445,2144,1140,1759,2135,1139,1676,99,100,0,601,2154
reset_tasdev_spec4mixG,593,273,2152,1139,1749,1649,13,155569,12445,2152,1141,1796,2135,1138,1683,98,100,0,601,2180
reset_tasdev_spec4mixG,593,274,2139,1139,1735,1655,13,155563,12445,2152,1140,1759,2138,1137,1684,98,100,0,601,2171
reset_tasdev_spec4mixG,593,275,2164,1140,1757,1661,13,155567,12445,2164,1140,1798,2139,1138,1698,97,100,0,601,2217
reset_tasdev_spec4mixG,593,276,2152,1139,1758,1667,13,155565,12445,2164,1140,1783,2146,1138,1686,97,100,0,601,2203
reset_tasdev_spec4mixG,593,277,2166,1140,1757,1673,13,155569,12445,2166,1140,1789,2152,1137,1704,98,100,0,601,2205
reset_tasdev_spec4mixG,593,278,2156,1139,1718,1679,13,155570,12445,2172,1140,1781,2156,1138,1688,99,100,0,600,2171
reset_tasdev_spec4mixG,593,279,2131,1139,1697,1685,13,155562,12444,2156,1140,1785,2131,1138,1688,100,100,0,600,2131
reset_tasdev_spec4mixG,593,280,2137,1140,1700,1691,13,155562,12444,2137,1140,1778,2120,1137,1691,98,100,0,600,2180
reset_tasdev_spec4mixG,593,281,2140,1140,1720,1697,13,155553,12444,2140,1140,1775,2137,1138,1690,98,100,0,600,2180
reset_tasdev_spec4mixG,593,282,2124,1140,1734,1703,13,155544,12443,2140,1140,1770,2124,1138,1688,99,100,0,600,2140
reset_tasdev_spec4mixG,593,283,2131,1140,1754,1709,13,155538,12443,2131,1140,1762,2119,1137,1687,97,100,0,600,2183
reset_tasdev_spec4mixG,593,284,2131,1139,1722,1715,13,155532,12442,2136,1140,1783,2126,1138,1684,98,100,0,600,2168
reset_tasdev_spec4mixG,593,285,2125,1139,1711,1721,13,155530,12442,2132,1140,1747,2125,1138,1671,99,100,0,600,2146
reset_tasdev_spec4mixG,593,286,2126,1140,1700,1727,13,155517,12441,2126,1140,1765,2122,1138,1675,98,100,0,600,2168
reset_tasdev_spec4mixG,593,287,2124,1139,1678,1733,13,155516,12441,2137,1140,1785,2124,1137,1670,100,100,0,599,2124
reset_tasdev_spec4mixG,593,288,2096,1139,1680,1739,13,155495,12439,2124,1140,1746,2096,1138,1667,99,100,0,599,2114
reset_tasdev_spec4mixG,593,289,2086,1139,1676,1744,13,155482,12438,2096,1140,1736,2086,1138,1670,98,100,0,600,2114
reset_tasdev_spec4mixG,593,290,2096,1140,1691,1750,14,155463,12437,2096,1140,1740,2085,1137,1671,98,100,0,600,2123
reset_tasdev_spec4mixG,593,291,2106,1139,1734,1756,14,155453,12436,2106,1140,1752,2096,1138,1670,97,100,0,600,2160
reset_tasdev_spec4mixG,593,292,2123,1139,1699,1762,14,155452,12436,2124,1140,1755,2106,1138,1688,99,100,0,600,2143
reset_tasdev_spec4mixG,593,293,2120,1140,1720,1768,14,155439,12435,2131,1140,1784,2119,1137,1683,98,100,0,600,2157
reset_tasdev_spec4mixG,593,294,2101,1140,1684,1774,14,155426,12434,2124,1140,1762,2101,1138,1673,99,100,0,600,2117
reset_tasdev_spec4mixG,593,295,2094,1139,1723,1779,14,155416,12433,2101,1140,1735,2093,1139,1670,98,100,0,600,2129
reset_tasdev_spec4mixG,593,296,2093,1140,1692,1785,14,155397,12431,2099,1140,1745,2093,1138,1671,98,100,0,600,2117
reset_tasdev_spec4mixG,593,297,2098,1140,1682,1791,14,155385,12430,2100,1140,1742,2093,1139,1674,98,100,0,600,2126
reset_tasdev_spec4mixG,593,298,2097,1139,1688,1797,14,155372,12429,2101,1140,1745,2097,1138,1676,99,100,0,600,2117
reset_tasdev_spec4mixG,593,299,2100,1139,1706,1803,14,155364,12429,2100,1140,1753,2093,1137,1672,98,100,0,600,2137
reset_tasdev_spec4mixG,593,300,2106,1140,1694,1809,14,155349,12427,2106,1140,1752,2100,1138,1692,98,100,0,600,2134
reset_tasdev_spec4mixG,593,301,2114,1138,1704,1815,14,155341,12427,2115,1140,1765,2106,1137,1690,98,100,0,600,2140
reset_tasdev_spec4mixG,593,302,2102,1140,1689,1821,14,155332,12426,2171,1140,1769,2102,1137,1681,98,100,0,600,2131
reset_tasdev_spec4mixG,593,303,2094,1139,1696,1827,14,155318,12425,2102,1140,1713,2094,1138,1675,98,100,0,600,2123
reset_tasdev_spec4mixG,593,304,2145,1138,1763,1832,14,155306,12424,2145,1139,1766,2091,1137,1678,99,100,0,600,2166
reset_tasdev_spec4mixG,593,305,2089,1139,1682,1838,14,155292,12423,2145,1140,1763,2089,1137,1675,98,100,0,601,2120
reset_tasdev_spec4mixG,593,306,2088,1139,1686,1844,14,155277,12422,2089,1140,1696,2088,1138,1675,98,100,0,601,2114
reset_tasdev_spec4mixG,593,307,2087,1138,1686,1850,14,155263,12421,2088,1139,1695,2086,1137,1673,98,100,0,601,2117
reset_tasdev_spec4mixG,593,308,2087,1139,1684,1856,14,155248,12419,2087,1140,1696,2087,1137,1674,98,100,0,601,2117
reset_tasdev_spec4mixG,593,309,2087,1138,1688,1861,14,155234,12418,2088,1140,1701,2087,1137,1671,98,100,0,601,2117
reset_tasdev_spec4mixG,593,310,2088,1139,1688,1867,14,155224,12417,2088,1139,1699,2087,1138,1675,98,100,0,601,2120
reset_tasdev_spec4mixG,593,311,2089,1139,1685,1873,14,155206,12416,2089,1139,1697,2088,1136,1676,98,100,0,601,2117
reset_tasdev_spec4mixG,593,312,2090,1139,1687,1879,15,155192,12415,2091,1139,1740,2089,1138,1678,98,100,0,601,2123
reset_tasdev_spec4mixG,593,313,2091,1139,1689,1885,15,155179,12414,2091,1140,1703,2089,1138,1675,98,100,0,601,2120
reset_tasdev_spec4mixG,593,314,2090,1139,1692,1890,15,155170,12413,2091,1140,1727,2089,1137,1669,98,100,0,601,2117
reset_tasdev_spec4mixG,593,315,2094,1139,1702,1896,15,155156,12412,2168,1140,1772,2090,1138,1676,98,100,0,601,2120
reset_tasdev_spec4mixG,593,316,2094,1139,1680,1902,15,155143,12411,2094,1140,1706,2094,1138,1671,98,100,0,601,2117
reset_tasdev_spec4mixG,593,317,2096,1139,1696,1908,15,155132,12410,2096,1140,1734,2093,1138,1673,98,100,0,601,2126
reset_tasdev_spec4mixG,593,318,2097,1139,1698,1914,15,155125,12410,2097,1140,1713,2095,1137,1675,98,100,0,601,2129
reset_tasdev_spec4mixG,593,319,2112,1138,1709,1920,15,155114,12409,2112,1140,1755,2097,1138,1694,98,100,0,601,2143
reset_tasdev_spec4mixG,593,320,2118,1139,1712,1926,15,155107,12408,2120,1140,1758,2112,1137,1683,99,100,0,600,2137
reset_tasdev_spec4mixG,593,321,2130,1137,1732,1932,15,155104,12408,2130,1139,1768,2118,1136,1685,96,100,0,600,2200
reset_tasdev_spec4mixG,593,322,2131,1139,1704,1938,15,155105,12408,2139,1139,1792,2130,1137,1676,99,100,0,600,2151
reset_tasdev_spec4mixG,593,323,2113,1139,1705,1943,15,155091,12407,2131,1140,1716,2113,1138,1683,98,100,0,600,2137
reset_tasdev_spec4mixG,593,324,2106,1139,1694,1949,15,155082,12406,2113,1140,1715,2106,1137,1675,98,100,0,600,2134
reset_tasdev_spec4mixG,593,325,2105,1140,1707,1955,15,155072,12405,2106,1140,1712,2105,1138,1683,98,100,0,600,2131
reset_tasdev_spec4mixG,593,326,2104,1138,1701,1961,15,155063,12405,2105,1140,1740,2103,1137,1679,98,100,0,600,2134
reset_tasdev_spec4mixG,593,327,2103,1138,1704,1967,15,155058,12404,2104,1140,1741,2103,1137,1678,98,100,0,600,2126
reset_tasdev_spec4mixG,593,328,2104,1139,1699,1973,15,155044,12403,2106,1140,1752,2103,1138,1680,99,100,0,600,2123
reset_tasdev_spec4mixG,593,329,2081,1139,1679,1979,15,155028,12402,2104,1141,1699,2081,1139,1657,98,100,0,600,2106
reset_tasdev_spec4mixG,593,330,2082,1139,1685,1984,15,155014,12401,2082,1141,1700,2080,1138,1666,98,100,0,600,2112
reset_tasdev_spec4mixG,593,331,2078,1139,1672,1990,15,154999,12399,2082,1140,1689,2078,1138,1666,98,100,0,600,2100
reset_tasdev_spec4mixG,593,332,2083,1139,1687,1996,15,154986,12398,2083,1140,1698,2077,1139,1668,98,100,0,600,2112
reset_tasdev_spec4mixG,593,333,2087,1140,1722,2002,16,154978,12398,2087,1140,1751,2083,1138,1664,97,100,0,600,2140
reset_tasdev_spec4mixG,593,334,2142,1140,1698,2008,16,154973,12397,2150,1140,1771,2087,1138,1685,99,100,0,600,2151
reset_tasdev_spec4mixG,593,335,2120,1139,1696,2014,16,154966,12397,2142,1140,1745,2120,1138,1687,98,100,0,600,2143
reset_tasdev_spec4mixG,593,336,2113,1138,1730,2020,16,154959,12396,2121,1140,1747,2113,1137,1684,98,100,0,600,2143
reset_tasdev_spec4mixG,593,337,2112,1139,1699,2025,16,154952,12396,2122,1139,1752,2110,1137,1680,98,100,0,600,2146
reset_tasdev_spec4mixG,593,338,2114,1139,1712,2031,16,154945,12395,2114,1140,1745,2112,1138,1689,98,100,0,600,2143
reset_tasdev_spec4mixG,593,339,2112,1139,1705,2037,16,154939,12395,2115,1139,1747,2112,1137,1688,99,100,0,601,2131
reset_tasdev_spec4mixG,593,340,2114,1138,1739,2043,16,154932,12394,2114,1140,1745,2112,1137,1684,98,100,0,601,2137
reset_tasdev_spec4mixG,593,341,2112,1138,1698,2049,16,154925,12394,2115,1139,1745,2112,1137,1686,98,100,0,601,2134
reset_tasdev_spec4mixG,593,342,2111,1138,1709,2055,16,154918,12393,2112,1139,1740,2111,1136,1687,99,100,0,600,2131
reset_tasdev_spec4mixG,593,343,2109,1138,1704,2061,16,154910,12392,2111,1139,1741,2109,1137,1688,98,100,0,600,2134
reset_tasdev_spec4mixG,593,344,2111,1138,1715,2067,16,154903,12392,2112,1139,1743,2109,1137,1686,98,100,0,600,2140
reset_tasdev_spec4mixG,593,345,2161,1139,1720,2073,16,154895,12391,2161,1139,1772,2099,1136,1668,98,100,0,600,2183
reset_tasdev_spec4mixG,593,346,2125,1138,1711,2078,16,154888,12391,2161,1139,1744,2125,1137,1670,99,100,0,600,2137
reset_tasdev_spec4mixG,593,347,2118,1138,1694,2084,16,154882,12390,2125,1139,1756,2115,1137,1686,98,100,0,600,2143
reset_tasdev_spec4mixG,593,348,2106,1138,1693,2090,16,154872,12389,2118,1139,1755,2101,1137,1670,99,100,0,601,2126
reset_tasdev_spec4mixG,593,349,2096,1138,1684,2096,16,154861,12388,2106,1139,1745,2096,1136,1673,99,100,0,601,2117
reset_tasdev_spec4mixG,593,350,2099,1139,1685,2102,16,154857,12388,2099,1139,1752,2096,1137,1674,98,100,0,601,2131
reset_tasdev_spec4mixG,593,351,2099,1138,1684,2108,16,154843,12387,2100,1139,1747,2096,1137,1674,98,100,0,601,2123
reset_tasdev_spec4mixG,593,352,2103,1138,1738,2113,16,154835,12386,2106,1139,1748,2099,1136,1674,98,100,0,601,2137
reset_tasdev_spec4mixG,593,353,2110,1137,1759,2119,16,154829,12386,2110,1139,1759,2103,1137,1677,98,100,0,601,2146
reset_tasdev_spec4mixG,593,354,2121,1137,1740,2125,17,154826,12386,2175,1139,1790,2110,1137,1692,98,100,0,601,2151
reset_tasdev_spec4mixG,593,355,2125,1138,1707,2131,17,154822,12385,2125,1139,1760,2121,1135,1696,98,100,0,601,2160
reset_tasdev_spec4mixG,593,356,2127,1138,1693,2137,17,154819,12385,2128,1139,1767,2125,1137,1693,98,100,0,601,2149
reset_tasdev_spec4mixG,593,357,2120,1138,1690,2143,17,154814,12385,2129,1139,1773,2120,1136,1684,98,100,0,601,2146
reset_tasdev_spec4mixG,593,358,2117,1137,1707,2149,17,154813,12385,2120,1139,1752,2114,1136,1684,97,100,0,601,2166
reset_tasdev_spec4mixG,593,359,2166,1137,1732,2155,17,154810,12384,2168,1138,1776,2116,1136,1682,99,100,0,600,2183
reset_tasdev_spec4mixG,593,360,2095,1138,1732,2161,17,154801,12384,2166,1139,1773,2095,1137,1678,98,100,0,600,2120
reset_tasdev_spec4mixG,593,361,2095,1138,1690,2167,17,154791,12383,2096,1139,1738,2095,1136,1680,98,100,0,600,2117
reset_tasdev_spec4mixG,593,362,2101,1139,1684,2172,17,154788,12383,2105,1139,1736,2095,1137,1678,98,100,0,600,2123
reset_tasdev_spec4mixG,593,363,2107,1138,1704,2178,17,154781,12382,2107,1140,1755,2100,1138,1680,98,100,0,600,2149
reset_tasdev_spec4mixG,593,364,2109,1139,1698,2184,17,154770,12381,2112,1140,1752,2107,1137,1685,98,100,0,601,2140
reset_tasdev_spec4mixG,593,365,2114,1146,1724,2190,17,154765,12381,2114,1146,1750,2108,1138,1689,98,100,0,601,2151
reset_tasdev_spec4mixG,593,366,2123,1145,1691,2196,17,154766,12381,2128,1146,1747,2114,1142,1684,99,100,0,601,2129
reset_tasdev_spec4mixG,593,367,2107,1143,1685,2202,17,154754,12380,2123,1145,1710,2107,1142,1679,98,100,0,601,2129
reset_tasdev_spec4mixG,593,368,2106,1145,1691,2208,17,154747,12379,2116,1146,1760,2106,1141,1675,98,100,0,601,2129
reset_tasdev_spec4mixG,593,369,2103,1145,1684,2214,17,154739,12379,2106,1146,1737,2103,1144,1675,98,100,0,601,2129
reset_tasdev_spec4mixG,593,370,2106,1144,1696,2220,17,154732,12378,2106,1146,1744,2103,1143,1677,98,100,0,601,2143
reset_tasdev_spec4mixG,593,371,2107,1143,1697,2226,17,154726,12378,2107,1146,1743,2103,1139,1671,98,100,0,600,2149
reset_tasdev_spec4mixG,593,372,2119,1139,1714,2231,17,154722,12377,2119,1146,1748,2107,1137,1689,98,100,0,600,2151
reset_tasdev_spec4mixG,593,373,2123,1140,1709,2237,17,154718,12377,2123,1142,1722,2119,1138,1701,98,100,0,600,2151
reset_tasdev_spec4mixG,593,374,2115,1140,1698,2243,17,154713,12377,2123,1146,1734,2115,1139,1681,98,100,0,600,2143
reset_tasdev_spec4mixG,593,375,2103,1140,1681,2249,17,154705,12376,2115,1141,1726,2103,1140,1669,99,100,0,600,2106
reset_tasdev_spec4mixG,593,376,2107,1141,1684,2255,18,154695,12375,2175,1141,1779,2085,1139,1654,99,100,0,600,2109
reset_tasdev_spec4mixG,593,377,2094,1144,1694,2261,18,154685,12374,2107,1145,1732,2092,1140,1669,98,100,0,600,2129
reset_tasdev_spec4mixG,593,378,2095,1140,1680,2266,18,154677,12374,2102,1145,1740,2094,1139,1673,99,100,0,600,2114
reset_tasdev_spec4mixG,593,379,2104,1140,1706,2272,18,154674,12373,2104,1141,1717,2095,1139,1680,98,100,0,600,2137
reset_tasdev_spec4mixG,593,380,2106,1140,1679,2278,18,154664,12373,2107,1141,1746,2104,1138,1674,98,100,0,600,2137
reset_tasdev_spec4mixG,593,381,2091,1140,1675,2284,18,154654,12372,2106,1141,1739,2091,1139,1660,99,100,0,599,2097
reset_tasdev_spec4mixG,593,382,2094,1140,1690,2290,18,154649,12371,2095,1141,1743,2089,1139,1664,98,100,0,600,2120
reset_tasdev_spec4mixG,593,383,2107,1141,1689,2296,18,154639,12371,2107,1141,1767,2094,1138,1680,97,100,0,600,2151
reset_tasdev_spec4mixG,593,384,2122,1140,1698,2302,18,154636,12370,2122,1141,1744,2107,1139,1684,98,100,0,599,2149
reset_tasdev_spec4mixG,593,385,2118,1140,1693,2308,18,154632,12370,2123,1141,1747,2118,1140,1673,99,100,0,600,2134
reset_tasdev_spec4mixG,593,386,2123,1140,1717,2313,18,154629,12370,2123,1142,1763,2115,1139,1676,98,100,0,600,2166
reset_tasdev_spec4mixG,593,387,2130,1141,1710,2319,18,154627,12370,2130,1141,1765,2123,1139,1689,98,100,0,599,2171
reset_tasdev_spec4mixG,593,388,2116,1140,1684,2325,18,154626,12370,2132,1142,1756,2116,1139,1676,99,100,0,600,2134
reset_tasdev_spec4mixG,593,389,2106,1141,1718,2331,18,154615,12369,2116,1142,1743,2105,1140,1673,98,100,0,600,2140
reset_tasdev_spec4mixG,593,390,2126,1141,1696,2337,18,154613,12369,2126,1142,1756,2106,1140,1688,98,100,0,600,2163
reset_tasdev_spec4mixG,593,391,2131,1141,1740,2343,18,154611,12368,2131,1142,1749,2121,1140,1684,98,100,0,600,2171
reset_tasdev_spec4mixG,593,392,2136,1141,1712,2349,18,154611,12368,2137,1142,1755,2131,1139,1679,99,100,0,600,2157
reset_tasdev_spec4mixG,593,393,2141,1140,1741,2355,18,154615,12369,2141,1142,1774,2135,1140,1692,98,100,0,600,2166
reset_tasdev_spec4mixG,593,394,2133,1141,1695,2361,18,154609,12368,2141,1145,1762,2130,1140,1681,98,100,0,599,2171
reset_tasdev_spec4mixG,593,395,2123,1141,1707,2367,18,154605,12368,2133,1142,1755,2123,1139,1680,98,100,0,599,2149
reset_tasdev_spec4mixG,593,396,2122,1141,1706,2373,18,154602,12368,2127,1142,1751,2122,1140,1683,99,100,0,600,2131
reset_tasdev_spec4mixG,593,397,2124,1141,1729,2379,19,154599,12367,2124,1142,1761,2117,1140,1684,98,100,0,600,2160
reset_tasdev_spec4mixG,593,398,2121,1141,1718,2385,19,154595,12367,2127,1142,1760,2121,1139,1677,98,100,0,600,2146
reset_tasdev_spec4mixG,593,399,2124,1140,1703,2390,19,154592,12367,2126,1142,1746,2121,1139,1687,98,100,0,599,2157
reset_tasdev_spec4mixG,593,400,2071,1140,1710,2396,19,154584,12366,2125,1142,1740,2067,1139,1655,97,100,0,599,2114
reset_tasdev_spec4mixG,593,401,2097,1141,1695,2402,19,154577,12366,2097,1143,1751,2071,1140,1657,96,100,0,600,2163
reset_tasdev_spec4mixG,593,402,2110,1141,1685,2408,19,154573,12365,2115,1142,1760,2097,1140,1677,99,100,0,600,2120
reset_tasdev_spec4mixG,593,403,2113,1140,1742,2414,19,154569,12365,2117,1142,1766,2110,1139,1685,99,100,0,600,2131
reset_tasdev_spec4mixG,593,404,2117,1141,1701,2420,19,154568,12365,2118,1142,1753,2112,1138,1679,98,100,0,599,2143
reset_tasdev_spec4mixG,593,405,2124,1139,1744,2426,19,154563,12365,2184,1141,1802,2115,1139,1687,97,100,0,600,2177
reset_tasdev_spec4mixG,593,406,2118,1140,1689,2432,19,154559,12364,2127,1142,1765,2118,1139,1672,99,100,0,599,2126
reset_tasdev_spec4mixG,593,407,2105,1141,1686,2438,19,154552,12364,2118,1141,1751,2105,1139,1671,99,100,0,600,2114
reset_tasdev_spec4mixG,593,408,2103,1140,1699,2443,19,154546,12363,2105,1141,1752,2103,1139,1675,98,100,0,600,2131
reset_tasdev_spec4mixG,593,409,2109,1141,1707,2449,19,154540,12363,2109,1141,1750,2102,1139,1672,98,100,0,600,2149
reset_tasdev_spec4mixG,593,410,2115,1140,1700,2455,19,154536,12362,2115,1141,1753,2109,1139,1679,98,100,0,600,2146
reset_tasdev_spec4mixG,593,411,2114,1141,1717,2461,19,154531,12362,2115,1142,1752,2112,1138,1676,98,100,0,600,2149
reset_tasdev_spec4mixG,593,412,2115,1141,1702,2467,19,154527,12362,2115,1142,1753,2114,1140,1680,98,100,0,601,2143
reset_tasdev_spec4mixG,593,413,2122,1140,1702,2473,19,154528,12362,2122,1142,1753,2115,1140,1690,98,100,0,601,2149
reset_tasdev_spec4mixG,593,414,2117,1141,1702,2479,19,154520,12361,2123,1142,1760,2117,1139,1698,98,100,0,601,2140
reset_tasdev_spec4mixG,593,415,2116,1142,1726,2485,19,154516,12361,2117,1142,1762,2115,1140,1697,98,100,0,601,2146
reset_tasdev_spec4mixG,593,416,2118,1142,1707,2491,19,154513,12361,2119,1142,1762,2116,1140,1698,98,100,0,601,2143
reset_tasdev_spec4mixG,593,417,2170,1141,1745,2497,19,154515,12361,2173,1142,1775,2118,1140,1696,98,100,0,601,2197
reset_tasdev_spec4mixG,593,418,2168,1142,1744,2503,20,154520,12361,2170,1142,1747,2168,1141,1742,98,100,0,601,2194
reset_tasdev_spec4mixG,593,419,2168,1141,1745,2509,20,154525,12362,2169,1142,1769,2168,1140,1743,98,100,0,601,2194
reset_tasdev_spec4mixG,593,420,2173,1141,1746,2515,20,154530,12362,2173,1142,1776,2168,1139,1742,98,100,0,601,2197
reset_tasdev_spec4mixG,593,421,2170,1142,1745,2521,20,154535,12362,2173,1142,1750,2170,1140,1743,98,100,0,601,2197
reset_tasdev_spec4mixG,593,422,2169,1142,1745,2527,20,154540,12363,2170,1142,1749,2169,1140,1742,98,100,0,600,2197
reset_tasdev_spec4mixG,593,423,2170,1146,1740,2533,20,154546,12363,2170,1147,1757,2169,1141,1737,98,100,0,600,2197
reset_tasdev_spec4mixG,593,424,2170,1146,1740,2539,20,154551,12364,2170,1147,1744,2170,1145,1737,98,100,0,600,2200
reset_tasdev_spec4mixG,593,425,2171,1146,1743,2545,20,154556,12364,2171,1147,1743,2170,1145,1738,98,100,0,600,2200
reset_tasdev_spec4mixG,593,426,2171,1145,1739,2551,20,154561,12364,2171,1146,1744,2170,1143,1738,98,100,0,600,2200
reset_tasdev_spec4mixG,593,427,2171,1146,1741,2557,20,154570,12365,2171,1146,1744,2170,1145,1738,98,100,0,600,2200
reset_tasdev_spec4mixG,593,428,2171,1146,1741,2563,20,154575,12366,2171,1147,1745,2171,1144,1739,98,100,0,600,2200
reset_tasdev_spec4mixG,593,429,2172,1142,1748,2569,20,154580,12366,2172,1147,1752,2171,1140,1739,98,100,0,600,2200
reset_tasdev_spec4mixG,593,430,2171,1141,1748,2575,20,154582,12366,2172,1142,1750,2171,1140,1745,98,100,0,601,2200
reset_tasdev_spec4mixG,593,431,2172,1141,1748,2581,20,154587,12366,2172,1142,1751,2171,1140,1745,98,100,0,601,2200
reset_tasdev_spec4mixG,593,432,2170,1141,1745,2587,20,154592,12367,2172,1142,1749,2170,1140,1744,98,100,0,601,2197
reset_tasdev_spec4mixG,593,433,2169,1142,1746,2593,20,154596,12367,2170,1146,1747,2169,1141,1739,98,100,0,601,2197
reset_tasdev_spec4mixG,593,434,2170,1142,1746,2599,20,154601,12368,2170,1146,1749,2169,1141,1741,98,100,0,601,2200
reset_tasdev_spec4mixG,593,435,2170,1142,1746,2605,20,154606,12368,2171,1147,1750,2170,1140,1739,98,100,0,601,2197
reset_tasdev_spec4mixG,593,436,2170,1141,1747,2612,20,154611,12368,2171,1142,1750,2170,1140,1745,98,100,0,601,2197
reset_tasdev_spec4mixG,593,437,2170,1141,1749,2618,20,154616,12369,2171,1142,1751,2170,1140,1745,98,100,0,601,2200
reset_tasdev_spec4mixG,593,438,2171,1143,1749,2624,20,154621,12369,2172,1143,1751,2170,1140,1746,98,100,0,600,2197
reset_tasdev_spec4mixG,593,439,2172,1141,1751,2630,21,154629,12370,2172,1143,1751,2171,1140,1747,98,100,0,600,2203
reset_tasdev_spec4mixG,593,440,2173,1141,1750,2636,21,154631,12370,2173,1142,1752,2172,1140,1747,98,100,0,600,2200
reset_tasdev_spec4mixG,593,441,2172,1142,1748,2642,21,154636,12370,2173,1142,1751,2172,1140,1747,98,100,0,600,2203
reset_tasdev_spec4mixG,593,442,2172,1141,1746,2648,21,154645,12371,2173,1142,1752,2172,1139,1744,98,100,0,600,2197
reset_tasdev_spec4mixG,593,443,2172,1141,1749,2654,21,154646,12371,2172,1142,1750,2171,1140,1745,98,100,0,600,2200
reset_tasdev_spec4mixG,593,444,2172,1141,1748,2660,21,154651,12372,2172,1142,1751,2172,1140,1745,98,100,0,600,2200
reset_tasdev_spec4mixG,593,445,2171,1142,1746,2666,21,154659,12372,2172,1142,1751,2171,1140,1744,98,100,0,600,2200
reset_tasdev_spec4mixG,593,446,2172,1141,1747,2672,21,154664,12373,2172,1142,1751,2171,1140,1744,98,100,0,600,2200
reset_tasdev_spec4mixG,593,447,2173,1142,1748,2678,21,154666,12373,2173,1142,1752,2172,1141,1745,98,100,0,600,2203
reset_tasdev_spec4mixG,593,448,2173,1141,1749,2684,21,154671,12373,2173,1142,1751,2173,1140,1745,98,100,0,600,2200
reset_tasdev_spec4mixG,593,449,2172,1142,1746,2690,21,154679,12374,2173,1142,1752,2172,1141,1745,98,100,0,600,2200
reset_tasdev_spec4mixG,593,450,2171,1141,1750,2696,21,154680,12374,2172,1142,1751,2171,1141,1744,98,100,0,601,2197
reset_tasdev_spec4mixG,593,451,2171,1141,1748,2702,21,154685,12374,2172,1142,1750,2171,1140,1745,98,100,0,601,2197
reset_tasdev_spec4mixG,593,452,2173,1141,1748,2708,21,154690,12375,2173,1142,1754,2171,1140,1746,98,100,0,601,2203
reset_tasdev_spec4mixG,593,453,2173,1140,1749,2714,21,154695,12375,2173,1142,1752,2172,1140,1747,98,100,0,601,2200
reset_tasdev_spec4mixG,593,454,2172,1141,1748,2720,21,154699,12375,2173,1142,1752,2171,1140,1745,98,100,0,601,2203
reset_tasdev_spec4mixG,593,455,2171,1142,1749,2726,21,154707,12376,2172,1142,1752,2171,1140,1746,98,100,0,601,2200
reset_tasdev_spec4mixG,593,456,2173,1141,1750,2732,21,154709,12376,2173,1142,1754,2171,1140,1746,98,100,0,601,2203
reset_tasdev_spec4mixG,593,457,2171,1141,1748,2739,21,154717,12377,2173,1142,1752,2171,1139,1744,98,100,0,601,2197
reset_tasdev_spec4mixG,593,458,2172,1141,1749,2745,21,154718,12377,2172,1142,1753,2171,1140,1746,98,100,0,601,2203
reset_tasdev_spec4mixG,593,459,2172,1141,1747,2751,22,154723,12377,2173,1142,1754,2171,1140,1745,98,100,0,601,2197
reset_tasdev_spec4mixG,593,460,2172,1142,1750,2757,22,154727,12378,2172,1143,1753,2172,1139,1745,98,100,0,601,2203
reset_tasdev_spec4mixG,593,461,2172,1141,1749,2763,22,154732,12378,2173,1142,1753,2172,1140,1746,98,100,0,601,2197
reset_tasdev_spec4mixG,593,462,2173,1141,1751,2769,22,154737,12378,2173,1142,1757,2172,1140,1746,98,100,0,601,2203
reset_tasdev_spec4mixG,593,463,2174,1141,1748,2775,22,154742,12379,2174,1142,1758,2173,1139,1746,98,100,0,601,2203
reset_tasdev_spec4mixG,593,464,2174,1141,1749,2781,22,154747,12379,2174,1142,1754,2174,1140,1747,98,100,0,601,2205
reset_tasdev_spec4mixG,593,465,2176,1141,1751,2787,22,154752,12380,2176,1142,1757,2174,1140,1748,98,100,0,600,2205
reset_tasdev_spec4mixG,593,466,2156,1140,1711,2793,22,154757,12380,2178,1142,1764,2156,1139,1709,99,100,0,600,2163
reset_tasdev_spec4mixG,593,467,2136,1140,1714,2799,22,154751,12380,2156,1142,1744,2136,1140,1708,99,100,0,600,2157
reset_tasdev_spec4mixG,593,468,2131,1141,1721,2805,22,154749,12379,2136,1142,1743,2131,1140,1708,98,100,0,599,2157
reset_tasdev_spec4mixG,593,469,2138,1141,1724,2811,22,154749,12379,2138,1142,1749,2131,1139,1710,98,100,0,600,2174
reset_tasdev_spec4mixG,593,470,2138,1142,1721,2817,22,154748,12379,2140,1142,1746,2138,1140,1712,98,100,0,600,2163
reset_tasdev_spec4mixG,593,471,2132,1141,1712,2823,22,154746,12379,2138,1142,1742,2132,1141,1706,98,100,0,600,2160
reset_tasdev_spec4mixG,593,472,2151,1141,1721,2829,22,154744,12379,2158,1143,1756,2076,1141,1673,99,100,0,599,2168
reset_tasdev_spec4mixG,593,473,2141,1142,1717,2835,22,154747,12379,2151,1143,1742,2141,1140,1716,98,100,0,600,2163
reset_tasdev_spec4mixG,593,474,2136,1142,1715,2841,22,154742,12379,2141,1143,1731,2136,1141,1714,98,100,0,600,2163
reset_tasdev_spec4mixG,593,475,2135,1142,1716,2847,22,154741,12379,2136,1143,1730,2134,1141,1715,98,100,0,599,2160
reset_tasdev_spec4mixG,593,476,2134,1142,1716,2853,22,154743,12379,2135,1143,1730,2134,1140,1714,98,100,0,600,2163
reset_tasdev_spec4mixG,593,477,2134,1142,1717,2859,22,154738,12379,2134,1143,1731,2134,1141,1714,98,100,0,600,2163
reset_tasdev_spec4mixG,593,478,2134,1142,1719,2864,22,154737,12378,2134,1143,1730,2134,1141,1715,98,100,0,600,2163
reset_tasdev_spec4mixG,593,479,2133,1142,1721,2870,22,154735,12378,2134,1142,1732,2133,1140,1714,98,100,0,600,2160
reset_tasdev_spec4mixG,593,480,2133,1140,1717,2876,23,154734,12378,2134,1142,1731,2133,1140,1715,98,100,0,600,2160
reset_tasdev_spec4mixG,593,481,2134,1142,1715,2882,23,154733,12378,2134,1142,1731,2133,1140,1714,98,100,0,599,2163
reset_tasdev_spec4mixG,593,482,2133,1142,1717,2888,23,154731,12378,2134,1142,1730,2133,1140,1714,98,100,0,599,2163
reset_tasdev_spec4mixG,593,483,2135,1142,1718,2894,23,154730,12378,2135,1142,1732,2133,1140,1714,98,100,0,599,2166
reset_tasdev_spec4mixG,593,484,2136,1142,1719,2900,23,154729,12378,2136,1142,1733,2135,1140,1716,98,100,0,599,2166
reset_tasdev_spec4mixG,593,485,2134,1141,1718,2906,23,154728,12378,2137,1143,1732,2133,1140,1703,98,100,0,599,2166
reset_tasdev_spec4mixG,593,486,2136,1142,1717,2912,23,154730,12378,2136,1143,1732,2134,1141,1716,98,100,0,599,2166
reset_tasdev_spec4mixG,593,487,2137,1142,1720,2918,23,154726,12378,2137,1142,1733,2136,1141,1717,98,100,0,600,2166
reset_tasdev_spec4mixG,593,488,2137,1141,1725,2924,23,154726,12378,2138,1142,1733,2137,1140,1717,98,100,0,600,2163
reset_tasdev_spec4mixG,593,489,2136,1142,1717,2930,23,154725,12378,2138,1143,1739,2136,1141,1707,99,100,0,600,2157
reset_tasdev_spec4mixG,593,490,2135,1142,1723,2936,23,154724,12377,2136,1143,1731,2135,1141,1714,98,100,0,600,2163
reset_tasdev_spec4mixG,593,491,2137,1141,1716,2942,23,154723,12377,2137,1143,1732,2135,1140,1715,98,100,0,600,2168
reset_tasdev_spec4mixG,593,492,2138,1142,1716,2948,23,154726,12378,2138,1142,1731,2136,1140,1715,98,100,0,599,2168
reset_tasdev_spec4mixG,593,493,2139,1141,1719,2954,23,154722,12377,2140,1142,1735,2137,1141,1715,98,100,0,600,2163
reset_tasdev_spec4mixG,593,494,2140,1141,1722,2960,23,154722,12377,2140,1142,1732,2139,1140,1714,98,100,0,599,2168
reset_tasdev_spec4mixG,593,495,2140,1142,1725,2966,23,154722,12377,2141,1143,1732,2140,1141,1714,98,100,0,599,2166
reset_tasdev_spec4mixG,593,496,2144,1141,1728,2972,23,154722,12377,2144,1143,1735,2140,1141,1716,98,100,0,600,2174
reset_tasdev_spec4mixG,593,497,2145,1142,1730,2977,23,154723,12377,2145,1146,1734,2144,1141,1714,98,100,0,600,2177
reset_tasdev_spec4mixG,593,498,2147,1146,1725,2983,23,154723,12377,2147,1146,1735,2144,1141,1714,98,100,0,599,2180
reset_tasdev_spec4mixG,593,499,2152,1142,1735,2989,23,154725,12378,2152,1147,1736,2147,1141,1719,98,100,0,600,2183
reset_tasdev_spec4mixG,593,500,2155,1142,1735,2995,23,154727,12378,2155,1143,1738,2152,1140,1728,98,100,0,600,2186
reset_tasdev_spec4mixG,593,501,2157,1143,1735,3002,24,154729,12378,2157,1143,1736,2155,1141,1733,98,100,0,600,2186
reset_tasdev_spec4mixG,593,502,2158,1142,1682,3008,24,154731,12378,2158,1143,1740,2157,1141,1682,98,100,0,600,2186
reset_tasdev_spec4mixG,593,503,2096,1143,1700,3013,24,154724,12377,2158,1144,1750,2082,1142,1662,98,100,0,600,2134
reset_tasdev_spec4mixG,593,504,2129,1142,1733,3019,24,154723,12377,2129,1144,1744,2096,1141,1691,97,100,0,600,2180
reset_tasdev_spec4mixG,593,505,2151,1143,1729,3025,24,154725,12378,2151,1143,1747,2129,1141,1717,98,100,0,599,2183
reset_tasdev_spec4mixG,593,506,2145,1143,1721,3031,24,154726,12378,2151,1143,1738,2145,1142,1710,98,100,0,600,2168
reset_tasdev_spec4mixG,593,507,2141,1143,1722,3037,24,154726,12378,2145,1144,1733,2081,1141,1669,98,100,0,600,2171
reset_tasdev_spec4mixG,593,508,2142,1142,1720,3043,24,154726,12378,2142,1143,1734,2141,1141,1719,98,100,0,599,2171
reset_tasdev_spec4mixG,593,509,2142,1142,1721,3049,24,154723,12377,2142,1143,1733,2141,1142,1719,98,100,0,599,2171
reset_tasdev_spec4mixG,593,510,2141,1142,1723,3055,24,154722,12377,2142,1144,1732,2141,1141,1718,98,100,0,600,2168
reset_tasdev_spec4mixG,593,511,2140,1142,1725,3061,24,154722,12377,2141,1143,1732,2140,1141,1718,98,100,0,600,2166
reset_tasdev_spec4mixG,593,512,2140,1142,1719,3067,24,154722,12377,2141,1144,1732,2140,1142,1717,98,100,0,600,2166
reset_tasdev_spec4mixG,593,513,2141,1143,1720,3073,24,154722,12377,2141,1144,1731,2140,1141,1718,98,100,0,600,2168
reset_tasdev_spec4mixG,593,514,2139,1142,1720,3079,24,154721,12377,2141,1144,1731,2139,1142,1717,98,100,0,600,2168
reset_tasdev_spec4mixG,593,515,2138,1143,1720,3085,24,154721,12377,2140,1143,1732,2138,1141,1705,98,100,0,600,2168
reset_tasdev_spec4mixG,593,516,2138,1142,1717,3091,24,154720,12377,2140,1143,1733,2138,1140,1715,98,100,0,600,2166
reset_tasdev_spec4mixG,593,517,2137,1143,1715,3097,24,154719,12377,2138,1143,1730,2137,1141,1715,98,100,0,600,2166
reset_tasdev_spec4mixG,593,518,2136,1143,1715,3103,24,154718,12377,2137,1144,1729,2136,1142,1714,98,100,0,600,2163
reset_tasdev_spec4mixG,593,519,2136,1143,1715,3109,24,154717,12377,2136,1144,1744,2135,1141,1706,98,100,0,599,2166
reset_tasdev_spec4mixG,593,520,2136,1143,1720,3115,24,154717,12377,2137,1143,1729,2136,1142,1715,98,100,0,600,2163
reset_tasdev_spec4mixG,593,521,2137,1142,1718,3121,24,154716,12377,2137,1143,1732,2136,1141,1714,98,100,0,600,2163
reset_tasdev_spec4mixG,593,522,2139,1145,1720,3127,25,154716,12377,2139,1147,1730,2137,1141,1713,98,100,0,600,2171
reset_tasdev_spec4mixG,593,523,2141,1146,1715,3133,25,154715,12377,2141,1147,1733,2139,1145,1712,98,100,0,600,2171
reset_tasdev_spec4mixG,593,524,2142,1145,1716,3138,25,154718,12377,2142,1147,1727,2141,1145,1712,98,100,0,599,2171
reset_tasdev_spec4mixG,593,525,2143,1145,1716,3144,25,154716,12377,2143,1146,1727,2142,1144,1712,98,100,0,600,2177
reset_tasdev_spec4mixG,593,526,2142,1145,1716,3150,25,154718,12377,2143,1147,1727,2142,1145,1713,98,100,0,600,2171
reset_tasdev_spec4mixG,593,527,2144,1144,1726,3156,25,154719,12377,2144,1147,1731,2142,1143,1713,98,100,0,600,2177
reset_tasdev_spec4mixG,593,528,2145,1143,1716,3162,25,154716,12377,2145,1147,1733,2144,1142,1715,98,100,0,600,2177
reset_tasdev_spec4mixG,593,529,2145,1144,1722,3168,25,154716,12377,2146,1144,1731,2144,1142,1716,98,100,0,600,2168
reset_tasdev_spec4mixG,593,530,2145,1144,1723,3174,25,154720,12377,2145,1144,1733,2144,1142,1716,98,100,0,600,2171
reset_tasdev_spec4mixG,593,531,2144,1144,1724,3180,25,154717,12377,2145,1144,1733,2144,1142,1716,98,100,0,600,2171
reset_tasdev_spec4mixG,593,532,2148,1143,1727,3186,25,154718,12377,2148,1144,1734,2144,1142,1715,98,100,0,600,2177
reset_tasdev_spec4mixG,593,533,2150,1144,1727,3192,25,154719,12377,2150,1144,1734,2148,1142,1717,98,100,0,600,2177
reset_tasdev_spec4mixG,593,534,2152,1143,1731,3198,25,154723,12377,2152,1144,1734,2149,1142,1721,98,100,0,600,2183
reset_tasdev_spec4mixG,593,535,2154,1144,1731,3204,25,154722,12377,2154,1144,1736,2152,1141,1721,98,100,0,600,2186
reset_tasdev_spec4mixG,593,536,2154,1143,1732,3210,25,154723,12377,2155,1144,1733,2154,1142,1730,98,100,0,600,2183
reset_tasdev_spec4mixG,593,537,2155,1143,1731,3216,25,154725,12378,2155,1144,1733,2154,1142,1730,98,100,0,600,2183
reset_tasdev_spec4mixG,593,538,2155,1143,1732,3222,25,154729,12378,2155,1144,1734,2154,1142,1731,98,100,0,601,2180
reset_tasdev_spec4mixG,593,539,2083,1144,1666,3228,25,154724,12377,2155,1144,1733,2083,1142,1659,99,100,0,601,2092
reset_tasdev_spec4mixG,593,540,2104,1144,1711,3234,25,154719,12377,2104,1144,1739,2082,1142,1665,97,100,0,601,2166
reset_tasdev_spec4mixG,593,541,2137,1143,1739,3240,25,154723,12377,2137,1144,1743,2104,1141,1705,98,100,0,601,2177
reset_tasdev_spec4mixG,593,542,2072,1143,1717,3246,25,154718,12377,2145,1144,1740,2070,1142,1665,98,100,0,601,2112
reset_tasdev_spec4mixG,593,543,2135,1143,1715,3252,26,154717,12377,2135,1144,1729,2072,1142,1714,98,100,0,601,2166
reset_tasdev_spec4mixG,593,544,2134,1143,1714,3258,26,154716,12377,2135,1144,1729,2134,1141,1714,98,100,0,601,2163
reset_tasdev_spec4mixG,593,545,2133,1143,1715,3264,26,154715,12377,2134,1144,1729,2132,1142,1700,98,100,0,601,2163
reset_tasdev_spec4mixG,593,546,2133,1143,1715,3270,26,154713,12377,2133,1144,1728,2133,1142,1713,98,100,0,601,2163
reset_tasdev_spec4mixG,593,547,2132,1143,1724,3276,26,154712,12377,2133,1144,1728,2132,1141,1713,98,100,0,601,2160
reset_tasdev_spec4mixG,593,548,2132,1143,1716,3282,26,154714,12377,2133,1144,1727,2132,1142,1713,98,100,0,601,2157
reset_tasdev_spec4mixG,593,549,2133,1144,1717,3288,26,154709,12376,2133,1144,1728,2132,1142,1713,98,100,0,601,2160
reset_tasdev_spec4mixG,593,550,2134,1144,1716,3294,26,154711,12376,2134,1144,1728,2133,1142,1713,98,100,0,601,2160
reset_tasdev_spec4mixG,593,551,2136,1144,1715,3299,26,154708,12376,2136,1144,1727,2134,1142,1712,98,100,0,601,2166
reset_tasdev_spec4mixG,593,552,2138,1144,1725,3305,26,154707,12376,2138,1144,1731,2135,1142,1713,98,100,0,601,2171
reset_tasdev_spec4mixG,593,553,2140,1144,1725,3311,26,154707,12376,2141,1144,1731,2138,1142,1714,98,100,0,601,2168
reset_tasdev_spec4mixG,593,554,2146,1143,1733,3317,26,154708,12376,2146,1144,1735,2140,1142,1718,98,100,0,601,2177
reset_tasdev_spec4mixG,593,555,2149,1143,1733,3323,26,154709,12376,2149,1144,1734,2146,1142,1718,98,100,0,601,2177
reset_tasdev_spec4mixG,593,556,2152,1143,1733,3329,26,154713,12377,2152,1144,1734,2149,1142,1724,98,100,0,601,2183
reset_tasdev_spec4mixG,593,557,2154,1143,1732,3335,26,154712,12376,2154,1144,1734,2152,1142,1728,98,100,0,601,2186
reset_tasdev_spec4mixG,593,558,2080,1144,1662,3341,26,154710,12376,2155,1144,1740,2080,1142,1661,99,100,0,601,2095
reset_tasdev_spec4mixG,593,559,2101,1143,1722,3347,26,154705,12376,2101,1144,1742,2078,1142,1661,98,100,0,601,2140
reset_tasdev_spec4mixG,593,560,2134,1143,1721,3353,26,154706,12376,2134,1144,1739,2101,1142,1709,98,100,0,601,2171
reset_tasdev_spec4mixG,593,561,2136,1143,1666,3359,26,154705,12376,2140,1144,1735,2134,1142,1666,99,100,0,601,2146
reset_tasdev_spec4mixG,593,562,2136,1143,1715,3365,26,154703,12376,2138,1144,1729,2070,1141,1665,98,100,0,600,2163
reset_tasdev_spec4mixG,593,563,2135,1143,1717,3371,26,154702,12376,2136,1144,1729,2135,1142,1714,98,100,0,600,2166
reset_tasdev_spec4mixG,593,564,2135,1143,1720,3377,27,154701,12376,2135,1144,1729,2135,1142,1714,98,100,0,600,2160
reset_tasdev_spec4mixG,593,565,2134,1144,1715,3383,27,154700,12376,2135,1144,1728,2134,1142,1713,98,100,0,600,2160
reset_tasdev_spec4mixG,593,566,2134,1143,1714,3389,27,154701,12376,2135,1144,1727,2134,1141,1712,98,100,0,600,2163
reset_tasdev_spec4mixG,593,567,2135,1143,1716,3395,27,154698,12375,2135,1144,1728,2134,1142,1713,98,100,0,600,2168
reset_tasdev_spec4mixG,593,568,2139,1143,1722,3401,27,154697,12375,2139,1144,1732,2135,1142,1714,98,100,0,600,2174
reset_tasdev_spec4mixG,593,569,2145,1143,1726,3407,27,154698,12375,2145,1144,1733,2139,1141,1717,98,100,0,599,2180
reset_tasdev_spec4mixG,593,570,2151,1144,1730,3413,27,154699,12375,2151,1144,1733,2145,1142,1720,98,100,0,600,2183
reset_tasdev_spec4mixG,593,571,2154,1144,1731,3419,27,154701,12376,2154,1144,1733,2151,1143,1726,98,100,0,600,2183
reset_tasdev_spec4mixG,593,572,2155,1144,1730,3425,27,154703,12376,2155,1144,1733,2154,1141,1727,98,100,0,600,2183
reset_tasdev_spec4mixG,593,573,2156,1144,1731,3431,27,154704,12376,2156,1144,1735,2155,1142,1729,98,100,0,600,2186
reset_tasdev_spec4mixG,593,574,2156,1144,1730,3437,27,154706,12376,2156,1145,1732,2155,1143,1730,98,100,0,600,2186
reset_tasdev_spec4mixG,593,575,2153,1144,1730,3443,27,154707,12376,2156,1145,1734,2153,1142,1715,98,100,0,599,2183
reset_tasdev_spec4mixG,593,576,2155,1145,1731,3449,27,154709,12376,2155,1145,1732,2153,1143,1730,98,100,0,600,2183
reset_tasdev_spec4mixG,593,577,2156,1144,1731,3455,27,154711,12376,2156,1145,1732,2155,1143,1730,98,100,0,599,2183
reset_tasdev_spec4mixG,593,578,2086,1145,1703,3461,27,154711,12376,2156,1145,1744,2086,1142,1675,98,100,0,600,2117
reset_tasdev_spec4mixG,593,579,2099,1144,1708,3467,27,154706,12376,2099,1145,1741,2081,1143,1660,97,100,0,600,2146
reset_tasdev_spec4mixG,593,580,2072,1144,1666,3473,27,154705,12376,2166,1145,1754,2072,1142,1666,98,100,0,600,2103
reset_tasdev_spec4mixG,593,581,2136,1143,1715,3478,27,154704,12376,2138,1144,1729,2072,1142,1665,98,100,0,599,2163
reset_tasdev_spec4mixG,593,582,2135,1144,1714,3484,27,154703,12376,2136,1144,1728,2135,1142,1712,98,100,0,600,2163
reset_tasdev_spec4mixG,593,583,2133,1143,1712,3490,27,154702,12376,2135,1144,1727,2133,1143,1711,98,100,0,600,2163
reset_tasdev_spec4mixG,593,584,2135,1144,1723,3496,27,154701,12376,2135,1145,1729,2133,1142,1711,98,100,0,600,2166
reset_tasdev_spec4mixG,593,585,2143,1144,1730,3502,28,154702,12376,2143,1145,1734,2135,1143,1711,98,100,0,600,2177
reset_tasdev_spec4mixG,593,586,2144,1144,1718,3508,28,154702,12376,2147,1144,1732,2143,1143,1717,98,100,0,601,2166
reset_tasdev_spec4mixG,593,587,2139,1143,1719,3514,28,154704,12376,2144,1144,1721,2139,1141,1717,98,100,0,601,2166
reset_tasdev_spec4mixG,593,588,2138,1144,1718,3520,28,154701,12376,2139,1144,1728,2138,1142,1718,98,100,0,601,2166
reset_tasdev_spec4mixG,593,589,2063,1144,1661,3526,28,154698,12375,2138,1145,1729,2063,1143,1661,98,100,0,601,2092
reset_tasdev_spec4mixG,593,590,2127,1144,1709,3532,28,154693,12375,2127,1145,1733,2063,1142,1659,98,100,0,601,2154
reset_tasdev_spec4mixG,593,591,2167,1144,1733,3538,28,154695,12375,2187,1144,1767,2127,1142,1706,99,100,0,601,2183
reset_tasdev_spec4mixG,593,592,2175,1143,1753,3544,28,154699,12375,2175,1144,1775,2166,1143,1730,97,100,0,601,2222
Processed 593 lines from power meter
There were 0 errors in reading from the meter
