RunId,NumDataLines,SeqNum,Watts,Amps,WattHours,Cost,MoKWh,MoCost,MaxWatts,MaxVolts,MaxAmps,MinWatts,MinVolts,MinAmps,Factor,DutyCycle,PowerCycle
reset_awldev_stress2,59,0,1875,1139,1515,9,0,135375,10830,1877,1139,1536,1874,1137,1514,98,100,0,599,1898
reset_awldev_stress2,59,1,1875,1139,1514,15,0,135458,10836,1878,1139,1534,1875,1137,1513,98,100,0,600,1901
reset_awldev_stress2,59,2,1880,1138,1524,20,0,135571,10845,1880,1139,1541,1875,1137,1514,98,100,0,600,1913
reset_awldev_stress2,59,3,1874,1138,1519,25,0,135793,10863,1880,1139,1529,1874,1137,1513,98,100,0,600,1901
reset_awldev_stress2,59,4,1881,1137,1527,30,0,135606,10848,1881,1139,1541,1874,1137,1517,98,100,0,600,1913
reset_awldev_stress2,59,5,1875,1138,1520,36,0,135564,10845,1881,1139,1528,1875,1134,1515,98,100,0,600,1898
reset_awldev_stress2,59,6,1881,1138,1528,41,0,135630,10850,1881,1139,1530,1875,1137,1518,98,100,0,600,1910
reset_awldev_stress2,59,7,1883,1137,1530,46,0,135680,10854,1883,1139,1532,1881,1137,1520,98,100,0,600,1913
reset_awldev_stress2,59,8,1884,1139,1528,51,0,135859,10868,1884,1139,1531,1883,1136,1520,98,100,0,600,1913
reset_awldev_stress2,59,9,1885,1137,1530,56,0,135885,10870,1885,1139,1531,1884,1137,1521,98,100,0,600,1913
reset_awldev_stress2,59,10,1885,1138,1529,62,0,135795,10863,1885,1138,1532,1884,1136,1522,98,100,0,599,1915
reset_awldev_stress2,59,11,1877,1138,1521,67,0,135762,10860,1885,1139,1530,1877,1136,1517,98,100,0,600,1901
reset_awldev_stress2,59,12,1883,1137,1530,72,0,135795,10863,1883,1138,1536,1877,1137,1521,98,100,0,599,1913
reset_awldev_stress2,59,13,1884,1137,1530,78,0,135818,10865,1884,1138,1532,1883,1136,1522,98,100,0,600,1915
reset_awldev_stress2,59,14,1883,1137,1532,83,0,135821,10865,1884,1138,1534,1880,1136,1520,98,100,0,600,1915
reset_awldev_stress2,59,15,1884,1137,1532,88,0,135916,10873,1884,1138,1533,1882,1136,1522,98,100,0,600,1913
reset_awldev_stress2,59,16,1884,1136,1533,93,0,135843,10867,1884,1138,1534,1882,1136,1523,98,100,0,600,1915
reset_awldev_stress2,59,17,1885,1138,1532,98,0,135861,10868,1885,1138,1535,1883,1136,1524,98,100,0,600,1915
reset_awldev_stress2,59,18,1882,1137,1533,104,0,135859,10868,1885,1138,1533,1881,1135,1523,98,100,0,600,1915
reset_awldev_stress2,59,19,1877,1137,1523,109,0,135841,10867,1882,1138,1533,1877,1136,1518,98,100,0,600,1904
reset_awldev_stress2,59,20,1878,1137,1520,114,0,135843,10867,1882,1138,1535,1877,1135,1519,98,100,0,600,1898
reset_awldev_stress2,59,21,1881,1138,1531,119,0,135904,10872,1881,1138,1533,1877,1136,1519,98,100,0,600,1915
reset_awldev_stress2,59,22,1880,1137,1520,125,1,135842,10867,1882,1139,1581,1880,1137,1510,98,100,0,600,1904
reset_awldev_stress2,59,23,1883,1138,1532,130,1,135848,10867,1883,1139,1540,1879,1137,1519,98,100,0,600,1918
reset_awldev_stress2,59,24,1886,1138,1531,135,1,135866,10869,1886,1139,1544,1883,1136,1524,98,100,0,600,1915
reset_awldev_stress2,59,25,1886,1137,1532,141,1,135880,10870,1886,1139,1539,1885,1137,1522,98,100,0,600,1918
reset_awldev_stress2,59,26,1884,1138,1523,146,1,135889,10871,1888,1139,1535,1884,1137,1521,98,100,0,600,1904
reset_awldev_stress2,59,27,1887,1138,1531,151,1,135907,10872,1887,1139,1537,1883,1136,1522,98,100,0,601,1915
reset_awldev_stress2,59,28,1884,1138,1533,156,1,135913,10873,1887,1139,1538,1884,1137,1524,98,100,0,601,1910
reset_awldev_stress2,59,29,1887,1139,1532,161,1,135973,10877,1887,1139,1538,1884,1137,1523,98,100,0,601,1915
reset_awldev_stress2,59,30,1888,1139,1531,167,1,135946,10875,1888,1139,1535,1887,1137,1524,98,100,0,601,1915
reset_awldev_stress2,59,31,1888,1138,1533,172,1,135961,10876,1888,1139,1535,1887,1137,1523,98,100,0,601,1915
reset_awldev_stress2,59,32,1887,1139,1532,177,1,135970,10877,1888,1139,1534,1886,1137,1523,98,100,0,600,1915
reset_awldev_stress2,59,33,1880,1139,1522,183,1,135963,10877,1887,1139,1532,1880,1137,1519,98,100,0,600,1904
reset_awldev_stress2,59,34,1882,1139,1522,188,1,135965,10877,1884,1139,1534,1880,1137,1521,98,100,0,600,1904
reset_awldev_stress2,59,35,1882,1138,1523,193,1,135970,10877,1885,1139,1534,1882,1137,1521,98,100,0,599,1907
reset_awldev_stress2,59,36,1887,1138,1533,198,1,135982,10878,1887,1140,1535,1882,1137,1521,98,100,0,600,1918
reset_awldev_stress2,59,37,1885,1139,1532,203,1,135985,10878,1887,1140,1533,1883,1138,1521,98,100,0,600,1918
reset_awldev_stress2,59,38,1886,1139,1531,209,1,135992,10879,1887,1140,1537,1885,1137,1522,98,100,0,600,1915
reset_awldev_stress2,59,39,1879,1138,1522,214,1,135982,10878,1886,1140,1531,1879,1137,1517,98,100,0,600,1904
reset_awldev_stress2,59,40,1885,1138,1531,219,1,135990,10879,1885,1139,1533,1879,1138,1520,98,100,0,600,1918
reset_awldev_stress2,59,41,1882,1138,1520,225,1,135990,10879,1886,1140,1533,1882,1138,1519,98,100,0,600,1904
reset_awldev_stress2,59,42,1886,1138,1530,230,1,135998,10879,1886,1139,1534,1881,1137,1520,98,100,0,600,1918
reset_awldev_stress2,59,43,1884,1138,1530,235,1,135999,10879,1886,1140,1533,1882,1137,1520,98,100,0,600,1915
reset_awldev_stress2,59,44,1885,1139,1531,240,1,136001,10880,1885,1140,1533,1882,1138,1522,98,100,0,600,1915
reset_awldev_stress2,59,45,1884,1138,1531,245,1,136005,10880,1886,1140,1534,1884,1137,1522,98,100,0,600,1910
reset_awldev_stress2,59,46,1884,1139,1531,251,2,136006,10880,1885,1140,1532,1881,1138,1520,98,100,0,600,1918
reset_awldev_stress2,59,47,1885,1139,1531,256,2,136008,10880,1885,1140,1534,1882,1137,1520,98,100,0,600,1915
reset_awldev_stress2,59,48,1885,1137,1532,261,2,136036,10882,1885,1139,1534,1881,1137,1520,98,100,0,600,1918
reset_awldev_stress2,59,49,1883,1139,1522,267,2,136010,10880,1887,1140,1534,1883,1137,1520,98,100,0,600,1904
reset_awldev_stress2,59,50,1887,1139,1531,272,2,136018,10881,1887,1140,1538,1882,1138,1520,98,100,0,600,1918
reset_awldev_stress2,59,51,1887,1138,1532,277,2,136024,10881,1887,1140,1534,1885,1138,1522,98,100,0,600,1918
reset_awldev_stress2,59,52,1886,1138,1533,282,2,136027,10882,1887,1139,1601,1884,1137,1521,98,100,0,600,1918
reset_awldev_stress2,59,53,1888,1139,1533,288,2,136035,10882,1888,1140,1534,1886,1137,1523,98,100,0,600,1915
reset_awldev_stress2,59,54,1887,1139,1531,293,2,136041,10883,1889,1140,1549,1887,1138,1523,98,100,0,600,1918
reset_awldev_stress2,59,55,1889,1139,1522,298,2,136073,10885,1889,1140,1548,1887,1138,1522,98,100,0,600,1921
reset_awldev_stress2,59,56,1888,1139,1531,303,2,136055,10884,1889,1140,1535,1887,1138,1520,98,100,0,600,1918
reset_awldev_stress2,59,57,1886,1139,1531,309,2,136056,10884,1888,1140,1538,1883,1138,1520,98,100,0,600,1918
reset_awldev_stress2,59,58,1887,1139,1532,314,2,136084,10886,1888,1140,1534,1886,1138,1523,98,100,0,600,1918
Processed 59 lines from power meter
There were 0 errors in reading from the meter
