RunId,NumDataLines,SeqNum,Watts,Amps,WattHours,Cost,MoKWh,MoCost,MaxWatts,MaxVolts,MaxAmps,MinWatts,MinVolts,MinAmps,Factor,DutyCycle,PowerCycle
reset_tasdev_specfull1milc,250,0,2115,1141,1703,11,0,153706,12296,2116,1141,1752,2108,1139,1684,98,100,0,599,2149
reset_tasdev_specfull1milc,250,1,2113,1141,1688,17,0,153332,12266,2116,1141,1751,2113,1139,1685,98,100,0,600,2137
reset_tasdev_specfull1milc,250,2,2111,1141,1691,23,0,153477,12278,2113,1141,1720,2111,1139,1685,98,100,0,600,2137
reset_tasdev_specfull1milc,250,3,2114,1140,1704,29,0,153020,12241,2114,1141,1755,2111,1139,1685,98,100,0,600,2149
reset_tasdev_specfull1milc,250,4,2107,1141,1689,35,0,153022,12241,2184,1141,1790,2102,1139,1676,98,100,0,599,2149
reset_tasdev_specfull1milc,250,5,2113,1141,1692,40,0,153203,12256,2113,1141,1752,2106,1138,1685,98,100,0,600,2149
reset_tasdev_specfull1milc,250,6,2113,1139,1740,46,0,152941,12235,2114,1141,1752,2112,1139,1685,98,100,0,600,2137
reset_tasdev_specfull1milc,250,7,2112,1141,1709,52,0,152901,12232,2115,1141,1750,2112,1139,1684,98,100,0,600,2137
reset_tasdev_specfull1milc,250,8,2115,1141,1717,58,0,152899,12231,2115,1141,1750,2112,1139,1685,98,100,0,600,2143
reset_tasdev_specfull1milc,250,9,2112,1141,1680,64,0,153001,12240,2116,1141,1752,2112,1139,1680,98,100,0,600,2137
reset_tasdev_specfull1milc,250,10,2105,1140,1691,70,0,152780,12222,2112,1141,1750,2105,1139,1677,98,100,0,600,2129
reset_tasdev_specfull1milc,250,11,2106,1140,1686,76,0,152730,12218,2106,1141,1752,2105,1138,1677,98,100,0,600,2131
reset_tasdev_specfull1milc,250,12,2104,1141,1685,82,0,152678,12214,2106,1142,1752,2104,1139,1676,99,100,0,600,2123
reset_tasdev_specfull1milc,250,13,2107,1141,1707,87,0,152643,12211,2107,1141,1750,2104,1140,1675,98,100,0,600,2140
reset_tasdev_specfull1milc,250,14,2104,1140,1682,93,0,152682,12214,2107,1142,1747,2102,1139,1675,98,100,0,600,2140
reset_tasdev_specfull1milc,250,15,2103,1140,1693,99,0,152547,12203,2104,1142,1749,2103,1139,1674,99,100,0,600,2123
reset_tasdev_specfull1milc,250,16,2102,1141,1694,105,0,152591,12207,2104,1141,1747,2102,1139,1676,98,100,0,600,2129
reset_tasdev_specfull1milc,250,17,2105,1140,1699,111,0,152479,12198,2105,1141,1749,2102,1139,1675,98,100,0,600,2143
reset_tasdev_specfull1milc,250,18,2103,1140,1704,117,0,152448,12195,2105,1141,1743,2103,1140,1674,98,100,0,600,2134
reset_tasdev_specfull1milc,250,19,2103,1140,1699,123,0,152419,12193,2104,1141,1747,2101,1139,1675,98,100,0,600,2126
reset_tasdev_specfull1milc,250,20,2104,1140,1681,129,1,152399,12191,2105,1141,1750,2103,1138,1675,98,100,0,600,2134
reset_tasdev_specfull1milc,250,21,2104,1140,1681,134,1,152446,12195,2104,1141,1746,2103,1139,1675,98,100,0,600,2131
reset_tasdev_specfull1milc,250,22,2104,1140,1687,140,1,152365,12189,2107,1141,1750,2104,1139,1675,98,100,0,600,2126
reset_tasdev_specfull1milc,250,23,2103,1139,1697,146,1,152344,12187,2104,1141,1747,2101,1138,1676,98,100,0,600,2129
reset_tasdev_specfull1milc,250,24,2096,1140,1692,152,1,152303,12184,2103,1141,1731,2096,1139,1667,99,100,0,600,2114
reset_tasdev_specfull1milc,250,25,2091,1139,1678,158,1,152250,12180,2096,1141,1738,2091,1139,1665,98,100,0,600,2117
reset_tasdev_specfull1milc,250,26,2090,1140,1699,163,1,152206,12176,2091,1141,1734,2090,1139,1666,98,100,0,599,2114
reset_tasdev_specfull1milc,250,27,2090,1140,1685,169,1,152156,12172,2090,1141,1730,2088,1138,1669,98,100,0,600,2114
reset_tasdev_specfull1milc,250,28,2088,1140,1684,175,1,152112,12168,2090,1141,1733,2088,1139,1668,98,100,0,600,2112
reset_tasdev_specfull1milc,250,29,2088,1141,1684,181,1,152115,12169,2088,1141,1734,2087,1139,1667,98,100,0,600,2117
reset_tasdev_specfull1milc,250,30,2088,1140,1680,187,1,152075,12166,2088,1141,1736,2087,1139,1668,98,100,0,600,2120
reset_tasdev_specfull1milc,250,31,2087,1139,1678,193,1,152035,12162,2088,1141,1731,2087,1139,1670,98,100,0,600,2109
reset_tasdev_specfull1milc,250,32,2088,1140,1684,198,1,151953,12156,2088,1141,1732,2087,1139,1671,98,100,0,601,2114
reset_tasdev_specfull1milc,250,33,2087,1140,1687,204,1,151917,12153,2088,1141,1732,2086,1138,1670,98,100,0,601,2117
reset_tasdev_specfull1milc,250,34,2088,1140,1682,210,1,151885,12150,2088,1140,1731,2087,1139,1670,98,100,0,601,2120
reset_tasdev_specfull1milc,250,35,2087,1141,1677,216,1,151855,12148,2088,1141,1730,2087,1139,1670,98,100,0,601,2120
reset_tasdev_specfull1milc,250,36,2088,1141,1677,222,1,151828,12146,2088,1141,1732,2087,1138,1670,98,100,0,601,2120
reset_tasdev_specfull1milc,250,37,2087,1140,1676,228,1,151801,12144,2088,1141,1731,2086,1139,1670,98,100,0,601,2109
reset_tasdev_specfull1milc,250,38,2088,1140,1676,233,1,151813,12145,2088,1141,1732,2087,1139,1668,98,100,0,601,2114
reset_tasdev_specfull1milc,250,39,2087,1140,1686,239,1,151749,12139,2088,1141,1730,2087,1138,1668,98,100,0,601,2114
reset_tasdev_specfull1milc,250,40,2086,1141,1676,245,1,151722,12137,2087,1141,1732,2086,1139,1668,98,100,0,601,2109
reset_tasdev_specfull1milc,250,41,2087,1141,1679,251,2,151699,12135,2087,1141,1732,2085,1139,1667,98,100,0,601,2117
reset_tasdev_specfull1milc,250,42,2088,1141,1671,257,2,151680,12134,2089,1141,1731,2087,1139,1671,98,100,0,601,2120
reset_tasdev_specfull1milc,250,43,2089,1140,1681,262,2,151662,12132,2089,1142,1732,2087,1139,1671,98,100,0,601,2117
reset_tasdev_specfull1milc,250,44,2088,1139,1688,268,2,151675,12134,2089,1141,1731,2088,1139,1672,98,100,0,601,2117
reset_tasdev_specfull1milc,250,45,2088,1140,1684,274,2,151625,12130,2089,1141,1732,2087,1138,1672,98,100,0,601,2120
reset_tasdev_specfull1milc,250,46,2087,1140,1684,280,2,151608,12128,2089,1141,1733,2087,1139,1672,98,100,0,600,2112
reset_tasdev_specfull1milc,250,47,2089,1141,1684,286,2,151593,12127,2089,1141,1733,2087,1139,1672,98,100,0,600,2114
reset_tasdev_specfull1milc,250,48,2088,1139,1702,292,2,151578,12126,2089,1141,1731,2088,1138,1672,98,100,0,600,2112
reset_tasdev_specfull1milc,250,49,2088,1140,1682,297,2,151594,12127,2090,1141,1731,2088,1139,1672,98,100,0,600,2112
reset_tasdev_specfull1milc,250,50,2090,1140,1681,303,2,151550,12124,2090,1141,1733,2088,1138,1672,98,100,0,599,2114
reset_tasdev_specfull1milc,250,51,2088,1140,1683,309,2,151566,12125,2090,1141,1730,2088,1138,1672,98,100,0,600,2112
reset_tasdev_specfull1milc,250,52,2089,1140,1685,315,2,151524,12121,2089,1141,1733,2088,1139,1671,98,100,0,600,2117
reset_tasdev_specfull1milc,250,53,2087,1140,1687,321,2,151511,12120,2089,1141,1732,2087,1139,1672,98,100,0,599,2109
reset_tasdev_specfull1milc,250,54,2088,1140,1678,327,2,151498,12119,2088,1141,1732,2087,1139,1672,98,100,0,600,2120
reset_tasdev_specfull1milc,250,55,2092,1140,1691,332,2,151536,12122,2161,1141,1781,2088,1138,1663,98,100,0,600,2131
reset_tasdev_specfull1milc,250,56,2094,1139,1710,338,2,151508,12120,2095,1141,1736,2091,1139,1672,98,100,0,600,2120
reset_tasdev_specfull1milc,250,57,2095,1140,1694,344,2,151531,12122,2097,1141,1736,2094,1139,1671,98,100,0,600,2120
reset_tasdev_specfull1milc,250,58,2095,1140,1706,350,2,151503,12120,2096,1141,1734,2095,1139,1670,98,100,0,600,2123
reset_tasdev_specfull1milc,250,59,2096,1140,1685,356,2,151501,12120,2097,1141,1735,2095,1139,1670,99,100,0,600,2117
reset_tasdev_specfull1milc,250,60,2089,1140,1695,361,2,151531,12122,2150,1141,1779,2079,1139,1662,98,100,0,600,2126
reset_tasdev_specfull1milc,250,61,2094,1140,1689,367,2,151505,12120,2094,1141,1735,2089,1138,1670,98,100,0,600,2126
reset_tasdev_specfull1milc,250,62,2094,1140,1699,373,2,151502,12120,2095,1141,1735,2094,1139,1670,98,100,0,600,2126
reset_tasdev_specfull1milc,250,63,2096,1139,1692,379,3,151523,12121,2096,1141,1736,2094,1139,1670,98,100,0,600,2131
reset_tasdev_specfull1milc,250,64,2095,1140,1683,385,3,151497,12119,2097,1142,1737,2095,1138,1671,98,100,0,600,2123
reset_tasdev_specfull1milc,250,65,2092,1140,1676,391,3,151490,12119,2095,1141,1737,2092,1139,1664,98,100,0,599,2120
reset_tasdev_specfull1milc,250,66,2094,1140,1693,397,3,151487,12118,2095,1141,1744,2092,1139,1671,98,100,0,600,2120
reset_tasdev_specfull1milc,250,67,2095,1139,1678,402,3,151485,12118,2095,1141,1745,2093,1138,1671,98,100,0,600,2123
reset_tasdev_specfull1milc,250,68,2092,1140,1697,408,3,151480,12118,2096,1141,1716,2092,1139,1671,98,100,0,600,2120
reset_tasdev_specfull1milc,250,69,2096,1140,1679,414,3,151479,12118,2098,1141,1733,2092,1139,1672,99,100,0,600,2114
reset_tasdev_specfull1milc,250,70,2095,1140,1695,420,3,151478,12118,2096,1141,1745,2095,1138,1672,98,100,0,600,2120
reset_tasdev_specfull1milc,250,71,2096,1139,1692,426,3,151478,12118,2097,1141,1745,2095,1139,1672,98,100,0,600,2120
reset_tasdev_specfull1milc,250,72,2097,1139,1691,432,3,151477,12118,2098,1140,1746,2096,1139,1673,98,100,0,600,2123
reset_tasdev_specfull1milc,250,73,2099,1139,1682,437,3,151479,12118,2099,1141,1739,2096,1138,1672,98,100,0,600,2137
reset_tasdev_specfull1milc,250,74,2098,1139,1682,443,3,151499,12119,2100,1141,1745,2097,1138,1672,98,100,0,599,2129
reset_tasdev_specfull1milc,250,75,2097,1140,1706,449,3,151479,12118,2098,1141,1746,2096,1138,1672,98,100,0,600,2129
reset_tasdev_specfull1milc,250,76,2096,1140,1679,455,3,151497,12119,2098,1141,1744,2096,1138,1672,98,100,0,600,2123
reset_tasdev_specfull1milc,250,77,2097,1140,1686,461,3,151477,12118,2097,1141,1740,2095,1139,1672,98,100,0,600,2134
reset_tasdev_specfull1milc,250,78,2095,1140,1686,467,3,151476,12118,2098,1141,1746,2095,1139,1672,98,100,0,599,2120
reset_tasdev_specfull1milc,250,79,2099,1140,1716,473,3,151479,12118,2099,1141,1745,2095,1138,1673,98,100,0,600,2131
reset_tasdev_specfull1milc,250,80,2098,1140,1703,478,3,151479,12118,2100,1141,1749,2097,1139,1675,98,100,0,601,2131
reset_tasdev_specfull1milc,250,81,2099,1140,1680,484,3,151480,12118,2100,1141,1748,2098,1139,1675,98,100,0,601,2131
reset_tasdev_specfull1milc,250,82,2101,1139,1692,490,3,151483,12118,2101,1141,1750,2098,1138,1676,98,100,0,601,2131
reset_tasdev_specfull1milc,250,83,2099,1139,1692,496,3,151484,12118,2101,1140,1748,2098,1138,1679,98,100,0,601,2131
reset_tasdev_specfull1milc,250,84,2098,1140,1694,502,4,151483,12118,2099,1140,1742,2097,1138,1679,98,100,0,601,2123
reset_tasdev_specfull1milc,250,85,2097,1139,1690,508,4,151482,12118,2098,1140,1739,2097,1138,1679,98,100,0,601,2123
reset_tasdev_specfull1milc,250,86,2097,1140,1686,514,4,151499,12119,2097,1140,1741,2096,1139,1679,98,100,0,601,2123
reset_tasdev_specfull1milc,250,87,2097,1139,1684,519,4,151481,12118,2098,1141,1744,2096,1139,1682,98,100,0,601,2123
reset_tasdev_specfull1milc,250,88,2096,1140,1693,525,4,151480,12118,2098,1140,1739,2096,1138,1682,98,100,0,601,2123
reset_tasdev_specfull1milc,250,89,2099,1139,1689,531,4,151483,12118,2099,1140,1744,2096,1138,1681,98,100,0,601,2131
reset_tasdev_specfull1milc,250,90,2098,1139,1694,537,4,151499,12119,2100,1140,1748,2097,1138,1681,98,100,0,600,2131
reset_tasdev_specfull1milc,250,91,2097,1140,1688,543,4,151499,12119,2099,1140,1740,2097,1138,1681,98,100,0,601,2120
reset_tasdev_specfull1milc,250,92,2096,1140,1713,548,4,151482,12118,2097,1140,1744,2096,1137,1680,98,100,0,601,2126
reset_tasdev_specfull1milc,250,93,2098,1140,1689,554,4,151482,12118,2099,1140,1742,2096,1138,1681,98,100,0,601,2123
reset_tasdev_specfull1milc,250,94,2097,1139,1685,560,4,151481,12118,2098,1141,1741,2097,1138,1679,98,100,0,601,2123
reset_tasdev_specfull1milc,250,95,2095,1139,1687,566,4,151479,12118,2097,1140,1703,2095,1137,1679,98,100,0,601,2123
reset_tasdev_specfull1milc,250,96,2098,1139,1692,572,4,151480,12118,2098,1140,1747,2095,1138,1679,98,100,0,601,2131
reset_tasdev_specfull1milc,250,97,2099,1139,1695,578,4,151481,12118,2099,1140,1742,2097,1138,1680,98,100,0,600,2126
reset_tasdev_specfull1milc,250,98,2101,1139,1693,584,4,151485,12118,2101,1140,1748,2099,1137,1684,98,100,0,600,2129
reset_tasdev_specfull1milc,250,99,2100,1140,1691,590,4,151487,12118,2102,1140,1745,2100,1138,1683,98,100,0,600,2131
reset_tasdev_specfull1milc,250,100,2099,1139,1708,595,4,151488,12119,2100,1140,1742,2099,1138,1682,99,100,0,600,2120
reset_tasdev_specfull1milc,250,101,2098,1140,1682,601,4,151487,12119,2099,1140,1738,2098,1138,1680,98,100,0,599,2123
reset_tasdev_specfull1milc,250,102,2100,1139,1681,607,4,151504,12120,2100,1140,1744,2097,1139,1680,98,100,0,600,2129
reset_tasdev_specfull1milc,250,103,2099,1140,1689,613,4,151490,12119,2100,1140,1744,2097,1138,1680,98,100,0,600,2131
reset_tasdev_specfull1milc,250,104,2099,1139,1693,619,4,151491,12119,2100,1141,1737,2098,1138,1680,98,100,0,600,2126
reset_tasdev_specfull1milc,250,105,2097,1139,1684,624,5,151490,12119,2099,1140,1742,2097,1138,1680,98,100,0,600,2123
reset_tasdev_specfull1milc,250,106,2096,1140,1686,630,5,151489,12119,2098,1140,1737,2096,1138,1680,98,100,0,599,2123
reset_tasdev_specfull1milc,250,107,2099,1139,1692,636,5,151505,12120,2099,1140,1738,2096,1137,1682,99,100,0,600,2120
reset_tasdev_specfull1milc,250,108,2098,1140,1690,642,5,151491,12119,2099,1140,1738,2098,1138,1681,98,100,0,600,2129
reset_tasdev_specfull1milc,250,109,2099,1139,1693,648,5,151492,12119,2099,1140,1744,2098,1138,1682,98,100,0,600,2129
reset_tasdev_specfull1milc,250,110,2100,1140,1716,654,5,151493,12119,2100,1140,1738,2098,1138,1681,98,100,0,600,2129
reset_tasdev_specfull1milc,250,111,2103,1140,1719,660,5,151498,12119,2108,1141,1787,2099,1138,1672,98,100,0,600,2129
reset_tasdev_specfull1milc,250,112,2098,1140,1692,666,5,151497,12119,2104,1140,1746,2098,1138,1674,98,100,0,599,2129
reset_tasdev_specfull1milc,250,113,2095,1139,1679,671,5,151494,12119,2098,1140,1744,2095,1137,1674,98,100,0,600,2120
reset_tasdev_specfull1milc,250,114,2093,1140,1677,677,5,151492,12119,2095,1141,1734,2093,1138,1669,98,100,0,599,2120
reset_tasdev_specfull1milc,250,115,2103,1140,1696,683,5,151497,12119,2103,1140,1747,2093,1138,1674,98,100,0,600,2129
reset_tasdev_specfull1milc,250,116,2105,1140,1682,689,5,151502,12120,2106,1140,1747,2103,1139,1680,98,100,0,600,2129
reset_tasdev_specfull1milc,250,117,2105,1139,1712,695,5,151508,12120,2107,1140,1746,2105,1138,1680,98,100,0,600,2131
reset_tasdev_specfull1milc,250,118,2104,1140,1695,701,5,151511,12120,2106,1141,1743,2104,1138,1680,98,100,0,599,2129
reset_tasdev_specfull1milc,250,119,2102,1140,1683,706,5,151514,12121,2107,1141,1756,2102,1139,1672,99,100,0,600,2117
reset_tasdev_specfull1milc,250,120,2102,1139,1705,712,5,151535,12122,2196,1141,1787,2100,1138,1671,98,100,0,599,2134
reset_tasdev_specfull1milc,250,121,2104,1141,1694,718,5,151539,12123,2105,1141,1746,2102,1139,1680,98,100,0,600,2129
reset_tasdev_specfull1milc,250,122,2103,1139,1708,724,5,151529,12122,2105,1141,1747,2103,1139,1680,98,100,0,600,2131
reset_tasdev_specfull1milc,250,123,2105,1140,1690,730,5,151546,12123,2105,1141,1748,2103,1138,1680,98,100,0,601,2137
reset_tasdev_specfull1milc,250,124,2113,1140,1705,736,5,151542,12123,2113,1141,1786,2105,1138,1680,97,100,0,601,2177
reset_tasdev_specfull1milc,250,125,2106,1139,1684,742,5,151545,12123,2113,1140,1744,2106,1138,1671,98,100,0,601,2129
reset_tasdev_specfull1milc,250,126,2105,1140,1696,748,5,151548,12123,2106,1140,1746,2104,1137,1681,98,100,0,601,2129
reset_tasdev_specfull1milc,250,127,2104,1140,1686,753,6,151562,12125,2105,1140,1747,2103,1138,1680,98,100,0,601,2134
reset_tasdev_specfull1milc,250,128,2106,1140,1700,759,6,151567,12125,2106,1140,1748,2103,1138,1681,98,100,0,600,2131
reset_tasdev_specfull1milc,250,129,2102,1140,1693,765,6,151569,12125,2106,1140,1746,2102,1138,1681,99,100,0,600,2123
reset_tasdev_specfull1milc,250,130,2099,1140,1694,771,6,151568,12125,2102,1140,1745,2099,1138,1688,98,100,0,599,2123
reset_tasdev_specfull1milc,250,131,2098,1139,1696,777,6,151557,12124,2099,1140,1751,2098,1138,1688,98,100,0,601,2126
reset_tasdev_specfull1milc,250,132,2096,1140,1685,783,6,151555,12124,2098,1140,1707,2096,1137,1674,98,100,0,601,2120
reset_tasdev_specfull1milc,250,133,2096,1139,1676,788,6,151554,12124,2098,1140,1748,2096,1138,1672,98,100,0,601,2123
reset_tasdev_specfull1milc,250,134,2095,1139,1682,794,6,151552,12124,2096,1140,1744,2093,1136,1672,98,100,0,601,2123
reset_tasdev_specfull1milc,250,135,2094,1139,1704,800,6,151549,12123,2095,1140,1744,2094,1137,1672,98,100,0,601,2123
reset_tasdev_specfull1milc,250,136,2094,1139,1705,806,6,151547,12123,2095,1140,1738,2093,1138,1672,98,100,0,601,2123
reset_tasdev_specfull1milc,250,137,2096,1140,1692,812,6,151546,12123,2097,1140,1747,2093,1138,1672,98,100,0,601,2129
reset_tasdev_specfull1milc,250,138,2093,1140,1687,818,6,151543,12123,2097,1141,1740,2092,1138,1671,99,100,0,601,2114
reset_tasdev_specfull1milc,250,139,2094,1140,1676,824,6,151540,12123,2094,1141,1736,2092,1139,1672,98,100,0,601,2123
reset_tasdev_specfull1milc,250,140,2095,1140,1676,829,6,151549,12123,2095,1141,1741,2093,1139,1671,98,100,0,601,2129
reset_tasdev_specfull1milc,250,141,2098,1141,1703,835,6,151549,12123,2098,1141,1739,2094,1138,1671,98,100,0,601,2134
reset_tasdev_specfull1milc,250,142,2095,1140,1675,841,6,151536,12122,2098,1141,1737,2094,1139,1670,98,100,0,600,2131
reset_tasdev_specfull1milc,250,143,2094,1139,1681,847,6,151534,12122,2095,1141,1745,2094,1139,1671,98,100,0,600,2117
reset_tasdev_specfull1milc,250,144,2094,1140,1701,853,6,151533,12122,2096,1141,1738,2094,1138,1672,98,100,0,600,2117
reset_tasdev_specfull1milc,250,145,2099,1140,1686,858,6,151533,12122,2099,1141,1744,2094,1138,1672,98,100,0,600,2131
reset_tasdev_specfull1milc,250,146,2095,1140,1681,864,6,151532,12122,2099,1141,1738,2095,1139,1672,98,100,0,600,2120
reset_tasdev_specfull1milc,250,147,2097,1140,1688,870,6,151532,12122,2098,1141,1744,2095,1138,1672,98,100,0,600,2123
reset_tasdev_specfull1milc,250,148,2095,1141,1698,876,7,151531,12122,2098,1141,1743,2095,1139,1672,98,100,0,599,2120
reset_tasdev_specfull1milc,250,149,2096,1140,1701,882,7,151530,12122,2098,1141,1745,2095,1139,1671,98,100,0,600,2120
reset_tasdev_specfull1milc,250,150,2099,1141,1694,888,7,151542,12123,2100,1141,1744,2096,1139,1675,98,100,0,600,2123
reset_tasdev_specfull1milc,250,151,2101,1140,1696,894,7,151534,12122,2102,1141,1744,2099,1139,1677,98,100,0,600,2131
reset_tasdev_specfull1milc,250,152,2101,1140,1685,899,7,151535,12122,2102,1141,1745,2100,1140,1677,98,100,0,600,2129
reset_tasdev_specfull1milc,250,153,2100,1140,1693,905,7,151536,12122,2101,1141,1746,2100,1139,1677,98,100,0,600,2123
reset_tasdev_specfull1milc,250,154,2101,1140,1686,911,7,151538,12123,2101,1141,1744,2100,1139,1681,98,100,0,600,2131
reset_tasdev_specfull1milc,250,155,2097,1140,1675,917,7,151547,12123,2102,1141,1747,2097,1139,1670,99,100,0,600,2117
reset_tasdev_specfull1milc,250,156,2089,1140,1728,923,7,151532,12122,2097,1141,1728,2089,1139,1669,98,100,0,600,2114
reset_tasdev_specfull1milc,250,157,2088,1140,1686,929,7,151528,12122,2090,1141,1733,2088,1138,1669,99,100,0,600,2109
reset_tasdev_specfull1milc,250,158,2088,1139,1685,935,7,151523,12121,2088,1141,1729,2087,1139,1668,99,100,0,600,2109
reset_tasdev_specfull1milc,250,159,2088,1141,1678,940,7,151519,12121,2089,1141,1733,2088,1139,1669,99,100,0,600,2109
reset_tasdev_specfull1milc,250,160,2088,1141,1684,946,7,151514,12121,2088,1141,1732,2087,1138,1669,98,100,0,600,2120
reset_tasdev_specfull1milc,250,161,2087,1140,1681,952,7,151510,12120,2088,1141,1728,2087,1139,1669,98,100,0,600,2120
reset_tasdev_specfull1milc,250,162,2087,1140,1724,958,7,151506,12120,2088,1141,1732,2087,1139,1668,98,100,0,600,2114
reset_tasdev_specfull1milc,250,163,2087,1140,1672,964,7,151500,12120,2088,1141,1731,2086,1139,1668,98,100,0,600,2114
reset_tasdev_specfull1milc,250,164,2086,1141,1675,969,7,151504,12120,2088,1141,1732,2086,1139,1668,98,100,0,600,2109
reset_tasdev_specfull1milc,250,165,2088,1140,1681,975,7,151491,12119,2088,1141,1732,2086,1139,1668,98,100,0,600,2120
reset_tasdev_specfull1milc,250,166,2091,1141,1686,981,7,151489,12119,2091,1141,1737,2088,1139,1670,98,100,0,601,2126
reset_tasdev_specfull1milc,250,167,2095,1141,1695,987,7,151489,12119,2095,1142,1743,2091,1140,1680,98,100,0,601,2123
reset_tasdev_specfull1milc,250,168,2101,1140,1688,993,7,151490,12119,2101,1142,1746,2095,1140,1682,98,100,0,601,2131
reset_tasdev_specfull1milc,250,169,2097,1141,1708,999,7,151490,12119,2101,1141,1737,2097,1139,1680,98,100,0,601,2123
reset_tasdev_specfull1milc,250,170,2099,1141,1703,1004,8,151491,12119,2099,1142,1741,2097,1140,1681,98,100,0,601,2126
reset_tasdev_specfull1milc,250,171,2098,1141,1711,1010,8,151501,12120,2100,1142,1739,2098,1140,1680,98,100,0,601,2123
reset_tasdev_specfull1milc,250,172,2099,1140,1720,1016,8,151493,12119,2101,1142,1747,2098,1139,1681,98,100,0,601,2123
reset_tasdev_specfull1milc,250,173,2099,1141,1713,1022,8,151494,12119,2101,1141,1743,2099,1139,1681,98,100,0,601,2123
reset_tasdev_specfull1milc,250,174,2100,1141,1698,1028,8,151495,12119,2101,1141,1743,2099,1139,1681,98,100,0,601,2123
reset_tasdev_specfull1milc,250,175,2100,1140,1691,1034,8,151496,12119,2101,1141,1747,2099,1138,1682,98,100,0,601,2123
reset_tasdev_specfull1milc,250,176,2101,1141,1686,1039,8,151498,12119,2101,1141,1742,2100,1139,1684,98,100,0,601,2129
reset_tasdev_specfull1milc,250,177,2101,1140,1694,1045,8,151499,12119,2101,1141,1747,2100,1139,1682,98,100,0,601,2126
reset_tasdev_specfull1milc,250,178,2100,1139,1753,1051,8,151500,12120,2101,1141,1753,2099,1139,1681,98,100,0,601,2134
reset_tasdev_specfull1milc,250,179,2112,1145,1709,1057,8,151516,12121,2178,1146,1786,2100,1139,1665,98,100,0,601,2134
reset_tasdev_specfull1milc,250,180,2109,1140,1695,1063,8,151511,12120,2112,1146,1746,2109,1139,1675,98,100,0,601,2137
reset_tasdev_specfull1milc,250,181,2106,1140,1705,1069,8,151514,12121,2109,1141,1748,2106,1138,1681,98,100,0,601,2131
reset_tasdev_specfull1milc,250,182,2107,1140,1691,1075,8,151518,12121,2107,1143,1748,2106,1138,1678,98,100,0,601,2134
reset_tasdev_specfull1milc,250,183,2115,1139,1690,1081,8,151525,12122,2115,1140,1787,2107,1138,1674,97,100,0,601,2166
reset_tasdev_specfull1milc,250,184,2108,1140,1714,1087,8,151528,12122,2115,1140,1749,2108,1138,1673,98,100,0,601,2131
reset_tasdev_specfull1milc,250,185,2105,1140,1682,1092,8,151530,12122,2108,1140,1749,2105,1138,1681,99,100,0,601,2126
reset_tasdev_specfull1milc,250,186,2105,1139,1685,1098,8,151533,12122,2106,1140,1749,2104,1138,1681,99,100,0,601,2126
reset_tasdev_specfull1milc,250,187,2106,1139,1693,1104,8,151535,12122,2106,1140,1750,2104,1139,1681,98,100,0,601,2143
reset_tasdev_specfull1milc,250,188,2103,1140,1692,1110,8,151538,12123,2108,1140,1751,2103,1138,1682,99,100,0,601,2123
reset_tasdev_specfull1milc,250,189,2100,1140,1693,1116,8,151538,12123,2103,1140,1752,2100,1139,1689,98,100,0,600,2126
reset_tasdev_specfull1milc,250,190,2098,1140,1695,1122,8,151545,12123,2100,1140,1697,2098,1139,1689,98,100,0,600,2126
reset_tasdev_specfull1milc,250,191,2098,1140,1686,1127,9,151538,12123,2098,1141,1742,2097,1138,1673,98,100,0,600,2129
reset_tasdev_specfull1milc,250,192,2098,1140,1683,1133,9,151538,12123,2100,1141,1747,2098,1139,1674,98,100,0,600,2129
reset_tasdev_specfull1milc,250,193,2100,1139,1692,1139,9,151539,12123,2100,1141,1748,2098,1139,1674,98,100,0,600,2126
reset_tasdev_specfull1milc,250,194,2098,1140,1694,1145,9,151547,12123,2100,1141,1744,2098,1138,1674,98,100,0,600,2123
reset_tasdev_specfull1milc,250,195,2098,1141,1730,1151,9,151539,12123,2100,1141,1745,2098,1138,1674,98,100,0,599,2120
reset_tasdev_specfull1milc,250,196,2102,1141,1679,1157,9,151541,12123,2102,1141,1744,2098,1139,1674,98,100,0,599,2129
reset_tasdev_specfull1milc,250,197,2100,1140,1701,1163,9,151548,12123,2102,1141,1748,2098,1138,1674,98,100,0,600,2134
reset_tasdev_specfull1milc,250,198,2099,1139,1697,1169,9,151541,12123,2100,1140,1751,2099,1138,1676,98,100,0,600,2123
reset_tasdev_specfull1milc,250,199,2099,1139,1689,1174,9,151541,12123,2100,1141,1745,2099,1139,1674,98,100,0,600,2123
reset_tasdev_specfull1milc,250,200,2102,1139,1681,1180,9,151550,12124,2102,1141,1749,2098,1138,1676,98,100,0,600,2129
reset_tasdev_specfull1milc,250,201,2097,1139,1699,1186,9,151542,12123,2102,1140,1748,2097,1138,1674,99,100,0,600,2117
reset_tasdev_specfull1milc,250,202,2098,1140,1678,1192,9,151543,12123,2100,1141,1745,2097,1138,1675,98,100,0,600,2126
reset_tasdev_specfull1milc,250,203,2100,1140,1681,1198,9,151543,12123,2100,1140,1748,2097,1138,1675,98,100,0,600,2129
reset_tasdev_specfull1milc,250,204,2101,1140,1701,1203,9,151545,12123,2101,1141,1745,2099,1139,1675,98,100,0,600,2131
reset_tasdev_specfull1milc,250,205,2101,1139,1689,1209,9,151545,12123,2103,1140,1749,2100,1138,1675,98,100,0,600,2134
reset_tasdev_specfull1milc,250,206,2100,1140,1708,1215,9,151546,12123,2103,1141,1749,2100,1138,1674,98,100,0,600,2129
reset_tasdev_specfull1milc,250,207,2100,1139,1691,1221,9,151546,12123,2101,1141,1751,2099,1138,1675,98,100,0,600,2129
reset_tasdev_specfull1milc,250,208,2100,1141,1691,1227,9,151547,12123,2100,1141,1748,2099,1139,1675,98,100,0,600,2131
reset_tasdev_specfull1milc,250,209,2099,1140,1688,1233,9,151547,12123,2101,1141,1743,2099,1138,1678,98,100,0,600,2123
reset_tasdev_specfull1milc,250,210,2096,1140,1689,1239,9,151546,12123,2099,1140,1701,2096,1139,1678,98,100,0,599,2123
reset_tasdev_specfull1milc,250,211,2096,1140,1688,1245,9,151545,12123,2096,1140,1705,2096,1138,1678,98,100,0,600,2123
reset_tasdev_specfull1milc,250,212,2098,1140,1694,1250,10,151545,12123,2098,1140,1743,2096,1138,1678,98,100,0,599,2137
reset_tasdev_specfull1milc,250,213,2098,1140,1702,1256,10,151545,12123,2099,1140,1744,2097,1138,1681,98,100,0,600,2126
reset_tasdev_specfull1milc,250,214,2098,1140,1689,1262,10,151545,12123,2100,1141,1743,2098,1139,1681,98,100,0,599,2123
reset_tasdev_specfull1milc,250,215,2098,1140,1692,1268,10,151545,12123,2099,1140,1744,2098,1139,1681,98,100,0,600,2126
reset_tasdev_specfull1milc,250,216,2099,1140,1683,1274,10,151552,12124,2099,1141,1743,2097,1138,1680,98,100,0,599,2134
reset_tasdev_specfull1milc,250,217,2097,1139,1693,1279,10,151545,12123,2099,1141,1741,2097,1139,1679,98,100,0,600,2126
reset_tasdev_specfull1milc,250,218,2099,1140,1688,1285,10,151545,12123,2099,1140,1746,2097,1138,1680,98,100,0,600,2131
reset_tasdev_specfull1milc,250,219,2097,1140,1684,1291,10,151545,12123,2099,1141,1738,2097,1137,1679,98,100,0,599,2126
reset_tasdev_specfull1milc,250,220,2097,1140,1690,1297,10,151545,12123,2098,1141,1746,2097,1139,1679,98,100,0,600,2126
reset_tasdev_specfull1milc,250,221,2098,1139,1689,1303,10,151544,12123,2098,1141,1746,2097,1139,1678,98,100,0,600,2123
reset_tasdev_specfull1milc,250,222,2097,1140,1683,1309,10,151544,12123,2098,1141,1739,2096,1138,1678,98,100,0,600,2131
reset_tasdev_specfull1milc,250,223,2096,1139,1688,1315,10,151543,12123,2098,1140,1741,2096,1138,1678,98,100,0,600,2123
reset_tasdev_specfull1milc,250,224,2098,1139,1705,1321,10,151544,12123,2099,1141,1747,2096,1138,1679,98,100,0,600,2126
reset_tasdev_specfull1milc,250,225,2100,1138,1690,1326,10,151544,12123,2101,1140,1747,2098,1138,1682,98,100,0,600,2126
reset_tasdev_specfull1milc,250,226,2099,1139,1714,1332,10,151544,12123,2100,1140,1744,2099,1138,1682,98,100,0,599,2123
reset_tasdev_specfull1milc,250,227,2100,1140,1685,1338,10,151545,12123,2100,1140,1742,2099,1138,1683,98,100,0,600,2126
reset_tasdev_specfull1milc,250,228,2100,1139,1698,1344,10,151546,12123,2101,1140,1742,2099,1137,1683,98,100,0,600,2126
reset_tasdev_specfull1milc,250,229,2099,1140,1706,1350,10,151553,12124,2100,1140,1741,2099,1138,1683,98,100,0,600,2123
reset_tasdev_specfull1milc,250,230,2100,1139,1728,1356,10,151553,12124,2100,1140,1749,2099,1138,1683,98,100,0,600,2126
reset_tasdev_specfull1milc,250,231,2101,1139,1700,1361,10,151548,12123,2101,1140,1749,2100,1137,1682,98,100,0,600,2123
reset_tasdev_specfull1milc,250,232,2099,1140,1691,1367,10,151548,12123,2101,1140,1742,2099,1138,1682,98,100,0,600,2126
reset_tasdev_specfull1milc,250,233,2100,1139,1700,1373,10,151549,12123,2101,1140,1744,2099,1138,1681,98,100,0,600,2134
reset_tasdev_specfull1milc,250,234,2099,1139,1704,1379,11,151549,12123,2100,1140,1746,2099,1137,1679,98,100,0,600,2123
reset_tasdev_specfull1milc,250,235,2101,1139,1687,1385,11,151550,12124,2102,1140,1746,2099,1138,1682,98,100,0,599,2123
reset_tasdev_specfull1milc,250,236,2102,1140,1691,1391,11,151557,12124,2102,1141,1747,2100,1139,1682,98,100,0,600,2137
reset_tasdev_specfull1milc,250,237,2102,1140,1693,1397,11,151552,12124,2103,1141,1744,2102,1138,1682,98,100,0,600,2126
reset_tasdev_specfull1milc,250,238,2105,1139,1706,1402,11,151555,12124,2109,1140,1788,2102,1139,1674,98,100,0,599,2134
reset_tasdev_specfull1milc,250,239,2098,1139,1683,1408,11,151554,12124,2105,1140,1742,2098,1138,1673,98,100,0,600,2131
reset_tasdev_specfull1milc,250,240,2096,1139,1704,1414,11,151553,12124,2099,1141,1740,2095,1139,1674,98,100,0,600,2120
reset_tasdev_specfull1milc,250,241,2095,1140,1692,1420,11,151552,12124,2096,1141,1741,2093,1138,1669,98,100,0,600,2129
reset_tasdev_specfull1milc,250,242,2104,1140,1697,1426,11,151554,12124,2104,1141,1743,2095,1138,1680,98,100,0,600,2131
reset_tasdev_specfull1milc,250,243,2105,1139,1714,1432,11,151556,12124,2105,1140,1750,2103,1138,1680,98,100,0,600,2140
reset_tasdev_specfull1milc,250,244,2105,1139,1688,1438,11,151558,12124,2105,1140,1747,2104,1137,1680,98,100,0,600,2131
reset_tasdev_specfull1milc,250,245,2106,1139,1713,1443,11,151560,12124,2107,1140,1745,2105,1138,1680,98,100,0,600,2131
reset_tasdev_specfull1milc,250,246,2102,1140,1689,1449,11,151567,12125,2108,1140,1750,2102,1138,1681,99,100,0,600,2123
reset_tasdev_specfull1milc,250,247,2098,1139,1689,1455,11,151567,12125,2102,1140,1747,2098,1138,1687,98,100,0,600,2123
reset_tasdev_specfull1milc,250,248,2097,1140,1690,1461,11,151560,12124,2098,1140,1695,2097,1138,1687,98,100,0,600,2123
reset_tasdev_specfull1milc,250,249,2114,1140,1734,1467,11,151565,12125,2114,1140,1761,2096,1139,1684,96,100,0,600,2180
Processed 250 lines from power meter
There were 0 errors in reading from the meter
