RunId,NumDataLines,SeqNum,Watts,Amps,WattHours,Cost,MoKWh,MoCost,MaxWatts,MaxVolts,MaxAmps,MinWatts,MinVolts,MinAmps,Factor,DutyCycle,PowerCycle
reset_tasdev_spec4mixF,479,0,2144,1136,1728,11,0,155761,12460,2193,1137,1815,2136,1134,1682,99,100,0,600,2160
reset_tasdev_spec4mixF,479,1,2140,1136,1715,17,0,155298,12423,2145,1137,1779,2139,1135,1686,98,100,0,600,2166
reset_tasdev_spec4mixF,479,2,2144,1137,1726,23,0,155196,12415,2144,1137,1771,2139,1134,1699,97,100,0,600,2188
reset_tasdev_spec4mixF,479,3,2142,1136,1724,29,0,155401,12432,2144,1137,1769,2142,1135,1697,98,100,0,600,2177
reset_tasdev_spec4mixF,479,4,2141,1136,1708,35,0,155009,12400,2143,1137,1765,2140,1135,1700,98,100,0,600,2166
reset_tasdev_spec4mixF,479,5,2140,1136,1723,41,0,154946,12395,2142,1137,1772,2139,1134,1700,99,100,0,600,2160
reset_tasdev_spec4mixF,479,6,2146,1136,1734,47,0,154985,12398,2150,1137,1803,2140,1135,1703,99,100,0,600,2163
reset_tasdev_spec4mixF,479,7,2148,1136,1721,53,0,154994,12399,2148,1137,1774,2144,1135,1705,98,100,0,600,2174
reset_tasdev_spec4mixF,479,8,2143,1136,1721,59,0,154955,12396,2148,1137,1766,2143,1135,1697,98,100,0,600,2174
reset_tasdev_spec4mixF,479,9,2141,1137,1721,65,0,154919,12393,2143,1137,1768,2140,1135,1697,98,100,0,600,2163
reset_tasdev_spec4mixF,479,10,2141,1136,1731,71,0,155093,12407,2198,1137,1824,2140,1135,1698,98,100,0,600,2168
reset_tasdev_spec4mixF,479,11,2141,1136,1732,77,0,154929,12394,2141,1138,1766,2137,1136,1697,98,100,0,600,2171
reset_tasdev_spec4mixF,479,12,2142,1136,1732,83,0,154908,12392,2142,1138,1762,2139,1134,1702,98,100,0,600,2168
reset_tasdev_spec4mixF,479,13,2138,1136,1745,89,0,154872,12389,2142,1138,1755,2138,1136,1698,99,100,0,600,2157
reset_tasdev_spec4mixF,479,14,2139,1136,1732,95,0,154856,12388,2141,1138,1764,2138,1136,1700,98,100,0,600,2168
reset_tasdev_spec4mixF,479,15,2139,1136,1733,101,0,154839,12387,2141,1138,1767,2138,1135,1696,98,100,0,600,2168
reset_tasdev_spec4mixF,479,16,2133,1136,1734,107,0,154800,12384,2142,1138,1766,2133,1135,1668,99,100,0,599,2134
reset_tasdev_spec4mixF,479,17,2132,1137,1726,113,0,154749,12379,2133,1138,1759,2130,1136,1687,98,100,0,600,2166
reset_tasdev_spec4mixF,479,18,2133,1137,1729,118,0,154714,12377,2134,1137,1757,2131,1135,1696,98,100,0,600,2163
reset_tasdev_spec4mixF,479,19,2132,1137,1711,124,0,154672,12373,2134,1137,1761,2130,1136,1688,98,100,0,600,2168
reset_tasdev_spec4mixF,479,20,2134,1137,1719,130,1,154649,12371,2134,1137,1761,2131,1136,1696,98,100,0,600,2168
reset_tasdev_spec4mixF,479,21,2134,1137,1711,136,1,154624,12369,2135,1137,1769,2132,1135,1692,98,100,0,600,2163
reset_tasdev_spec4mixF,479,22,2136,1137,1720,142,1,154613,12369,2137,1138,1763,2133,1136,1695,98,100,0,600,2168
reset_tasdev_spec4mixF,479,23,2121,1137,1722,148,1,154540,12363,2136,1138,1758,2121,1136,1675,99,100,0,600,2140
reset_tasdev_spec4mixF,479,24,2128,1137,1723,154,1,154515,12361,2128,1138,1763,2121,1136,1679,98,100,0,599,2154
reset_tasdev_spec4mixF,479,25,2131,1137,1732,160,1,154498,12359,2132,1138,1765,2128,1136,1695,98,100,0,600,2154
reset_tasdev_spec4mixF,479,26,2134,1136,1730,166,1,154487,12358,2134,1137,1764,2131,1136,1697,98,100,0,600,2163
reset_tasdev_spec4mixF,479,27,2134,1137,1722,172,1,154530,12362,2136,1137,1759,2134,1134,1695,99,100,0,601,2154
reset_tasdev_spec4mixF,479,28,2137,1137,1715,178,1,154471,12357,2137,1137,1765,2133,1135,1701,98,100,0,601,2168
reset_tasdev_spec4mixF,479,29,2134,1137,1720,184,1,154455,12356,2137,1137,1763,2132,1135,1695,98,100,0,601,2166
reset_tasdev_spec4mixF,479,30,2135,1135,1734,190,1,154446,12355,2135,1137,1762,2133,1134,1695,98,100,0,601,2168
reset_tasdev_spec4mixF,479,31,2137,1135,1732,196,1,154445,12355,2138,1137,1767,2135,1135,1698,98,100,0,601,2174
reset_tasdev_spec4mixF,479,32,2135,1137,1711,202,1,154435,12354,2137,1137,1758,2135,1135,1697,98,100,0,601,2160
reset_tasdev_spec4mixF,479,33,2130,1137,1715,208,1,154420,12353,2135,1137,1764,2130,1135,1681,99,100,0,601,2134
reset_tasdev_spec4mixF,479,34,2117,1136,1711,213,1,154367,12349,2130,1138,1749,2117,1136,1670,98,100,0,601,2146
reset_tasdev_spec4mixF,479,35,2128,1136,1729,219,1,154348,12347,2128,1138,1760,2114,1135,1676,98,100,0,601,2168
reset_tasdev_spec4mixF,479,36,2132,1136,1728,225,1,154340,12347,2132,1137,1761,2128,1134,1698,98,100,0,601,2166
reset_tasdev_spec4mixF,479,37,2132,1136,1743,231,1,154336,12346,2135,1137,1769,2132,1135,1695,98,100,0,601,2154
reset_tasdev_spec4mixF,479,38,2134,1136,1728,237,1,154332,12346,2135,1137,1751,2132,1135,1694,98,100,0,601,2160
reset_tasdev_spec4mixF,479,39,2134,1136,1703,243,1,154363,12349,2134,1137,1756,2133,1134,1698,98,100,0,601,2163
reset_tasdev_spec4mixF,479,40,2135,1136,1705,249,1,154321,12345,2135,1137,1756,2133,1135,1700,98,100,0,601,2163
reset_tasdev_spec4mixF,479,41,2132,1136,1735,255,2,154313,12345,2135,1137,1751,2132,1135,1696,99,100,0,601,2151
reset_tasdev_spec4mixF,479,42,2133,1136,1727,261,2,154306,12344,2133,1137,1755,2131,1135,1693,98,100,0,601,2163
reset_tasdev_spec4mixF,479,43,2134,1136,1736,267,2,154306,12344,2136,1137,1753,2133,1134,1690,98,100,0,600,2157
reset_tasdev_spec4mixF,479,44,2132,1136,1716,273,2,154298,12343,2136,1137,1757,2132,1135,1689,98,100,0,600,2160
reset_tasdev_spec4mixF,479,45,2132,1137,1712,279,2,154292,12343,2134,1137,1752,2131,1135,1690,98,100,0,600,2163
reset_tasdev_spec4mixF,479,46,2134,1137,1716,285,2,154320,12345,2134,1137,1752,2132,1135,1695,98,100,0,600,2160
reset_tasdev_spec4mixF,479,47,2134,1137,1734,291,2,154285,12342,2136,1138,1760,2133,1135,1696,98,100,0,600,2160
reset_tasdev_spec4mixF,479,48,2134,1136,1725,296,2,154312,12344,2134,1138,1749,2133,1136,1698,98,100,0,600,2168
reset_tasdev_spec4mixF,479,49,2135,1136,1724,302,2,154283,12342,2138,1137,1752,2134,1134,1691,98,100,0,600,2163
reset_tasdev_spec4mixF,479,50,2134,1136,1740,308,2,154308,12344,2136,1137,1754,2133,1135,1691,98,100,0,600,2163
reset_tasdev_spec4mixF,479,51,2135,1137,1723,314,2,154276,12342,2135,1138,1749,2133,1136,1696,98,100,0,599,2166
reset_tasdev_spec4mixF,479,52,2135,1137,1741,320,2,154276,12342,2136,1138,1748,2135,1135,1693,98,100,0,600,2160
reset_tasdev_spec4mixF,479,53,2133,1137,1732,326,2,154273,12341,2137,1137,1753,2133,1135,1694,98,100,0,600,2157
reset_tasdev_spec4mixF,479,54,2135,1136,1724,332,2,154273,12341,2135,1137,1751,2133,1135,1696,98,100,0,599,2163
reset_tasdev_spec4mixF,479,55,2135,1136,1738,338,2,154272,12341,2135,1137,1755,2134,1135,1694,98,100,0,600,2168
reset_tasdev_spec4mixF,479,56,2127,1135,1732,344,2,154261,12340,2137,1137,1754,2127,1135,1675,99,100,0,600,2140
reset_tasdev_spec4mixF,479,57,2119,1136,1722,350,2,154236,12338,2127,1137,1739,2118,1135,1676,98,100,0,600,2151
reset_tasdev_spec4mixF,479,58,2119,1137,1709,356,2,154215,12337,2120,1138,1745,2117,1135,1672,98,100,0,600,2143
reset_tasdev_spec4mixF,479,59,2115,1137,1721,362,2,154189,12335,2119,1138,1738,2115,1135,1675,98,100,0,600,2143
reset_tasdev_spec4mixF,479,60,2115,1137,1700,368,2,154165,12333,2116,1137,1739,2113,1135,1680,98,100,0,600,2137
reset_tasdev_spec4mixF,479,61,2117,1136,1711,374,2,154169,12333,2117,1137,1745,2113,1134,1672,98,100,0,600,2146
reset_tasdev_spec4mixF,479,62,2118,1136,1726,380,3,154125,12330,2119,1137,1779,2115,1135,1672,98,100,0,600,2146
reset_tasdev_spec4mixF,479,63,2113,1135,1730,385,3,154101,12328,2119,1137,1742,2113,1135,1678,98,100,0,600,2143
reset_tasdev_spec4mixF,479,64,2126,1136,1734,391,3,154097,12327,2127,1136,1777,2113,1134,1680,98,100,0,600,2151
reset_tasdev_spec4mixF,479,65,2119,1136,1713,397,3,154078,12326,2126,1137,1739,2119,1135,1673,98,100,0,600,2146
reset_tasdev_spec4mixF,479,66,2118,1136,1726,403,3,154060,12324,2119,1137,1743,2115,1135,1675,98,100,0,600,2146
reset_tasdev_spec4mixF,479,67,2116,1136,1691,409,3,154041,12323,2119,1137,1737,2116,1134,1678,98,100,0,600,2140
reset_tasdev_spec4mixF,479,68,2114,1135,1691,415,3,154044,12323,2117,1137,1740,2114,1134,1673,99,100,0,600,2129
reset_tasdev_spec4mixF,479,69,2116,1136,1727,421,3,154006,12320,2116,1136,1744,2113,1134,1675,98,100,0,600,2154
reset_tasdev_spec4mixF,479,70,2127,1136,1719,427,3,154002,12320,2127,1137,1756,2116,1135,1674,98,100,0,601,2168
reset_tasdev_spec4mixF,479,71,2132,1136,1738,433,3,154004,12320,2133,1137,1794,2127,1135,1696,98,100,0,601,2160
reset_tasdev_spec4mixF,479,72,2135,1137,1738,439,3,154007,12320,2135,1137,1753,2132,1135,1695,98,100,0,601,2168
reset_tasdev_spec4mixF,479,73,2132,1137,1715,445,3,154006,12320,2135,1137,1752,2132,1135,1687,98,100,0,601,2160
reset_tasdev_spec4mixF,479,74,2127,1136,1722,451,3,154020,12321,2207,1137,1841,2120,1134,1693,97,100,0,601,2171
reset_tasdev_spec4mixF,479,75,2134,1136,1737,457,3,154025,12322,2134,1137,1769,2127,1135,1698,98,100,0,601,2163
reset_tasdev_spec4mixF,479,76,2136,1136,1711,463,3,154029,12322,2137,1137,1765,2134,1135,1698,98,100,0,600,2163
reset_tasdev_spec4mixF,479,77,2138,1136,1730,468,3,154033,12322,2139,1137,1768,2136,1134,1693,98,100,0,599,2177
reset_tasdev_spec4mixF,479,78,2140,1136,1697,474,3,154038,12323,2140,1137,1765,2137,1135,1697,98,100,0,600,2163
reset_tasdev_spec4mixF,479,79,2139,1136,1730,480,3,154045,12323,2141,1137,1770,2137,1135,1691,98,100,0,600,2168
reset_tasdev_spec4mixF,479,80,2136,1136,1743,486,3,154056,12324,2205,1137,1827,2134,1134,1694,98,100,0,600,2171
reset_tasdev_spec4mixF,479,81,2138,1136,1711,492,3,154061,12324,2139,1137,1763,2136,1135,1698,98,100,0,600,2160
reset_tasdev_spec4mixF,479,82,2140,1136,1747,498,3,154069,12325,2141,1137,1768,2138,1134,1699,98,100,0,600,2166
reset_tasdev_spec4mixF,479,83,2139,1136,1733,504,4,154073,12325,2140,1137,1773,2137,1134,1695,98,100,0,600,2163
reset_tasdev_spec4mixF,479,84,2134,1137,1710,510,4,154091,12327,2139,1137,1772,2134,1135,1681,99,100,0,599,2146
reset_tasdev_spec4mixF,479,85,2123,1136,1729,516,4,154062,12325,2134,1137,1751,2123,1135,1678,99,100,0,599,2140
reset_tasdev_spec4mixF,479,86,2131,1135,1742,522,4,154063,12325,2131,1137,1763,2123,1134,1685,98,100,0,600,2160
reset_tasdev_spec4mixF,479,87,2135,1135,1711,528,4,154082,12326,2135,1136,1761,2131,1134,1699,98,100,0,600,2171
reset_tasdev_spec4mixF,479,88,2132,1135,1727,534,4,154063,12325,2135,1136,1757,2131,1134,1691,98,100,0,600,2166
reset_tasdev_spec4mixF,479,89,2131,1135,1740,540,4,154062,12325,2134,1136,1762,2131,1133,1697,99,100,0,600,2151
reset_tasdev_spec4mixF,479,90,2122,1135,1701,546,4,154069,12325,2133,1136,1754,2122,1134,1680,98,100,0,600,2146
reset_tasdev_spec4mixF,479,91,2119,1136,1712,552,4,154040,12323,2122,1137,1756,2118,1134,1673,98,100,0,600,2146
reset_tasdev_spec4mixF,479,92,2115,1135,1717,558,4,154026,12322,2119,1137,1747,2114,1134,1674,98,100,0,600,2157
reset_tasdev_spec4mixF,479,93,2127,1135,1736,564,4,154025,12322,2127,1136,1760,2115,1134,1697,98,100,0,599,2157
reset_tasdev_spec4mixF,479,94,2120,1135,1730,569,4,154015,12321,2129,1137,1761,2120,1134,1676,98,100,0,600,2146
reset_tasdev_spec4mixF,479,95,2118,1136,1713,575,4,154005,12320,2121,1137,1752,2118,1134,1673,98,100,0,600,2146
reset_tasdev_spec4mixF,479,96,2141,1136,1747,581,4,154014,12321,2141,1137,1764,2118,1135,1672,98,100,0,600,2180
reset_tasdev_spec4mixF,479,97,2151,1135,1742,587,4,154030,12322,2151,1136,1770,2141,1135,1731,98,100,0,600,2177
reset_tasdev_spec4mixF,479,98,2155,1135,1751,593,4,154048,12323,2155,1136,1771,2151,1133,1730,98,100,0,600,2183
reset_tasdev_spec4mixF,479,99,2158,1136,1752,599,4,154082,12326,2160,1136,1773,2155,1134,1730,99,100,0,600,2177
reset_tasdev_spec4mixF,479,100,2158,1136,1737,605,4,154084,12326,2158,1136,1765,2157,1134,1728,98,100,0,599,2194
reset_tasdev_spec4mixF,479,101,2157,1135,1746,611,4,154101,12328,2158,1136,1767,2157,1133,1718,99,100,0,600,2177
reset_tasdev_spec4mixF,479,102,2155,1136,1740,617,4,154130,12330,2158,1136,1761,2155,1134,1714,98,100,0,600,2180
reset_tasdev_spec4mixF,479,103,2157,1136,1727,623,4,154131,12330,2157,1136,1760,2154,1135,1727,98,100,0,600,2186
reset_tasdev_spec4mixF,479,104,2156,1136,1744,629,5,154146,12331,2157,1136,1765,2156,1134,1727,98,100,0,600,2186
reset_tasdev_spec4mixF,479,105,2154,1135,1736,635,5,154159,12332,2156,1136,1758,2154,1133,1727,98,100,0,601,2180
reset_tasdev_spec4mixF,479,106,2156,1136,1743,641,5,154173,12333,2156,1136,1762,2153,1134,1729,98,100,0,601,2186
reset_tasdev_spec4mixF,479,107,2153,1134,1752,647,5,154185,12334,2156,1136,1759,2153,1134,1727,98,100,0,601,2177
reset_tasdev_spec4mixF,479,108,2155,1135,1743,653,5,154198,12335,2155,1136,1772,2152,1133,1732,98,100,0,601,2183
reset_tasdev_spec4mixF,479,109,2153,1135,1737,659,5,154210,12336,2155,1136,1757,2153,1134,1729,98,100,0,601,2180
reset_tasdev_spec4mixF,479,110,2152,1135,1737,665,5,154221,12337,2154,1136,1763,2152,1134,1729,98,100,0,601,2174
reset_tasdev_spec4mixF,479,111,2154,1135,1736,671,5,154234,12338,2155,1136,1759,2152,1133,1730,98,100,0,601,2180
reset_tasdev_spec4mixF,479,112,2155,1135,1740,677,5,154246,12339,2156,1136,1758,2154,1134,1731,98,100,0,600,2186
reset_tasdev_spec4mixF,479,113,2154,1136,1743,683,5,154258,12340,2156,1136,1760,2154,1134,1723,98,100,0,600,2177
reset_tasdev_spec4mixF,479,114,2155,1135,1737,689,5,154270,12341,2155,1137,1761,2154,1134,1727,98,100,0,600,2183
reset_tasdev_spec4mixF,479,115,2155,1135,1735,695,5,154295,12343,2156,1136,1756,2155,1135,1729,98,100,0,600,2180
reset_tasdev_spec4mixF,479,116,2156,1135,1751,701,5,154294,12343,2156,1136,1752,2155,1134,1728,98,100,0,600,2186
reset_tasdev_spec4mixF,479,117,2156,1136,1745,707,5,154306,12344,2156,1136,1755,2155,1134,1727,98,100,0,601,2183
reset_tasdev_spec4mixF,479,118,2156,1135,1745,713,5,154331,12346,2157,1137,1753,2156,1135,1727,98,100,0,601,2183
reset_tasdev_spec4mixF,479,119,2155,1137,1744,719,5,154329,12346,2157,1137,1755,2155,1135,1725,98,100,0,601,2180
reset_tasdev_spec4mixF,479,120,2159,1136,1740,726,5,154342,12347,2159,1137,1756,2155,1135,1727,98,100,0,601,2194
reset_tasdev_spec4mixF,479,121,2158,1136,1753,731,5,154355,12348,2159,1137,1756,2158,1135,1732,98,100,0,601,2183
reset_tasdev_spec4mixF,479,122,2159,1137,1754,737,5,154380,12350,2159,1137,1756,2158,1135,1729,98,100,0,601,2188
reset_tasdev_spec4mixF,479,123,2161,1136,1756,743,5,154382,12350,2161,1137,1760,2159,1134,1727,98,100,0,601,2191
reset_tasdev_spec4mixF,479,124,2161,1136,1753,749,6,154407,12352,2161,1137,1759,2160,1135,1730,98,100,0,601,2191
reset_tasdev_spec4mixF,479,125,2168,1137,1752,756,6,154414,12353,2168,1137,1764,2161,1135,1744,98,100,0,601,2197
reset_tasdev_spec4mixF,479,126,2172,1135,1758,762,6,154433,12354,2172,1137,1766,2168,1133,1738,98,100,0,600,2197
reset_tasdev_spec4mixF,479,127,2172,1136,1753,768,6,154452,12356,2172,1137,1762,2171,1135,1738,98,100,0,600,2200
reset_tasdev_spec4mixF,479,128,2149,1135,1731,774,6,154456,12356,2172,1137,1762,2149,1135,1691,100,100,0,600,2149
reset_tasdev_spec4mixF,479,129,2127,1137,1704,779,6,154445,12355,2149,1137,1741,2127,1134,1678,98,100,0,599,2151
reset_tasdev_spec4mixF,479,130,2132,1137,1707,785,6,154453,12356,2132,1137,1755,2127,1135,1679,98,100,0,600,2166
reset_tasdev_spec4mixF,479,131,2133,1136,1730,791,6,154439,12355,2134,1137,1758,2130,1135,1695,98,100,0,600,2157
reset_tasdev_spec4mixF,479,132,2135,1137,1738,797,6,154437,12355,2135,1137,1755,2133,1135,1695,98,100,0,600,2166
reset_tasdev_spec4mixF,479,133,2136,1137,1724,803,6,154435,12354,2136,1137,1753,2133,1135,1697,98,100,0,600,2163
reset_tasdev_spec4mixF,479,134,2136,1137,1736,809,6,154434,12354,2136,1137,1756,2133,1135,1693,98,100,0,600,2163
reset_tasdev_spec4mixF,479,135,2138,1137,1729,815,6,154433,12354,2138,1137,1753,2135,1135,1698,98,100,0,600,2171
reset_tasdev_spec4mixF,479,136,2133,1136,1735,821,6,154430,12354,2139,1137,1755,2133,1135,1696,98,100,0,600,2166
reset_tasdev_spec4mixF,479,137,2136,1136,1743,827,6,154429,12354,2136,1137,1758,2133,1135,1694,98,100,0,600,2163
reset_tasdev_spec4mixF,479,138,2139,1136,1743,833,6,154430,12354,2139,1137,1751,2135,1135,1693,98,100,0,600,2180
reset_tasdev_spec4mixF,479,139,2151,1137,1741,839,6,154449,12355,2151,1137,1753,2139,1134,1727,98,100,0,601,2183
reset_tasdev_spec4mixF,479,140,2154,1136,1740,845,6,154447,12355,2155,1137,1753,2151,1135,1726,98,100,0,601,2183
reset_tasdev_spec4mixF,479,141,2154,1137,1746,851,6,154455,12356,2155,1137,1752,2154,1135,1727,98,100,0,601,2183
reset_tasdev_spec4mixF,479,142,2156,1136,1746,857,6,154464,12357,2156,1137,1753,2154,1134,1728,98,100,0,601,2183
reset_tasdev_spec4mixF,479,143,2156,1137,1744,863,6,154473,12357,2157,1137,1753,2156,1135,1725,98,100,0,601,2186
reset_tasdev_spec4mixF,479,144,2156,1136,1747,869,6,154482,12358,2157,1137,1755,2156,1136,1723,98,100,0,600,2183
reset_tasdev_spec4mixF,479,145,2157,1137,1745,875,7,154490,12359,2157,1138,1753,2156,1134,1726,98,100,0,600,2186
reset_tasdev_spec4mixF,479,146,2156,1137,1747,881,7,154498,12359,2157,1137,1750,2155,1136,1722,98,100,0,600,2186
reset_tasdev_spec4mixF,479,147,2160,1136,1748,887,7,154509,12360,2160,1137,1760,2156,1135,1731,98,100,0,600,2188
reset_tasdev_spec4mixF,479,148,2162,1136,1748,893,7,154531,12362,2163,1137,1758,2160,1134,1734,98,100,0,600,2188
reset_tasdev_spec4mixF,479,149,2162,1135,1750,899,7,154532,12362,2163,1137,1757,2162,1135,1729,98,100,0,600,2186
reset_tasdev_spec4mixF,479,150,2162,1136,1754,905,7,154543,12363,2163,1137,1757,2162,1135,1736,98,100,0,600,2188
reset_tasdev_spec4mixF,479,151,2162,1136,1752,911,7,154553,12364,2162,1137,1763,2162,1135,1733,98,100,0,600,2188
reset_tasdev_spec4mixF,479,152,2161,1136,1747,917,7,154563,12365,2162,1137,1759,2161,1134,1735,98,100,0,600,2188
reset_tasdev_spec4mixF,479,153,2162,1136,1750,923,7,154573,12365,2162,1137,1756,2161,1135,1735,98,100,0,601,2191
reset_tasdev_spec4mixF,479,154,2163,1135,1759,929,7,154583,12366,2163,1136,1759,2161,1134,1727,98,100,0,600,2188
reset_tasdev_spec4mixF,479,155,2163,1135,1747,935,7,154594,12367,2164,1136,1759,2163,1135,1736,98,100,0,600,2188
reset_tasdev_spec4mixF,479,156,2163,1135,1747,941,7,154604,12368,2164,1136,1758,2162,1135,1730,98,100,0,600,2191
reset_tasdev_spec4mixF,479,157,2157,1136,1743,947,7,154611,12368,2163,1136,1799,2157,1134,1710,99,100,0,600,2177
reset_tasdev_spec4mixF,479,158,2147,1135,1717,953,7,154613,12369,2157,1136,1758,2147,1134,1701,99,100,0,600,2166
reset_tasdev_spec4mixF,479,159,2135,1135,1710,959,7,154608,12368,2147,1136,1776,2135,1134,1678,98,100,0,600,2157
reset_tasdev_spec4mixF,479,160,2128,1136,1698,965,7,154601,12368,2135,1137,1753,2127,1134,1684,98,100,0,600,2154
reset_tasdev_spec4mixF,479,161,2146,1136,1731,971,7,154603,12368,2212,1137,1855,2126,1134,1681,99,100,0,600,2160
reset_tasdev_spec4mixF,479,162,2143,1135,1729,977,7,154605,12368,2149,1137,1773,2143,1134,1698,99,100,0,600,2160
reset_tasdev_spec4mixF,479,163,2136,1136,1720,983,7,154602,12368,2143,1137,1760,2136,1134,1680,99,100,0,600,2154
reset_tasdev_spec4mixF,479,164,2123,1136,1729,989,7,154602,12368,2136,1137,1748,2123,1135,1678,98,100,0,600,2149
reset_tasdev_spec4mixF,479,165,2118,1136,1711,995,7,154582,12366,2123,1137,1747,2118,1135,1674,98,100,0,600,2140
reset_tasdev_spec4mixF,479,166,2125,1136,1725,1001,8,154577,12366,2125,1137,1764,2118,1135,1678,98,100,0,600,2151
reset_tasdev_spec4mixF,479,167,2126,1137,1718,1007,8,154571,12365,2127,1138,1755,2124,1135,1685,98,100,0,600,2151
reset_tasdev_spec4mixF,479,168,2127,1136,1713,1013,8,154565,12365,2127,1137,1757,2124,1135,1674,98,100,0,600,2154
reset_tasdev_spec4mixF,479,169,2129,1137,1751,1019,8,154561,12364,2129,1137,1759,2127,1136,1682,98,100,0,601,2160
reset_tasdev_spec4mixF,479,170,2137,1137,1708,1025,8,154568,12365,2137,1138,1768,2128,1135,1673,97,100,0,601,2183
reset_tasdev_spec4mixF,479,171,2140,1136,1730,1031,8,154559,12364,2142,1137,1788,2136,1135,1700,99,100,0,601,2160
reset_tasdev_spec4mixF,479,172,2137,1136,1730,1036,8,154564,12365,2210,1137,1836,2132,1135,1693,98,100,0,601,2180
reset_tasdev_spec4mixF,479,173,2139,1136,1719,1042,8,154564,12365,2141,1137,1769,2137,1135,1688,99,100,0,601,2157
reset_tasdev_spec4mixF,479,174,2142,1137,1746,1048,8,154574,12365,2142,1137,1768,2138,1135,1695,98,100,0,601,2174
reset_tasdev_spec4mixF,479,175,2142,1137,1747,1054,8,154565,12365,2144,1138,1767,2140,1135,1696,98,100,0,601,2168
reset_tasdev_spec4mixF,479,176,2144,1137,1732,1060,8,154567,12365,2145,1138,1774,2142,1134,1692,98,100,0,601,2177
reset_tasdev_spec4mixF,479,177,2132,1137,1715,1066,8,154570,12365,2144,1138,1754,2132,1135,1677,98,100,0,601,2154
reset_tasdev_spec4mixF,479,178,2140,1137,1741,1072,8,154563,12365,2140,1138,1820,2132,1135,1673,98,100,0,601,2177
reset_tasdev_spec4mixF,479,179,2142,1137,1733,1078,8,154564,12365,2143,1138,1768,2140,1135,1697,98,100,0,601,2171
reset_tasdev_spec4mixF,479,180,2140,1137,1755,1084,8,154564,12365,2142,1138,1766,2140,1136,1696,98,100,0,601,2168
reset_tasdev_spec4mixF,479,181,2139,1137,1724,1090,8,154572,12365,2142,1138,1765,2139,1136,1693,99,100,0,601,2160
reset_tasdev_spec4mixF,479,182,2144,1137,1730,1096,8,154566,12365,2144,1138,1763,2139,1135,1691,98,100,0,601,2174
reset_tasdev_spec4mixF,479,183,2142,1137,1728,1102,8,154566,12365,2146,1138,1771,2142,1135,1701,98,100,0,601,2168
reset_tasdev_spec4mixF,479,184,2137,1136,1730,1108,8,154573,12365,2142,1137,1747,2137,1135,1694,98,100,0,601,2166
reset_tasdev_spec4mixF,479,185,2137,1137,1740,1114,8,154563,12365,2137,1137,1747,2134,1134,1699,98,100,0,601,2163
reset_tasdev_spec4mixF,479,186,2138,1136,1736,1120,8,154561,12364,2139,1137,1748,2134,1135,1695,99,100,0,601,2154
reset_tasdev_spec4mixF,479,187,2133,1135,1726,1126,9,154567,12365,2138,1137,1747,2133,1135,1694,99,100,0,601,2151
reset_tasdev_spec4mixF,479,188,2138,1137,1709,1132,9,154559,12364,2144,1137,1807,2133,1134,1694,98,100,0,601,2163
reset_tasdev_spec4mixF,479,189,2135,1136,1716,1138,9,154556,12364,2138,1137,1760,2133,1134,1694,98,100,0,601,2171
reset_tasdev_spec4mixF,479,190,2136,1136,1715,1144,9,154555,12364,2136,1137,1770,2134,1135,1691,98,100,0,601,2160
reset_tasdev_spec4mixF,479,191,2133,1136,1709,1150,9,154560,12364,2136,1137,1765,2133,1134,1693,98,100,0,601,2157
reset_tasdev_spec4mixF,479,192,2137,1136,1712,1156,9,154551,12364,2137,1137,1777,2133,1135,1698,98,100,0,601,2174
reset_tasdev_spec4mixF,479,193,2136,1136,1713,1162,9,154550,12364,2140,1137,1767,2136,1135,1695,98,100,0,601,2163
reset_tasdev_spec4mixF,479,194,2138,1136,1720,1168,9,154550,12364,2138,1137,1763,2136,1135,1686,98,100,0,601,2171
reset_tasdev_spec4mixF,479,195,2124,1137,1710,1174,9,154542,12363,2138,1137,1755,2124,1135,1667,99,100,0,601,2143
reset_tasdev_spec4mixF,479,196,2119,1137,1707,1179,9,154534,12362,2124,1138,1751,2119,1136,1673,99,100,0,601,2140
reset_tasdev_spec4mixF,479,197,2116,1137,1716,1185,9,154527,12362,2121,1137,1755,2116,1136,1677,99,100,0,601,2126
reset_tasdev_spec4mixF,479,198,2133,1136,1719,1191,9,154526,12362,2133,1137,1759,2116,1134,1691,98,100,0,601,2174
reset_tasdev_spec4mixF,479,199,2121,1137,1722,1197,9,154527,12362,2134,1138,1755,2121,1136,1671,99,100,0,601,2134
reset_tasdev_spec4mixF,479,200,2121,1137,1696,1203,9,154513,12361,2122,1138,1754,2119,1136,1669,98,100,0,600,2143
reset_tasdev_spec4mixF,479,201,2121,1137,1722,1209,9,154506,12360,2122,1138,1753,2119,1135,1678,99,100,0,600,2140
reset_tasdev_spec4mixF,479,202,2121,1137,1739,1215,9,154507,12360,2122,1137,1756,2121,1135,1674,98,100,0,600,2154
reset_tasdev_spec4mixF,479,203,2121,1137,1682,1221,9,154492,12359,2122,1138,1758,2119,1136,1671,98,100,0,600,2151
reset_tasdev_spec4mixF,479,204,2124,1136,1698,1227,9,154487,12358,2124,1138,1762,2120,1135,1673,98,100,0,600,2160
reset_tasdev_spec4mixF,479,205,2121,1137,1742,1233,9,154481,12358,2124,1138,1751,2120,1135,1670,98,100,0,600,2143
reset_tasdev_spec4mixF,479,206,2122,1137,1737,1239,9,154482,12358,2123,1138,1753,2121,1136,1675,98,100,0,600,2149
reset_tasdev_spec4mixF,479,207,2119,1137,1676,1245,9,154467,12357,2123,1138,1760,2117,1135,1676,98,100,0,600,2154
reset_tasdev_spec4mixF,479,208,2121,1137,1707,1250,10,154462,12356,2123,1138,1780,2118,1136,1672,98,100,0,600,2143
reset_tasdev_spec4mixF,479,209,2120,1138,1703,1256,10,154454,12356,2121,1138,1738,2117,1136,1668,98,100,0,600,2151
reset_tasdev_spec4mixF,479,210,2116,1137,1729,1262,10,154447,12355,2120,1138,1738,2116,1135,1669,98,100,0,600,2146
reset_tasdev_spec4mixF,479,211,2118,1138,1707,1268,10,154440,12355,2118,1138,1740,2116,1136,1676,98,100,0,600,2151
reset_tasdev_spec4mixF,479,212,2118,1137,1713,1274,10,154432,12354,2118,1139,1739,2115,1137,1668,98,100,0,601,2154
reset_tasdev_spec4mixF,479,213,2116,1138,1706,1280,10,154425,12354,2121,1138,1738,2116,1135,1673,99,100,0,601,2137
reset_tasdev_spec4mixF,479,214,2115,1138,1702,1286,10,154417,12353,2117,1138,1739,2112,1136,1671,98,100,0,601,2149
reset_tasdev_spec4mixF,479,215,2114,1137,1712,1292,10,154410,12352,2117,1139,1739,2114,1136,1676,98,100,0,601,2140
reset_tasdev_spec4mixF,479,216,2118,1138,1710,1298,10,154403,12352,2118,1138,1742,2114,1136,1673,98,100,0,601,2157
reset_tasdev_spec4mixF,479,217,2119,1138,1699,1303,10,154396,12351,2119,1138,1742,2116,1136,1674,98,100,0,601,2154
reset_tasdev_spec4mixF,479,218,2120,1137,1713,1309,10,154390,12351,2120,1138,1740,2117,1136,1672,98,100,0,601,2143
reset_tasdev_spec4mixF,479,219,2118,1137,1712,1315,10,154390,12351,2120,1138,1740,2116,1135,1669,98,100,0,601,2157
reset_tasdev_spec4mixF,479,220,2112,1138,1718,1321,10,154375,12350,2118,1138,1740,2112,1136,1668,98,100,0,601,2137
reset_tasdev_spec4mixF,479,221,2115,1137,1698,1327,10,154368,12349,2117,1138,1742,2112,1136,1671,98,100,0,601,2143
reset_tasdev_spec4mixF,479,222,2121,1136,1724,1333,10,154362,12348,2121,1138,1750,2113,1135,1674,98,100,0,601,2163
reset_tasdev_spec4mixF,479,223,2133,1136,1729,1339,10,154362,12349,2133,1138,1754,2121,1136,1696,98,100,0,601,2168
reset_tasdev_spec4mixF,479,224,2134,1136,1741,1345,10,154361,12348,2135,1138,1752,2133,1135,1693,98,100,0,601,2163
reset_tasdev_spec4mixF,479,225,2138,1136,1746,1351,10,154361,12348,2138,1137,1752,2134,1135,1695,98,100,0,601,2174
reset_tasdev_spec4mixF,479,226,2136,1137,1741,1357,10,154361,12348,2138,1138,1750,2135,1135,1700,98,100,0,600,2163
reset_tasdev_spec4mixF,479,227,2138,1137,1739,1363,10,154361,12348,2140,1138,1788,2136,1136,1692,98,100,0,600,2171
reset_tasdev_spec4mixF,479,228,2137,1136,1699,1369,10,154367,12349,2138,1138,1752,2136,1135,1697,98,100,0,600,2163
reset_tasdev_spec4mixF,479,229,2137,1137,1704,1375,11,154361,12348,2138,1138,1750,2137,1135,1694,98,100,0,600,2160
reset_tasdev_spec4mixF,479,230,2214,1137,1780,1381,11,154371,12349,2217,1138,1812,2136,1135,1695,99,100,0,599,2231
reset_tasdev_spec4mixF,479,231,2178,1137,1739,1387,11,154379,12350,2214,1137,1780,2178,1135,1727,99,100,0,600,2194
reset_tasdev_spec4mixF,479,232,2167,1137,1741,1393,11,154387,12350,2178,1138,1765,2167,1134,1720,98,100,0,600,2191
reset_tasdev_spec4mixF,479,233,2163,1137,1743,1399,11,154394,12351,2167,1138,1759,2162,1136,1720,98,100,0,600,2194
reset_tasdev_spec4mixF,479,234,2163,1136,1747,1405,11,154402,12352,2163,1138,1761,2161,1134,1724,98,100,0,600,2191
reset_tasdev_spec4mixF,479,235,2162,1136,1748,1411,11,154409,12352,2163,1137,1762,2162,1134,1722,98,100,0,600,2191
reset_tasdev_spec4mixF,479,236,2163,1137,1744,1417,11,154417,12353,2163,1137,1762,2162,1135,1734,98,100,0,599,2188
reset_tasdev_spec4mixF,479,237,2164,1137,1744,1423,11,154424,12353,2164,1137,1766,2163,1135,1722,98,100,0,600,2194
reset_tasdev_spec4mixF,479,238,2164,1136,1743,1429,11,154432,12354,2164,1137,1765,2163,1135,1728,98,100,0,600,2191
reset_tasdev_spec4mixF,479,239,2163,1136,1745,1435,11,154440,12355,2165,1137,1763,2163,1136,1728,98,100,0,600,2188
reset_tasdev_spec4mixF,479,240,2162,1137,1752,1441,11,154447,12355,2164,1138,1760,2162,1136,1722,98,100,0,599,2191
reset_tasdev_spec4mixF,479,241,2162,1137,1744,1447,11,154454,12356,2163,1138,1761,2161,1135,1730,98,100,0,599,2191
reset_tasdev_spec4mixF,479,242,2164,1137,1744,1453,11,154461,12356,2164,1137,1762,2162,1136,1727,98,100,0,600,2197
reset_tasdev_spec4mixF,479,243,2164,1136,1754,1459,11,154475,12358,2164,1137,1766,2163,1136,1722,98,100,0,599,2191
reset_tasdev_spec4mixF,479,244,2164,1136,1757,1465,11,154476,12358,2164,1137,1765,2163,1135,1727,98,100,0,600,2191
reset_tasdev_spec4mixF,479,245,2163,1137,1735,1471,11,154489,12359,2164,1137,1761,2163,1136,1724,98,100,0,600,2188
reset_tasdev_spec4mixF,479,246,2163,1137,1744,1477,11,154490,12359,2163,1137,1760,2161,1136,1735,98,100,0,600,2191
reset_tasdev_spec4mixF,479,247,2162,1137,1743,1483,11,154496,12359,2163,1137,1763,2162,1134,1734,98,100,0,600,2191
reset_tasdev_spec4mixF,479,248,2163,1137,1753,1489,11,154503,12360,2163,1137,1765,2162,1136,1738,98,100,0,600,2188
reset_tasdev_spec4mixF,479,249,2167,1136,1749,1495,11,154511,12360,2167,1137,1803,2163,1136,1743,98,100,0,600,2191
reset_tasdev_spec4mixF,479,250,2168,1141,1751,1501,12,154519,12361,2168,1142,1793,2167,1136,1734,98,100,0,600,2197
reset_tasdev_spec4mixF,479,251,2175,1140,1790,1507,12,154530,12362,2175,1142,1809,2167,1139,1721,98,100,0,600,2200
reset_tasdev_spec4mixF,479,252,2171,1140,1744,1513,12,154538,12363,2180,1141,1797,2171,1138,1729,98,100,0,600,2197
reset_tasdev_spec4mixF,479,253,2167,1139,1735,1519,12,154546,12363,2171,1141,1761,2167,1137,1727,98,100,0,600,2194
reset_tasdev_spec4mixF,479,254,2148,1141,1701,1525,12,154546,12363,2167,1141,1761,2148,1138,1686,99,100,0,600,2166
reset_tasdev_spec4mixF,479,255,2132,1139,1718,1531,12,154542,12363,2148,1141,1758,2132,1139,1673,99,100,0,600,2146
reset_tasdev_spec4mixF,479,256,2126,1139,1718,1537,12,154538,12363,2132,1140,1757,2126,1138,1676,98,100,0,600,2154
reset_tasdev_spec4mixF,479,257,2139,1137,1752,1543,12,154538,12363,2139,1140,1755,2126,1137,1677,97,100,0,600,2188
reset_tasdev_spec4mixF,479,258,2161,1137,1740,1549,12,154545,12363,2161,1138,1795,2139,1136,1725,97,100,0,600,2222
reset_tasdev_spec4mixF,479,259,2160,1138,1744,1555,12,154551,12364,2161,1138,1766,2160,1137,1721,98,100,0,600,2188
reset_tasdev_spec4mixF,479,260,2162,1138,1738,1561,12,154557,12364,2162,1138,1759,2160,1136,1732,98,100,0,599,2188
reset_tasdev_spec4mixF,479,261,2163,1138,1743,1567,12,154563,12365,2163,1139,1757,2162,1137,1729,98,100,0,600,2191
reset_tasdev_spec4mixF,479,262,2163,1138,1751,1573,12,154570,12365,2163,1138,1757,2163,1136,1731,98,100,0,600,2188
reset_tasdev_spec4mixF,479,263,2162,1138,1752,1579,12,154576,12366,2163,1138,1755,2162,1135,1731,98,100,0,600,2194
reset_tasdev_spec4mixF,479,264,2162,1139,1743,1585,12,154581,12366,2162,1139,1757,2161,1136,1729,98,100,0,600,2191
reset_tasdev_spec4mixF,479,265,2161,1138,1747,1591,12,154587,12366,2162,1139,1755,2161,1136,1717,98,100,0,600,2183
reset_tasdev_spec4mixF,479,266,2163,1136,1755,1597,12,154593,12367,2163,1138,1755,2161,1135,1724,98,100,0,600,2188
reset_tasdev_spec4mixF,479,267,2169,1137,1792,1603,12,154601,12368,2169,1138,1798,2163,1136,1723,97,100,0,600,2222
reset_tasdev_spec4mixF,479,268,2164,1136,1748,1610,12,154607,12368,2175,1138,1792,2164,1136,1735,98,100,0,600,2188
reset_tasdev_spec4mixF,479,269,2160,1137,1743,1616,12,154612,12368,2164,1138,1754,2160,1135,1737,98,100,0,599,2183
reset_tasdev_spec4mixF,479,270,2158,1138,1743,1621,12,154617,12369,2160,1138,1750,2158,1136,1736,98,100,0,600,2186
reset_tasdev_spec4mixF,479,271,2158,1137,1740,1627,13,154627,12370,2159,1138,1752,2158,1136,1736,98,100,0,600,2186
reset_tasdev_spec4mixF,479,272,2157,1137,1740,1633,13,154625,12370,2158,1138,1749,2157,1135,1735,98,100,0,600,2183
reset_tasdev_spec4mixF,479,273,2157,1137,1741,1640,13,154629,12370,2157,1138,1747,2157,1136,1735,98,100,0,600,2186
reset_tasdev_spec4mixF,479,274,2157,1137,1740,1646,13,154639,12371,2157,1138,1749,2157,1136,1734,98,100,0,600,2183
reset_tasdev_spec4mixF,479,275,2160,1137,1742,1652,13,154644,12371,2160,1138,1760,2157,1136,1734,98,100,0,600,2191
reset_tasdev_spec4mixF,479,276,2160,1138,1744,1658,13,154649,12371,2161,1138,1760,2160,1136,1734,98,100,0,599,2186
reset_tasdev_spec4mixF,479,277,2160,1137,1736,1664,13,154648,12371,2161,1138,1759,2160,1136,1733,98,100,0,599,2188
reset_tasdev_spec4mixF,479,278,2161,1137,1743,1670,13,154654,12372,2162,1138,1761,2160,1136,1732,98,100,0,599,2194
reset_tasdev_spec4mixF,479,279,2162,1137,1748,1676,13,154659,12372,2162,1138,1761,2161,1137,1735,99,100,0,600,2183
reset_tasdev_spec4mixF,479,280,2162,1138,1738,1682,13,154664,12373,2162,1139,1762,2161,1137,1733,98,100,0,600,2194
reset_tasdev_spec4mixF,479,281,2162,1138,1740,1688,13,154669,12373,2162,1139,1763,2161,1136,1730,98,100,0,600,2191
reset_tasdev_spec4mixF,479,282,2161,1138,1746,1694,13,154674,12373,2162,1139,1759,2161,1137,1732,98,100,0,600,2183
reset_tasdev_spec4mixF,479,283,2163,1137,1750,1700,13,154685,12374,2163,1138,1760,2161,1137,1733,98,100,0,599,2197
reset_tasdev_spec4mixF,479,284,2163,1137,1738,1706,13,154685,12374,2163,1139,1760,2162,1136,1728,98,100,0,600,2194
reset_tasdev_spec4mixF,479,285,2161,1137,1748,1712,13,154690,12375,2163,1138,1760,2161,1136,1733,98,100,0,600,2186
reset_tasdev_spec4mixF,479,286,2160,1137,1746,1718,13,154694,12375,2161,1138,1760,2160,1137,1731,98,100,0,600,2183
reset_tasdev_spec4mixF,479,287,2162,1138,1739,1724,13,154700,12376,2162,1139,1760,2160,1136,1737,98,100,0,600,2194
reset_tasdev_spec4mixF,479,288,2161,1138,1738,1730,13,154704,12376,2163,1139,1761,2161,1137,1731,98,100,0,600,2188
reset_tasdev_spec4mixF,479,289,2161,1138,1751,1736,13,154715,12377,2162,1139,1759,2161,1136,1735,98,100,0,600,2188
reset_tasdev_spec4mixF,479,290,2162,1138,1739,1742,13,154714,12377,2162,1138,1762,2160,1137,1733,98,100,0,599,2194
reset_tasdev_spec4mixF,479,291,2161,1137,1748,1748,13,154724,12377,2162,1139,1762,2161,1136,1733,98,100,0,600,2188
reset_tasdev_spec4mixF,479,292,2163,1137,1746,1754,14,154724,12377,2163,1139,1759,2161,1137,1734,98,100,0,600,2194
reset_tasdev_spec4mixF,479,293,2163,1138,1743,1760,14,154729,12378,2163,1139,1763,2162,1137,1733,98,100,0,600,2191
reset_tasdev_spec4mixF,479,294,2162,1138,1739,1766,14,154733,12378,2163,1139,1759,2161,1136,1731,98,100,0,600,2197
reset_tasdev_spec4mixF,479,295,2162,1138,1758,1772,14,154738,12379,2162,1139,1758,2161,1137,1733,98,100,0,600,2191
reset_tasdev_spec4mixF,479,296,2162,1138,1744,1778,14,154748,12379,2162,1139,1760,2161,1137,1733,98,100,0,600,2188
reset_tasdev_spec4mixF,479,297,2161,1137,1738,1784,14,154747,12379,2162,1138,1762,2161,1136,1733,98,100,0,600,2188
reset_tasdev_spec4mixF,479,298,2161,1138,1741,1790,14,154752,12380,2162,1139,1761,2161,1137,1733,98,100,0,599,2186
reset_tasdev_spec4mixF,479,299,2163,1138,1748,1796,14,154762,12380,2163,1139,1761,2161,1137,1736,98,100,0,600,2197
reset_tasdev_spec4mixF,479,300,2163,1139,1747,1802,14,154761,12380,2164,1139,1761,2162,1136,1732,98,100,0,600,2191
reset_tasdev_spec4mixF,479,301,2166,1138,1752,1808,14,154767,12381,2166,1139,1761,2163,1137,1735,98,100,0,599,2194
reset_tasdev_spec4mixF,479,302,2164,1138,1752,1814,14,154772,12381,2166,1139,1763,2164,1137,1731,98,100,0,600,2191
reset_tasdev_spec4mixF,479,303,2164,1138,1745,1820,14,154777,12382,2164,1139,1761,2163,1136,1731,98,100,0,600,2191
reset_tasdev_spec4mixF,479,304,2164,1135,1767,1826,14,154782,12382,2164,1139,1767,2163,1134,1733,98,100,0,600,2191
reset_tasdev_spec4mixF,479,305,2164,1135,1751,1832,14,154786,12382,2165,1136,1767,2164,1134,1739,98,100,0,600,2188
reset_tasdev_spec4mixF,479,306,2163,1135,1743,1838,14,154791,12383,2164,1136,1768,2163,1133,1737,98,100,0,600,2191
reset_tasdev_spec4mixF,479,307,2162,1134,1747,1844,14,154795,12383,2163,1135,1763,2162,1133,1735,98,100,0,599,2188
reset_tasdev_spec4mixF,479,308,2165,1135,1744,1850,14,154801,12384,2169,1136,1808,2162,1133,1734,98,100,0,600,2188
reset_tasdev_spec4mixF,479,309,2164,1134,1747,1856,14,154806,12384,2165,1135,1772,2164,1133,1731,98,100,0,600,2186
reset_tasdev_spec4mixF,479,310,2165,1135,1768,1862,14,154811,12384,2165,1136,1768,2164,1133,1741,98,100,0,599,2191
reset_tasdev_spec4mixF,479,311,2165,1134,1751,1868,14,154816,12385,2166,1135,1768,2165,1134,1741,98,100,0,600,2194
reset_tasdev_spec4mixF,479,312,2164,1135,1758,1875,15,154826,12386,2165,1136,1768,2164,1133,1739,98,100,0,599,2188
reset_tasdev_spec4mixF,479,313,2165,1134,1751,1881,15,154826,12386,2165,1135,1771,2164,1133,1738,98,100,0,600,2194
reset_tasdev_spec4mixF,479,314,2164,1134,1752,1887,15,154830,12386,2166,1135,1774,2164,1133,1737,98,100,0,600,2188
reset_tasdev_spec4mixF,479,315,2167,1134,1756,1892,15,154840,12387,2167,1135,1771,2164,1132,1738,98,100,0,600,2194
reset_tasdev_spec4mixF,479,316,2168,1134,1760,1899,15,154841,12387,2168,1135,1769,2167,1134,1740,98,100,0,599,2197
reset_tasdev_spec4mixF,479,317,2168,1134,1761,1905,15,154847,12387,2168,1135,1765,2168,1133,1742,98,100,0,600,2194
reset_tasdev_spec4mixF,479,318,2168,1135,1756,1911,15,154852,12388,2168,1135,1765,2167,1133,1743,98,100,0,600,2197
reset_tasdev_spec4mixF,479,319,2168,1135,1751,1917,15,154857,12388,2168,1135,1764,2167,1132,1743,98,100,0,600,2194
reset_tasdev_spec4mixF,479,320,2168,1135,1758,1923,15,154862,12389,2168,1135,1765,2167,1133,1741,98,100,0,600,2197
reset_tasdev_spec4mixF,479,321,2168,1135,1749,1929,15,154868,12389,2169,1135,1764,2168,1134,1743,98,100,0,600,2191
reset_tasdev_spec4mixF,479,322,2169,1135,1745,1935,15,154873,12389,2169,1135,1764,2168,1133,1743,98,100,0,599,2197
reset_tasdev_spec4mixF,479,323,2167,1135,1756,1941,15,154878,12390,2169,1136,1770,2167,1134,1741,98,100,0,600,2191
reset_tasdev_spec4mixF,479,324,2195,1135,1752,1947,15,154885,12390,2221,1136,1802,2167,1134,1738,100,100,0,600,2195
reset_tasdev_spec4mixF,479,325,2176,1135,1744,1953,15,154890,12391,2195,1135,1769,2176,1133,1741,99,100,0,600,2197
reset_tasdev_spec4mixF,479,326,2170,1135,1746,1959,15,154895,12391,2176,1136,1764,2170,1134,1743,99,100,0,600,2191
reset_tasdev_spec4mixF,479,327,2169,1135,1752,1965,15,154901,12392,2170,1136,1764,2169,1134,1741,98,100,0,600,2194
reset_tasdev_spec4mixF,479,328,2082,1135,1694,1971,15,154888,12391,2169,1136,1757,2082,1133,1670,99,100,0,599,2103
reset_tasdev_spec4mixF,479,329,2088,1135,1687,1977,15,154876,12390,2090,1136,1731,2082,1134,1670,99,100,0,600,2106
reset_tasdev_spec4mixF,479,330,2083,1135,1679,1983,15,154867,12389,2088,1136,1703,2083,1134,1674,98,100,0,600,2109
reset_tasdev_spec4mixF,479,331,2081,1134,1680,1988,15,154848,12387,2083,1136,1696,2081,1132,1675,98,100,0,599,2106
reset_tasdev_spec4mixF,479,332,2080,1134,1682,1994,15,154834,12386,2081,1135,1695,2080,1133,1674,98,100,0,600,2109
reset_tasdev_spec4mixF,479,333,2081,1135,1687,2000,16,154821,12385,2086,1135,1738,2080,1133,1671,98,100,0,600,2106
reset_tasdev_spec4mixF,479,334,2089,1135,1708,2006,16,154814,12385,2089,1136,1714,2080,1133,1675,98,100,0,599,2129
reset_tasdev_spec4mixF,479,335,2100,1135,1710,2012,16,154801,12384,2100,1136,1720,2089,1134,1694,98,100,0,600,2134
reset_tasdev_spec4mixF,479,336,2103,1135,1705,2017,16,154793,12383,2103,1136,1715,2100,1134,1694,98,100,0,600,2131
reset_tasdev_spec4mixF,479,337,2104,1135,1708,2023,16,154784,12382,2104,1136,1715,2103,1133,1696,98,100,0,600,2131
reset_tasdev_spec4mixF,479,338,2105,1135,1708,2029,16,154776,12382,2105,1136,1721,2104,1134,1695,98,100,0,600,2131
reset_tasdev_spec4mixF,479,339,2086,1136,1691,2035,16,154763,12381,2105,1136,1718,2086,1133,1674,99,100,0,600,2106
reset_tasdev_spec4mixF,479,340,2081,1135,1685,2041,16,154750,12380,2086,1136,1697,2081,1133,1675,98,100,0,600,2103
reset_tasdev_spec4mixF,479,341,2080,1136,1688,2047,16,154736,12378,2081,1137,1691,2080,1134,1679,98,100,0,600,2109
reset_tasdev_spec4mixF,479,342,2080,1136,1685,2052,16,154723,12377,2080,1137,1692,2080,1135,1678,98,100,0,600,2106
reset_tasdev_spec4mixF,479,343,2079,1136,1688,2058,16,154710,12376,2080,1137,1692,2079,1134,1679,98,100,0,600,2109
reset_tasdev_spec4mixF,479,344,2079,1135,1687,2064,16,154697,12375,2080,1136,1691,2079,1135,1679,98,100,0,600,2109
reset_tasdev_spec4mixF,479,345,2079,1136,1686,2070,16,154684,12374,2080,1136,1691,2079,1135,1678,98,100,0,600,2109
reset_tasdev_spec4mixF,479,346,2085,1136,1704,2076,16,154672,12373,2085,1136,1721,2077,1134,1668,97,100,0,601,2134
reset_tasdev_spec4mixF,479,347,2099,1136,1699,2082,16,154668,12373,2099,1136,1722,2085,1134,1692,98,100,0,601,2131
reset_tasdev_spec4mixF,479,348,2083,1136,1689,2087,16,154651,12372,2099,1137,1721,2083,1134,1671,99,100,0,601,2103
reset_tasdev_spec4mixF,479,349,2076,1135,1705,2093,16,154638,12371,2083,1136,1705,2076,1133,1672,98,100,0,601,2103
reset_tasdev_spec4mixF,479,350,2078,1136,1676,2099,16,154625,12370,2081,1136,1737,2076,1134,1672,98,100,0,601,2106
reset_tasdev_spec4mixF,479,351,2091,1134,1677,2105,16,154620,12369,2093,1136,1723,2077,1134,1674,99,100,0,601,2112
reset_tasdev_spec4mixF,479,352,2079,1135,1677,2110,16,154602,12368,2091,1136,1707,2079,1134,1670,99,100,0,601,2100
reset_tasdev_spec4mixF,479,353,2081,1134,1709,2116,16,154594,12367,2081,1136,1721,2076,1133,1670,97,100,0,601,2131
reset_tasdev_spec4mixF,479,354,2097,1135,1701,2122,16,154582,12366,2097,1135,1723,2081,1134,1694,98,100,0,601,2129
reset_tasdev_spec4mixF,479,355,2101,1135,1704,2128,17,154575,12366,2101,1135,1722,2097,1134,1695,98,100,0,601,2131
reset_tasdev_spec4mixF,479,356,2103,1135,1700,2134,17,154572,12365,2103,1136,1723,2101,1133,1695,98,100,0,601,2131
reset_tasdev_spec4mixF,479,357,2103,1134,1701,2140,17,154560,12364,2103,1135,1720,2102,1134,1694,98,100,0,601,2129
reset_tasdev_spec4mixF,479,358,2078,1135,1669,2145,17,154546,12363,2103,1136,1711,2078,1134,1662,99,100,0,601,2092
reset_tasdev_spec4mixF,479,359,2086,1134,1693,2151,17,154536,12362,2086,1136,1719,2076,1133,1665,98,100,0,600,2117
reset_tasdev_spec4mixF,479,360,2090,1134,1689,2157,17,154530,12362,2090,1136,1717,2086,1134,1681,98,100,0,601,2117
reset_tasdev_spec4mixF,479,361,2091,1134,1689,2163,17,154516,12361,2092,1136,1754,2084,1134,1665,98,100,0,600,2114
reset_tasdev_spec4mixF,479,362,2074,1136,1663,2169,17,154502,12360,2092,1136,1720,2074,1133,1661,99,100,0,600,2089
reset_tasdev_spec4mixF,479,363,2068,1135,1669,2175,17,154488,12359,2074,1136,1712,2068,1134,1661,98,100,0,600,2089
reset_tasdev_spec4mixF,479,364,2082,1135,1694,2180,17,154477,12358,2082,1136,1719,2066,1134,1661,98,100,0,600,2114
reset_tasdev_spec4mixF,479,365,2094,1135,1700,2186,17,154469,12357,2094,1136,1726,2082,1133,1674,98,100,0,600,2134
reset_tasdev_spec4mixF,479,366,2090,1135,1696,2192,17,154463,12357,2096,1136,1720,2086,1134,1670,97,100,0,600,2134
reset_tasdev_spec4mixF,479,367,2090,1135,1702,2198,17,154454,12356,2094,1136,1726,2086,1134,1667,98,100,0,600,2131
reset_tasdev_spec4mixF,479,368,2095,1136,1678,2203,17,154442,12355,2100,1136,1730,2090,1133,1672,99,100,0,601,2106
reset_tasdev_spec4mixF,479,369,2082,1135,1703,2209,17,154430,12354,2095,1136,1706,2082,1134,1671,99,100,0,601,2100
reset_tasdev_spec4mixF,479,370,2079,1135,1677,2215,17,154418,12353,2082,1136,1703,2079,1133,1671,98,100,0,600,2106
reset_tasdev_spec4mixF,479,371,2090,1134,1704,2221,17,154409,12352,2090,1136,1726,2078,1133,1672,98,100,0,600,2131
reset_tasdev_spec4mixF,479,372,2101,1134,1714,2227,17,154407,12352,2101,1135,1735,2090,1134,1694,98,100,0,600,2131
reset_tasdev_spec4mixF,479,373,2096,1134,1708,2233,17,154395,12351,2103,1135,1731,2095,1133,1673,98,100,0,600,2126
reset_tasdev_spec4mixF,479,374,2095,1134,1699,2239,17,154387,12350,2098,1135,1749,2095,1132,1678,98,100,0,600,2120
reset_tasdev_spec4mixF,479,375,2095,1135,1693,2244,17,154378,12350,2095,1136,1743,2094,1133,1677,98,100,0,600,2126
reset_tasdev_spec4mixF,479,376,2093,1134,1686,2250,18,154374,12349,2095,1135,1747,2092,1133,1679,98,100,0,600,2123
reset_tasdev_spec4mixF,479,377,2091,1135,1688,2256,18,154361,12348,2093,1135,1743,2091,1132,1680,98,100,0,600,2123
reset_tasdev_spec4mixF,479,378,2091,1134,1688,2262,18,154352,12348,2091,1135,1746,2089,1133,1682,98,100,0,600,2123
reset_tasdev_spec4mixF,479,379,2090,1133,1687,2268,18,154343,12347,2091,1135,1750,2090,1133,1680,99,100,0,601,2109
reset_tasdev_spec4mixF,479,380,2090,1134,1683,2274,18,154334,12346,2091,1135,1749,2090,1133,1679,98,100,0,601,2112
reset_tasdev_spec4mixF,479,381,2090,1134,1692,2279,18,154325,12346,2090,1135,1748,2089,1132,1682,98,100,0,601,2120
reset_tasdev_spec4mixF,479,382,2094,1134,1693,2285,18,154317,12345,2094,1135,1775,2090,1133,1682,98,100,0,600,2123
reset_tasdev_spec4mixF,479,383,2105,1133,1727,2291,18,154311,12344,2105,1134,1793,2094,1132,1690,97,100,0,600,2166
reset_tasdev_spec4mixF,479,384,2102,1134,1703,2297,18,154309,12344,2112,1134,1761,2102,1131,1691,99,100,0,600,2123
reset_tasdev_spec4mixF,479,385,2099,1134,1707,2303,18,154298,12343,2102,1135,1754,2099,1133,1690,99,100,0,600,2120
reset_tasdev_spec4mixF,479,386,2099,1134,1703,2309,18,154291,12343,2100,1135,1752,2099,1133,1689,98,100,0,600,2126
reset_tasdev_spec4mixF,479,387,2099,1134,1702,2314,18,154288,12343,2100,1135,1757,2098,1132,1690,98,100,0,600,2123
reset_tasdev_spec4mixF,479,388,2098,1133,1691,2320,18,154281,12342,2099,1135,1756,2097,1133,1688,98,100,0,599,2123
reset_tasdev_spec4mixF,479,389,2099,1134,1701,2326,18,154270,12341,2100,1135,1750,2098,1133,1688,98,100,0,600,2134
reset_tasdev_spec4mixF,479,390,2097,1134,1701,2332,18,154263,12341,2099,1135,1749,2097,1132,1686,98,100,0,600,2120
reset_tasdev_spec4mixF,479,391,2098,1134,1689,2338,18,154256,12340,2099,1135,1753,2097,1133,1686,98,100,0,600,2123
reset_tasdev_spec4mixF,479,392,2098,1135,1688,2344,18,154249,12339,2099,1135,1751,2097,1134,1686,98,100,0,601,2123
reset_tasdev_spec4mixF,479,393,2098,1134,1701,2350,18,154242,12339,2098,1135,1748,2097,1132,1686,98,100,0,601,2123
reset_tasdev_spec4mixF,479,394,2100,1135,1699,2355,18,154236,12338,2101,1135,1750,2098,1133,1690,98,100,0,601,2126
reset_tasdev_spec4mixF,479,395,2096,1135,1689,2361,18,154229,12338,2100,1135,1750,2096,1133,1682,98,100,0,601,2123
reset_tasdev_spec4mixF,479,396,2092,1135,1696,2367,18,154221,12337,2096,1135,1746,2092,1133,1682,98,100,0,601,2123
reset_tasdev_spec4mixF,479,397,2091,1135,1691,2373,18,154212,12337,2092,1135,1745,2091,1133,1682,98,100,0,601,2120
reset_tasdev_spec4mixF,479,398,2090,1134,1689,2379,19,154204,12336,2092,1135,1746,2090,1133,1681,98,100,0,601,2112
reset_tasdev_spec4mixF,479,399,2090,1134,1696,2384,19,154196,12335,2091,1135,1743,2090,1132,1682,98,100,0,601,2112
reset_tasdev_spec4mixF,479,400,2089,1135,1691,2390,19,154188,12335,2091,1135,1745,2089,1132,1682,98,100,0,601,2123
reset_tasdev_spec4mixF,479,401,2090,1135,1683,2396,19,154180,12334,2090,1135,1745,2089,1133,1682,98,100,0,601,2117
reset_tasdev_spec4mixF,479,402,2090,1135,1691,2402,19,154172,12333,2091,1135,1745,2089,1132,1682,98,100,0,601,2117
reset_tasdev_spec4mixF,479,403,2089,1134,1690,2408,19,154164,12333,2090,1135,1743,2089,1133,1682,98,100,0,601,2120
reset_tasdev_spec4mixF,479,404,2089,1134,1684,2414,19,154156,12332,2090,1135,1743,2089,1133,1681,98,100,0,601,2120
reset_tasdev_spec4mixF,479,405,2089,1135,1696,2419,19,154148,12331,2089,1135,1745,2088,1132,1682,98,100,0,601,2112
reset_tasdev_spec4mixF,479,406,2090,1135,1688,2425,19,154140,12331,2091,1135,1745,2089,1133,1682,98,100,0,601,2114
reset_tasdev_spec4mixF,479,407,2091,1135,1703,2431,19,154140,12331,2149,1135,1795,2088,1133,1680,97,100,0,601,2137
reset_tasdev_spec4mixF,479,408,2103,1134,1711,2437,19,154135,12330,2103,1135,1757,2091,1132,1690,98,100,0,601,2134
reset_tasdev_spec4mixF,479,409,2106,1135,1723,2443,19,154126,12330,2106,1135,1755,2103,1133,1689,98,100,0,601,2137
reset_tasdev_spec4mixF,479,410,2104,1134,1700,2449,19,154121,12329,2106,1135,1758,2104,1133,1688,98,100,0,601,2129
reset_tasdev_spec4mixF,479,411,2106,1134,1723,2455,19,154116,12329,2106,1135,1757,2104,1132,1689,98,100,0,601,2134
reset_tasdev_spec4mixF,479,412,2102,1135,1707,2460,19,154113,12329,2171,1135,1794,2097,1133,1681,98,100,0,601,2134
reset_tasdev_spec4mixF,479,413,2106,1134,1732,2466,19,154108,12328,2107,1135,1757,2102,1133,1689,98,100,0,601,2131
reset_tasdev_spec4mixF,479,414,2105,1134,1704,2472,19,154103,12328,2108,1135,1754,2104,1133,1689,98,100,0,601,2146
reset_tasdev_spec4mixF,479,415,2104,1134,1705,2478,19,154098,12327,2106,1135,1754,2104,1133,1689,99,100,0,601,2123
reset_tasdev_spec4mixF,479,416,2109,1134,1701,2484,19,154094,12327,2109,1135,1757,2104,1133,1688,98,100,0,601,2143
reset_tasdev_spec4mixF,479,417,2101,1135,1699,2490,19,154088,12327,2109,1135,1710,2101,1133,1697,98,100,0,601,2126
reset_tasdev_spec4mixF,479,418,2099,1135,1702,2496,19,154085,12326,2101,1136,1709,2099,1133,1696,98,100,0,601,2126
reset_tasdev_spec4mixF,479,419,2098,1134,1699,2502,20,154076,12326,2099,1136,1712,2098,1133,1697,98,100,0,600,2126
reset_tasdev_spec4mixF,479,420,2101,1135,1688,2507,20,154074,12325,2101,1135,1758,2098,1134,1682,98,100,0,600,2131
reset_tasdev_spec4mixF,479,421,2100,1135,1693,2513,20,154065,12325,2101,1135,1749,2099,1133,1683,98,100,0,600,2129
reset_tasdev_spec4mixF,479,422,2100,1134,1708,2519,20,154059,12324,2102,1135,1749,2100,1133,1683,98,100,0,600,2123
reset_tasdev_spec4mixF,479,423,2100,1134,1724,2525,20,154053,12324,2101,1135,1752,2100,1133,1683,99,100,0,600,2120
reset_tasdev_spec4mixF,479,424,2104,1135,1691,2531,20,154052,12324,2104,1135,1751,2100,1133,1684,98,100,0,600,2131
reset_tasdev_spec4mixF,479,425,2102,1133,1758,2537,20,154043,12323,2104,1135,1758,2101,1133,1683,99,100,0,600,2123
reset_tasdev_spec4mixF,479,426,2100,1133,1698,2542,20,154038,12323,2102,1135,1758,2100,1133,1683,98,100,0,599,2123
reset_tasdev_spec4mixF,479,427,2101,1135,1709,2548,20,154036,12322,2102,1135,1759,2100,1131,1683,98,100,0,600,2126
reset_tasdev_spec4mixF,479,428,2102,1135,1716,2554,20,154027,12322,2102,1135,1754,2100,1133,1684,98,100,0,600,2131
reset_tasdev_spec4mixF,479,429,2100,1134,1706,2560,20,154022,12321,2105,1135,1752,2100,1133,1683,98,100,0,600,2129
reset_tasdev_spec4mixF,479,430,2100,1133,1716,2566,20,154020,12321,2100,1135,1752,2099,1132,1684,98,100,0,600,2129
reset_tasdev_spec4mixF,479,431,2101,1134,1688,2572,20,154014,12321,2101,1135,1758,2099,1133,1683,98,100,0,600,2131
reset_tasdev_spec4mixF,479,432,2100,1134,1695,2578,20,154006,12320,2101,1135,1758,2099,1133,1682,98,100,0,600,2134
reset_tasdev_spec4mixF,479,433,2102,1133,1756,2584,20,154001,12320,2104,1135,1756,2100,1132,1684,98,100,0,600,2126
reset_tasdev_spec4mixF,479,434,2101,1135,1709,2589,20,153996,12319,2102,1135,1756,2100,1133,1683,98,100,0,600,2137
reset_tasdev_spec4mixF,479,435,2102,1139,1691,2595,20,153990,12319,2102,1141,1758,2100,1133,1677,98,100,0,600,2137
reset_tasdev_spec4mixF,479,436,2100,1140,1681,2601,20,153985,12318,2102,1141,1750,2099,1137,1676,98,100,0,599,2126
reset_tasdev_spec4mixF,479,437,2096,1139,1678,2607,20,153983,12318,2101,1140,1740,2096,1138,1671,99,100,0,600,2114
reset_tasdev_spec4mixF,479,438,2090,1141,1733,2613,20,153972,12317,2096,1141,1734,2090,1139,1670,98,100,0,600,2114
reset_tasdev_spec4mixF,479,439,2088,1141,1677,2618,20,153965,12317,2091,1142,1735,2088,1139,1669,98,100,0,600,2117
reset_tasdev_spec4mixF,479,440,2090,1141,1686,2624,20,153961,12316,2090,1142,1738,2088,1140,1669,98,100,0,600,2126
reset_tasdev_spec4mixF,479,441,2095,1141,1686,2630,21,153956,12316,2095,1142,1749,2090,1140,1676,98,100,0,600,2123
reset_tasdev_spec4mixF,479,442,2096,1141,1684,2636,21,153946,12315,2097,1142,1741,2095,1140,1680,98,100,0,600,2123
reset_tasdev_spec4mixF,479,443,2096,1142,1691,2642,21,153941,12315,2096,1142,1738,2095,1139,1679,97,100,0,600,2140
reset_tasdev_spec4mixF,479,444,2097,1141,1695,2648,21,153939,12315,2098,1142,1740,2095,1140,1679,98,100,0,600,2120
reset_tasdev_spec4mixF,479,445,2097,1141,1693,2654,21,153930,12314,2099,1142,1744,2097,1141,1678,98,100,0,601,2123
reset_tasdev_spec4mixF,479,446,2097,1141,1683,2659,21,153928,12314,2099,1143,1745,2096,1140,1677,98,100,0,601,2123
reset_tasdev_spec4mixF,479,447,2096,1141,1693,2665,21,153918,12313,2097,1142,1739,2096,1140,1678,98,100,0,601,2126
reset_tasdev_spec4mixF,479,448,2096,1142,1680,2671,21,153913,12313,2097,1143,1744,2095,1141,1678,98,100,0,601,2123
reset_tasdev_spec4mixF,479,449,2094,1142,1677,2677,21,153907,12312,2096,1143,1737,2094,1139,1676,98,100,0,601,2123
reset_tasdev_spec4mixF,479,450,2095,1142,1684,2683,21,153901,12312,2096,1142,1743,2094,1140,1676,98,100,0,601,2123
reset_tasdev_spec4mixF,479,451,2095,1141,1693,2689,21,153895,12311,2096,1142,1740,2095,1141,1676,98,100,0,601,2123
reset_tasdev_spec4mixF,479,452,2097,1142,1684,2695,21,153890,12311,2097,1143,1740,2094,1140,1676,98,100,0,601,2123
reset_tasdev_spec4mixF,479,453,2098,1142,1687,2700,21,153885,12310,2098,1143,1736,2097,1140,1679,98,100,0,601,2131
reset_tasdev_spec4mixF,479,454,2098,1142,1685,2706,21,153880,12310,2098,1143,1741,2097,1141,1679,98,100,0,601,2131
reset_tasdev_spec4mixF,479,455,2100,1141,1687,2712,21,153875,12310,2100,1143,1739,2098,1140,1679,98,100,0,601,2131
reset_tasdev_spec4mixF,479,456,2098,1141,1684,2718,21,153870,12309,2101,1142,1740,2098,1140,1679,98,100,0,601,2123
reset_tasdev_spec4mixF,479,457,2099,1142,1690,2724,21,153865,12309,2099,1142,1743,2098,1140,1680,98,100,0,601,2129
reset_tasdev_spec4mixF,479,458,2098,1142,1690,2729,21,153859,12308,2099,1142,1738,2097,1139,1680,98,100,0,601,2131
reset_tasdev_spec4mixF,479,459,2097,1141,1685,2735,21,153854,12308,2099,1142,1743,2097,1140,1680,98,100,0,601,2123
reset_tasdev_spec4mixF,479,460,2099,1141,1689,2741,21,153853,12308,2099,1143,1740,2096,1141,1679,98,100,0,601,2131
reset_tasdev_spec4mixF,479,461,2098,1142,1682,2747,21,153844,12307,2099,1143,1738,2098,1140,1679,98,100,0,601,2129
reset_tasdev_spec4mixF,479,462,2099,1143,1687,2753,22,153839,12307,2099,1143,1744,2097,1141,1678,98,100,0,600,2134
reset_tasdev_spec4mixF,479,463,2098,1142,1691,2759,22,153835,12306,2100,1143,1738,2098,1141,1679,98,100,0,599,2123
reset_tasdev_spec4mixF,479,464,2099,1142,1718,2765,22,153830,12306,2100,1143,1739,2098,1140,1679,98,100,0,600,2126
reset_tasdev_spec4mixF,479,465,2098,1142,1692,2771,22,153825,12306,2101,1143,1739,2098,1141,1680,98,100,0,600,2129
reset_tasdev_spec4mixF,479,466,2095,1142,1706,2776,22,153822,12305,2173,1143,1786,2092,1140,1671,98,100,0,600,2131
reset_tasdev_spec4mixF,479,467,2098,1142,1689,2782,22,153817,12305,2099,1143,1741,2095,1140,1674,98,100,0,600,2123
reset_tasdev_spec4mixF,479,468,2097,1142,1679,2788,22,153812,12304,2099,1143,1742,2097,1141,1673,98,100,0,600,2123
reset_tasdev_spec4mixF,479,469,2094,1142,1704,2794,22,153807,12304,2097,1143,1713,2094,1141,1673,98,100,0,600,2123
reset_tasdev_spec4mixF,479,470,2101,1143,1695,2800,22,153802,12304,2102,1143,1745,2094,1140,1668,98,100,0,600,2129
reset_tasdev_spec4mixF,479,471,2105,1142,1729,2805,22,153799,12303,2105,1144,1746,2100,1141,1671,98,100,0,600,2140
reset_tasdev_spec4mixF,479,472,2108,1143,1694,2811,22,153795,12303,2108,1143,1747,2105,1141,1678,98,100,0,600,2140
reset_tasdev_spec4mixF,479,473,2109,1142,1707,2817,22,153792,12303,2109,1143,1748,2107,1141,1679,98,100,0,600,2146
reset_tasdev_spec4mixF,479,474,2109,1142,1690,2823,22,153789,12303,2111,1143,1746,2109,1141,1680,99,100,0,599,2126
reset_tasdev_spec4mixF,479,475,2101,1142,1693,2829,22,153785,12302,2109,1143,1694,2101,1141,1686,98,100,0,600,2129
reset_tasdev_spec4mixF,479,476,2100,1143,1687,2835,22,153780,12302,2102,1143,1694,2100,1141,1687,98,100,0,600,2129
reset_tasdev_spec4mixF,479,477,2099,1142,1689,2841,22,153776,12302,2100,1143,1694,2099,1141,1686,98,100,0,600,2129
reset_tasdev_spec4mixF,479,478,2134,1142,1732,2847,22,153778,12302,2134,1143,1757,2099,1141,1684,97,100,0,599,2183
Processed 479 lines from power meter
There were 0 errors in reading from the meter
