RunId,NumDataLines,SeqNum,Watts,Amps,WattHours,Cost,MoKWh,MoCost,MaxWatts,MaxVolts,MaxAmps,MinWatts,MinVolts,MinAmps,Factor,DutyCycle,PowerCycle
reset_awldev_spec4mixF,403,0,2131,1141,1715,11,0,154504,12360,2253,1141,1841,2120,1138,1681,97,100,0,600,2183
reset_awldev_spec4mixF,403,1,2132,1141,1713,17,0,154331,12346,2133,1141,1739,2131,1139,1696,98,100,0,600,2154
reset_awldev_spec4mixF,403,2,2138,1140,1702,23,0,154370,12349,2138,1142,1770,2132,1139,1686,98,100,0,600,2163
reset_awldev_spec4mixF,403,3,2137,1141,1732,29,0,154350,12348,2138,1143,1747,2135,1139,1696,98,100,0,600,2174
reset_awldev_spec4mixF,403,4,2144,1141,1724,35,0,154450,12356,2144,1142,1744,2137,1139,1699,98,100,0,600,2168
reset_awldev_spec4mixF,403,5,2149,1141,1742,41,0,154583,12366,2150,1142,1747,2143,1139,1703,98,100,0,600,2171
reset_awldev_spec4mixF,403,6,2151,1140,1735,47,0,154892,12391,2153,1142,1788,2149,1138,1698,99,100,0,600,2171
reset_awldev_spec4mixF,403,7,2151,1140,1743,53,0,154775,12382,2151,1142,1752,2150,1138,1698,98,100,0,600,2180
reset_awldev_spec4mixF,403,8,2155,1141,1739,59,0,154864,12389,2155,1141,1767,2151,1139,1702,98,100,0,600,2183
reset_awldev_spec4mixF,403,9,2158,1140,1773,65,0,154957,12396,2158,1142,1792,2152,1138,1695,98,100,0,600,2188
reset_awldev_spec4mixF,403,10,2155,1140,1699,71,0,155008,12400,2163,1141,1793,2155,1139,1699,98,100,0,600,2180
reset_awldev_spec4mixF,403,11,2155,1139,1737,77,0,155054,12404,2155,1141,1755,2153,1139,1697,98,100,0,600,2183
reset_awldev_spec4mixF,403,12,2154,1140,1733,83,0,155198,12415,2156,1141,1752,2154,1138,1699,98,100,0,601,2180
reset_awldev_spec4mixF,403,13,2154,1139,1744,89,0,155228,12418,2155,1141,1752,2153,1139,1699,98,100,0,601,2183
reset_awldev_spec4mixF,403,14,2156,1140,1740,95,0,155163,12413,2157,1141,1750,2154,1139,1702,98,100,0,601,2188
reset_awldev_spec4mixF,403,15,2156,1140,1717,101,0,155192,12415,2157,1141,1761,2154,1139,1695,98,100,0,601,2188
reset_awldev_spec4mixF,403,16,2159,1140,1737,107,0,155323,12425,2159,1141,1762,2156,1139,1702,98,100,0,601,2191
reset_awldev_spec4mixF,403,17,2158,1139,1736,113,0,155266,12421,2159,1141,1768,2157,1139,1706,98,100,0,601,2188
reset_awldev_spec4mixF,403,18,2157,1141,1729,119,0,155289,12423,2158,1141,1753,2156,1138,1703,98,100,0,601,2188
reset_awldev_spec4mixF,403,19,2158,1140,1737,125,1,155319,12425,2160,1141,1757,2157,1138,1711,98,100,0,601,2183
reset_awldev_spec4mixF,403,20,2159,1139,1737,131,1,155346,12427,2159,1140,1762,2157,1138,1708,98,100,0,599,2191
reset_awldev_spec4mixF,403,21,2158,1140,1743,137,1,155371,12429,2159,1140,1760,2158,1138,1702,98,100,0,600,2188
reset_awldev_spec4mixF,403,22,2160,1140,1733,143,1,155397,12431,2160,1141,1764,2158,1139,1699,98,100,0,600,2191
reset_awldev_spec4mixF,403,23,2159,1139,1743,149,1,155479,12438,2160,1141,1761,2158,1139,1704,98,100,0,599,2194
reset_awldev_spec4mixF,403,24,2149,1139,1739,155,1,155408,12432,2161,1141,1769,2149,1138,1702,99,100,0,600,2166
reset_awldev_spec4mixF,403,25,2153,1140,1735,161,1,155412,12433,2154,1141,1759,2146,1138,1693,98,100,0,600,2177
reset_awldev_spec4mixF,403,26,2146,1140,1750,167,1,155403,12432,2156,1141,1764,2146,1139,1707,99,100,0,600,2154
reset_awldev_spec4mixF,403,27,2156,1140,1748,173,1,155421,12433,2156,1141,1765,2146,1138,1709,98,100,0,600,2188
reset_awldev_spec4mixF,403,28,2160,1140,1736,179,1,155492,12439,2160,1141,1799,2156,1138,1695,98,100,0,599,2203
reset_awldev_spec4mixF,403,29,2155,1140,1730,185,1,155443,12435,2160,1141,1755,2155,1139,1710,98,100,0,600,2177
reset_awldev_spec4mixF,403,30,2157,1139,1739,191,1,155454,12436,2157,1141,1764,2152,1138,1701,98,100,0,600,2191
reset_awldev_spec4mixF,403,31,2158,1139,1733,197,1,155467,12437,2159,1140,1767,2157,1137,1706,98,100,0,600,2180
reset_awldev_spec4mixF,403,32,2163,1138,1744,203,1,155539,12443,2163,1140,1767,2158,1138,1707,98,100,0,600,2188
reset_awldev_spec4mixF,403,33,2166,1140,1745,209,1,155564,12445,2166,1140,1773,2163,1138,1708,98,100,0,600,2194
reset_awldev_spec4mixF,403,34,2160,1139,1717,215,1,155526,12442,2166,1140,1790,2159,1137,1705,98,100,0,600,2191
reset_awldev_spec4mixF,403,35,2160,1138,1732,221,1,155534,12442,2161,1139,1770,2153,1137,1691,99,100,0,600,2180
reset_awldev_spec4mixF,403,36,2159,1138,1731,227,1,155545,12443,2161,1140,1782,2159,1137,1704,98,100,0,600,2188
reset_awldev_spec4mixF,403,37,2161,1138,1745,233,1,155600,12448,2161,1139,1765,2159,1137,1705,98,100,0,600,2197
reset_awldev_spec4mixF,403,38,2161,1139,1740,239,1,155572,12445,2162,1140,1769,2160,1138,1707,98,100,0,599,2188
reset_awldev_spec4mixF,403,39,2161,1139,1747,245,1,155583,12446,2161,1140,1761,2159,1138,1704,98,100,0,600,2194
reset_awldev_spec4mixF,403,40,2159,1139,1745,251,2,155590,12447,2161,1140,1765,2159,1137,1706,98,100,0,600,2183
reset_awldev_spec4mixF,403,41,2161,1138,1734,257,2,155602,12448,2162,1139,1766,2159,1137,1705,98,100,0,600,2191
reset_awldev_spec4mixF,403,42,2161,1138,1741,263,2,155613,12449,2162,1139,1762,2159,1138,1700,98,100,0,600,2194
reset_awldev_spec4mixF,403,43,2163,1138,1744,269,2,155624,12449,2163,1140,1771,2159,1137,1704,98,100,0,600,2191
reset_awldev_spec4mixF,403,44,2161,1138,1743,275,2,155632,12450,2163,1140,1766,2160,1138,1704,98,100,0,600,2183
reset_awldev_spec4mixF,403,45,2163,1139,1749,282,2,155645,12451,2163,1140,1766,2160,1137,1710,98,100,0,600,2191
reset_awldev_spec4mixF,403,46,2155,1138,1738,288,2,155645,12451,2165,1140,1768,2155,1137,1696,99,100,0,601,2171
reset_awldev_spec4mixF,403,47,2144,1139,1717,293,2,155654,12452,2155,1140,1759,2143,1137,1708,98,100,0,601,2177
reset_awldev_spec4mixF,403,48,2140,1139,1739,299,2,155598,12447,2144,1140,1758,2138,1137,1698,98,100,0,601,2180
reset_awldev_spec4mixF,403,49,2140,1140,1734,305,2,155579,12446,2142,1140,1755,2139,1138,1693,98,100,0,601,2163
reset_awldev_spec4mixF,403,50,2137,1139,1712,311,2,155582,12446,2140,1140,1747,2137,1138,1699,98,100,0,601,2160
reset_awldev_spec4mixF,403,51,2145,1139,1754,317,2,155544,12443,2145,1140,1767,2136,1138,1707,98,100,0,601,2186
reset_awldev_spec4mixF,403,52,2167,1140,1750,323,2,155571,12445,2167,1140,1801,2145,1137,1722,98,100,0,601,2203
reset_awldev_spec4mixF,403,53,2168,1139,1742,329,2,155590,12447,2169,1140,1798,2167,1138,1716,98,100,0,601,2194
reset_awldev_spec4mixF,403,54,2169,1139,1750,335,2,155610,12448,2170,1140,1802,2167,1138,1718,98,100,0,601,2197
reset_awldev_spec4mixF,403,55,2169,1140,1748,341,2,155628,12450,2171,1141,1803,2169,1138,1718,98,100,0,601,2191
reset_awldev_spec4mixF,403,56,2166,1140,1724,347,2,155640,12451,2169,1141,1754,2166,1138,1712,98,100,0,601,2194
reset_awldev_spec4mixF,403,57,2168,1140,1747,353,2,155657,12452,2168,1141,1755,2165,1138,1718,98,100,0,601,2194
reset_awldev_spec4mixF,403,58,2166,1140,1747,360,2,155669,12453,2169,1141,1755,2166,1139,1716,98,100,0,601,2194
reset_awldev_spec4mixF,403,59,2166,1140,1748,366,2,155682,12454,2167,1141,1757,2165,1138,1716,98,100,0,601,2197
reset_awldev_spec4mixF,403,60,2169,1141,1715,372,2,155698,12455,2170,1142,1803,2166,1138,1715,98,100,0,601,2200
reset_awldev_spec4mixF,403,61,2165,1140,1742,378,3,155708,12456,2169,1141,1753,2165,1139,1715,99,100,0,601,2186
reset_awldev_spec4mixF,403,62,2167,1140,1751,384,3,155722,12457,2167,1141,1756,2165,1138,1720,98,100,0,601,2200
reset_awldev_spec4mixF,403,63,2167,1139,1749,390,3,155735,12458,2168,1141,1753,2167,1138,1717,98,100,0,601,2194
reset_awldev_spec4mixF,403,64,2165,1139,1748,396,3,155743,12459,2167,1140,1753,2165,1139,1717,98,100,0,601,2188
reset_awldev_spec4mixF,403,65,2167,1140,1748,402,3,155755,12460,2167,1140,1757,2165,1138,1718,98,100,0,601,2191
reset_awldev_spec4mixF,403,66,2167,1140,1748,408,3,155766,12461,2167,1140,1799,2166,1138,1715,98,100,0,601,2203
reset_awldev_spec4mixF,403,67,2168,1139,1749,414,3,155777,12462,2168,1140,1755,2166,1138,1717,98,100,0,601,2200
reset_awldev_spec4mixF,403,68,2168,1140,1748,420,3,155788,12463,2169,1140,1757,2167,1138,1714,98,100,0,601,2191
reset_awldev_spec4mixF,403,69,2166,1140,1745,426,3,155797,12463,2168,1140,1797,2166,1138,1715,98,100,0,601,2188
reset_awldev_spec4mixF,403,70,2168,1139,1751,432,3,155808,12464,2168,1140,1768,2166,1138,1716,98,100,0,601,2197
reset_awldev_spec4mixF,403,71,2167,1140,1736,438,3,155817,12465,2169,1140,1755,2167,1138,1717,98,100,0,601,2194
reset_awldev_spec4mixF,403,72,2165,1138,1752,444,3,155825,12466,2167,1140,1754,2165,1138,1719,98,100,0,601,2191
reset_awldev_spec4mixF,403,73,2168,1139,1749,450,3,155837,12466,2169,1140,1761,2165,1137,1718,98,100,0,601,2194
reset_awldev_spec4mixF,403,74,2168,1138,1747,456,3,155847,12467,2170,1140,1806,2168,1137,1718,98,100,0,601,2197
reset_awldev_spec4mixF,403,75,2169,1139,1755,462,3,155857,12468,2170,1140,1802,2167,1137,1717,98,100,0,600,2194
reset_awldev_spec4mixF,403,76,2171,1140,1746,468,3,155869,12469,2172,1140,1803,2169,1137,1721,99,100,0,600,2191
reset_awldev_spec4mixF,403,77,2168,1140,1747,474,3,155877,12470,2171,1140,1753,2168,1137,1713,98,100,0,600,2197
reset_awldev_spec4mixF,403,78,2171,1136,1755,480,3,155888,12471,2171,1140,1806,2168,1135,1721,98,100,0,599,2197
reset_awldev_spec4mixF,403,79,2169,1136,1751,486,3,155897,12471,2171,1137,1760,2169,1135,1720,98,100,0,599,2191
reset_awldev_spec4mixF,403,80,2171,1135,1760,492,3,155909,12472,2171,1138,1806,2169,1133,1726,98,100,0,599,2200
reset_awldev_spec4mixF,403,81,2173,1134,1757,499,3,155940,12475,2173,1137,1768,2171,1133,1723,98,100,0,600,2205
reset_awldev_spec4mixF,403,82,2172,1134,1752,505,4,155933,12474,2174,1135,1810,2171,1133,1726,98,100,0,600,2205
reset_awldev_spec4mixF,403,83,2174,1134,1758,511,4,155944,12475,2174,1135,1810,2171,1132,1728,98,100,0,600,2208
reset_awldev_spec4mixF,403,84,2172,1133,1755,517,4,155955,12476,2174,1135,1766,2172,1133,1727,98,100,0,600,2200
reset_awldev_spec4mixF,403,85,2171,1134,1756,523,4,155964,12477,2173,1135,1805,2170,1132,1727,98,100,0,600,2200
reset_awldev_spec4mixF,403,86,2174,1134,1738,529,4,155977,12478,2174,1134,1814,2171,1132,1731,98,100,0,600,2200
reset_awldev_spec4mixF,403,87,2172,1134,1758,535,4,155986,12478,2175,1134,1804,2172,1133,1725,98,100,0,600,2194
reset_awldev_spec4mixF,403,88,2173,1133,1759,541,4,155997,12479,2173,1135,1814,2171,1132,1728,98,100,0,600,2208
reset_awldev_spec4mixF,403,89,2173,1132,1760,547,4,156007,12480,2173,1135,1767,2172,1132,1730,98,100,0,600,2203
reset_awldev_spec4mixF,403,90,2171,1133,1755,553,4,156015,12481,2173,1134,1810,2171,1131,1728,98,100,0,600,2194
reset_awldev_spec4mixF,403,91,2172,1134,1762,559,4,156041,12483,2172,1134,1809,2171,1132,1729,98,100,0,600,2203
reset_awldev_spec4mixF,403,92,2164,1134,1743,565,4,156027,12482,2173,1134,1767,2164,1132,1719,99,100,0,600,2183
reset_awldev_spec4mixF,403,93,2166,1134,1760,571,4,156030,12482,2166,1134,1812,2159,1131,1729,98,100,0,600,2200
reset_awldev_spec4mixF,403,94,2173,1134,1744,577,4,156040,12483,2173,1135,1812,2166,1132,1727,98,100,0,600,2203
reset_awldev_spec4mixF,403,95,2156,1134,1737,583,4,156034,12482,2173,1135,1794,2156,1132,1712,99,100,0,600,2171
reset_awldev_spec4mixF,403,96,2165,1134,1759,589,4,156039,12483,2165,1134,1811,2154,1132,1732,98,100,0,601,2200
reset_awldev_spec4mixF,403,97,2170,1134,1761,595,4,156048,12483,2170,1134,1767,2165,1132,1726,98,100,0,601,2200
reset_awldev_spec4mixF,403,98,2169,1134,1759,601,4,156054,12484,2171,1134,1806,2169,1132,1725,98,100,0,601,2197
reset_awldev_spec4mixF,403,99,2171,1134,1761,607,4,156061,12484,2171,1135,1810,2168,1132,1728,98,100,0,601,2197
reset_awldev_spec4mixF,403,100,2171,1133,1761,613,4,156069,12485,2173,1135,1812,2171,1132,1726,98,100,0,601,2197
reset_awldev_spec4mixF,403,101,2168,1133,1758,619,4,156073,12485,2171,1134,1765,2168,1132,1726,98,100,0,601,2194
reset_awldev_spec4mixF,403,102,2112,1134,1717,625,5,156043,12483,2168,1135,1760,2111,1132,1699,98,100,0,601,2140
reset_awldev_spec4mixF,403,103,2111,1135,1706,631,5,156009,12480,2115,1136,1760,2111,1133,1696,99,100,0,601,2131
reset_awldev_spec4mixF,403,104,2115,1134,1708,637,5,155980,12478,2122,1135,1767,2110,1133,1693,99,100,0,601,2131
reset_awldev_spec4mixF,403,105,2115,1135,1705,643,5,155957,12476,2168,1135,1772,2111,1132,1696,98,100,0,601,2137
reset_awldev_spec4mixF,403,106,2121,1135,1720,649,5,155933,12474,2121,1135,1732,2115,1133,1705,98,100,0,601,2151
reset_awldev_spec4mixF,403,107,2118,1134,1715,655,5,155906,12472,2122,1135,1734,2118,1133,1695,99,100,0,601,2137
reset_awldev_spec4mixF,403,108,2117,1133,1721,661,5,155877,12470,2118,1135,1730,2114,1132,1695,98,100,0,601,2151
reset_awldev_spec4mixF,403,109,2112,1131,1717,667,5,155845,12467,2117,1134,1731,2111,1131,1693,99,100,0,601,2129
reset_awldev_spec4mixF,403,110,2119,1132,1723,672,5,155821,12465,2119,1133,1733,2110,1130,1700,98,100,0,601,2151
reset_awldev_spec4mixF,403,111,2115,1133,1690,678,5,155793,12463,2121,1135,1731,2115,1131,1689,98,100,0,601,2137
reset_awldev_spec4mixF,403,112,2115,1134,1709,684,5,155766,12461,2115,1135,1730,2110,1133,1690,98,100,0,601,2149
reset_awldev_spec4mixF,403,113,2120,1134,1750,690,5,155746,12459,2122,1135,1772,2115,1133,1695,98,100,0,601,2149
reset_awldev_spec4mixF,403,114,2113,1134,1716,696,5,155717,12457,2125,1135,1767,2113,1132,1692,98,100,0,600,2137
reset_awldev_spec4mixF,403,115,2110,1134,1709,702,5,155688,12455,2113,1135,1724,2110,1133,1692,98,100,0,599,2137
reset_awldev_spec4mixF,403,116,2113,1134,1713,708,5,155664,12453,2117,1135,1731,2110,1133,1694,98,100,0,600,2137
reset_awldev_spec4mixF,403,117,2118,1132,1724,714,5,155642,12451,2118,1135,1734,2111,1132,1693,98,100,0,600,2151
reset_awldev_spec4mixF,403,118,2119,1134,1719,720,5,155619,12449,2119,1135,1730,2116,1132,1699,98,100,0,600,2151
reset_awldev_spec4mixF,403,119,2110,1133,1710,726,5,155591,12447,2119,1135,1723,2110,1133,1694,98,100,0,600,2134
reset_awldev_spec4mixF,403,120,2108,1133,1713,731,5,155563,12445,2110,1135,1723,2108,1133,1694,98,100,0,601,2134
reset_awldev_spec4mixF,403,121,2109,1134,1696,737,5,155538,12443,2114,1135,1731,2108,1132,1695,99,100,0,600,2129
reset_awldev_spec4mixF,403,122,2113,1134,1721,743,5,155517,12441,2117,1134,1739,2108,1132,1694,99,100,0,600,2131
reset_awldev_spec4mixF,403,123,2117,1134,1699,749,5,155497,12439,2120,1135,1737,2113,1132,1699,99,100,0,600,2134
reset_awldev_spec4mixF,403,124,2123,1134,1722,755,6,155481,12438,2123,1134,1748,2117,1132,1699,98,100,0,600,2154
reset_awldev_spec4mixF,403,125,2118,1134,1710,761,6,155474,12437,2125,1134,1741,2118,1132,1698,99,100,0,600,2129
reset_awldev_spec4mixF,403,126,2111,1134,1713,767,6,155438,12435,2118,1135,1734,2111,1133,1693,99,100,0,600,2129
reset_awldev_spec4mixF,403,127,2105,1133,1699,773,6,155410,12432,2111,1135,1726,2105,1132,1691,98,100,0,600,2131
reset_awldev_spec4mixF,403,128,2117,1134,1709,779,6,155393,12431,2117,1135,1737,2105,1132,1696,98,100,0,600,2149
reset_awldev_spec4mixF,403,129,2116,1134,1712,785,6,155375,12430,2120,1134,1741,2116,1132,1696,99,100,0,600,2129
reset_awldev_spec4mixF,403,130,2111,1134,1711,790,6,155352,12428,2116,1135,1734,2111,1132,1693,99,100,0,600,2129
reset_awldev_spec4mixF,403,131,2113,1133,1719,796,6,155330,12426,2113,1135,1735,2107,1133,1691,98,100,0,600,2154
reset_awldev_spec4mixF,403,132,2111,1132,1706,802,6,155310,12424,2118,1135,1735,2111,1131,1696,99,100,0,600,2131
reset_awldev_spec4mixF,403,133,2109,1133,1701,808,6,155286,12422,2111,1134,1734,2107,1132,1697,99,100,0,600,2129
reset_awldev_spec4mixF,403,134,2104,1134,1713,814,6,155262,12420,2109,1134,1729,2104,1132,1693,98,100,0,600,2126
reset_awldev_spec4mixF,403,135,2111,1133,1699,820,6,155243,12419,2114,1135,1735,2103,1132,1690,99,100,0,600,2129
reset_awldev_spec4mixF,403,136,2108,1134,1699,826,6,155234,12418,2115,1135,1732,2108,1133,1692,99,100,0,600,2129
reset_awldev_spec4mixF,403,137,2107,1135,1696,831,6,155200,12416,2108,1136,1733,2105,1133,1693,98,100,0,601,2131
reset_awldev_spec4mixF,403,138,2108,1134,1717,837,6,155179,12414,2111,1135,1732,2105,1133,1692,99,100,0,601,2129
reset_awldev_spec4mixF,403,139,2112,1134,1721,843,6,155160,12412,2112,1135,1736,2105,1132,1692,98,100,0,601,2146
reset_awldev_spec4mixF,403,140,2110,1134,1716,849,6,155141,12411,2117,1134,1733,2110,1132,1694,99,100,0,601,2129
reset_awldev_spec4mixF,403,141,2115,1133,1726,855,6,155135,12410,2115,1135,1734,2107,1133,1696,98,100,0,601,2149
reset_awldev_spec4mixF,403,142,2106,1134,1710,861,6,155103,12408,2116,1135,1734,2106,1133,1694,99,100,0,601,2120
reset_awldev_spec4mixF,403,143,2109,1133,1698,867,6,155083,12406,2111,1135,1733,2104,1133,1690,99,100,0,601,2129
reset_awldev_spec4mixF,403,144,2109,1134,1707,873,6,155066,12405,2114,1135,1735,2109,1133,1693,98,100,0,601,2134
reset_awldev_spec4mixF,403,145,2108,1134,1714,878,7,155046,12403,2109,1135,1734,2105,1132,1691,99,100,0,601,2129
reset_awldev_spec4mixF,403,146,2112,1134,1713,884,7,155039,12403,2112,1135,1735,2104,1132,1692,98,100,0,601,2151
reset_awldev_spec4mixF,403,147,2076,1134,1679,890,7,154989,12399,2112,1135,1720,2076,1133,1659,99,100,0,601,2083
reset_awldev_spec4mixF,403,148,2064,1133,1656,896,7,154959,12396,2076,1135,1715,2064,1132,1652,99,100,0,601,2069
reset_awldev_spec4mixF,403,149,2050,1134,1655,902,7,154900,12392,2064,1135,1707,2050,1133,1646,98,100,0,601,2075
reset_awldev_spec4mixF,403,150,2046,1134,1659,907,7,154852,12388,2050,1135,1705,2045,1133,1646,98,100,0,601,2075
reset_awldev_spec4mixF,403,151,2050,1135,1668,913,7,154809,12384,2050,1135,1687,2046,1133,1657,98,100,0,601,2077
reset_awldev_spec4mixF,403,152,2051,1133,1710,919,7,154766,12381,2052,1135,1710,2050,1133,1656,98,100,0,601,2075
reset_awldev_spec4mixF,403,153,2043,1134,1658,924,7,154729,12378,2052,1135,1710,2043,1132,1644,99,100,0,601,2060
reset_awldev_spec4mixF,403,154,2038,1134,1654,930,7,154670,12373,2043,1135,1701,2038,1133,1645,98,100,0,601,2060
reset_awldev_spec4mixF,403,155,2037,1134,1646,936,7,154622,12369,2039,1135,1702,2037,1133,1644,98,100,0,601,2063
reset_awldev_spec4mixF,403,156,2041,1135,1664,941,7,154576,12366,2041,1135,1701,2036,1133,1643,98,100,0,601,2075
reset_awldev_spec4mixF,403,157,2046,1135,1660,947,7,154534,12362,2046,1135,1672,2041,1134,1655,98,100,0,601,2077
reset_awldev_spec4mixF,403,158,2044,1136,1664,953,7,154490,12359,2046,1137,1695,2041,1133,1641,98,100,0,601,2075
reset_awldev_spec4mixF,403,159,2040,1135,1649,959,7,154455,12356,2046,1136,1696,2040,1134,1642,98,100,0,601,2066
reset_awldev_spec4mixF,403,160,2036,1135,1671,964,7,154400,12352,2040,1137,1699,2036,1133,1641,98,100,0,601,2060
reset_awldev_spec4mixF,403,161,2035,1134,1655,970,7,154354,12348,2037,1136,1697,2035,1133,1643,98,100,0,601,2060
reset_awldev_spec4mixF,403,162,2035,1134,1661,976,7,154310,12344,2036,1135,1697,2034,1133,1642,98,100,0,601,2058
reset_awldev_spec4mixF,403,163,2038,1135,1663,981,7,154266,12341,2038,1136,1695,2034,1133,1641,98,100,0,601,2075
reset_awldev_spec4mixF,403,164,2045,1135,1664,987,7,154228,12338,2045,1136,1671,2038,1133,1653,98,100,0,601,2075
reset_awldev_spec4mixF,403,165,2046,1134,1660,993,7,154199,12335,2047,1135,1669,2045,1133,1648,98,100,0,601,2075
reset_awldev_spec4mixF,403,166,2046,1135,1660,998,7,154152,12332,2047,1135,1705,2045,1133,1643,98,100,0,601,2075
reset_awldev_spec4mixF,403,167,2046,1133,1659,1004,8,154113,12329,2046,1135,1693,2044,1132,1643,98,100,0,601,2075
reset_awldev_spec4mixF,403,168,2043,1133,1648,1010,8,154075,12326,2046,1135,1699,2043,1133,1643,98,100,0,601,2066
reset_awldev_spec4mixF,403,169,2038,1135,1648,1015,8,154034,12322,2043,1135,1699,2037,1133,1643,98,100,0,601,2066
reset_awldev_spec4mixF,403,170,2036,1135,1649,1021,8,154002,12320,2038,1135,1702,2036,1132,1643,98,100,0,601,2066
reset_awldev_spec4mixF,403,171,2035,1134,1651,1027,8,153953,12316,2036,1135,1701,2035,1133,1642,98,100,0,601,2066
reset_awldev_spec4mixF,403,172,2039,1133,1690,1032,8,153915,12313,2040,1135,1710,2035,1133,1643,98,100,0,600,2066
reset_awldev_spec4mixF,403,173,2039,1134,1660,1038,8,153885,12310,2039,1135,1710,2037,1133,1643,98,100,0,600,2075
reset_awldev_spec4mixF,403,174,2037,1134,1645,1044,8,153847,12307,2040,1135,1698,2037,1134,1642,98,100,0,600,2066
reset_awldev_spec4mixF,403,175,2042,1134,1664,1050,8,153802,12304,2042,1135,1705,2037,1133,1642,98,100,0,600,2077
reset_awldev_spec4mixF,403,176,2040,1134,1651,1055,8,153765,12301,2043,1135,1709,2039,1132,1644,98,100,0,600,2066
reset_awldev_spec4mixF,403,177,2041,1134,1650,1061,8,153739,12299,2044,1135,1706,2040,1133,1644,98,100,0,600,2066
reset_awldev_spec4mixF,403,178,2043,1134,1648,1067,8,153705,12296,2045,1135,1706,2039,1133,1644,99,100,0,600,2060
reset_awldev_spec4mixF,403,179,2039,1134,1654,1072,8,153669,12293,2043,1135,1698,2039,1133,1643,98,100,0,600,2063
reset_awldev_spec4mixF,403,180,2042,1135,1662,1078,8,153627,12290,2042,1135,1695,2038,1132,1644,98,100,0,600,2077
reset_awldev_spec4mixF,403,181,2042,1134,1673,1084,8,153594,12287,2046,1135,1706,2042,1133,1643,99,100,0,600,2060
reset_awldev_spec4mixF,403,182,2043,1134,1652,1089,8,153561,12284,2043,1135,1706,2039,1133,1644,98,100,0,600,2077
reset_awldev_spec4mixF,403,183,2037,1135,1652,1095,8,153525,12282,2043,1135,1697,2037,1132,1642,98,100,0,600,2058
reset_awldev_spec4mixF,403,184,2041,1134,1669,1101,8,153501,12280,2041,1135,1695,2037,1133,1644,98,100,0,600,2075
reset_awldev_spec4mixF,403,185,2039,1135,1650,1106,8,153459,12276,2042,1136,1699,2039,1133,1644,98,100,0,600,2060
reset_awldev_spec4mixF,403,186,2038,1134,1649,1112,8,153426,12274,2040,1135,1697,2038,1132,1643,98,100,0,600,2066
reset_awldev_spec4mixF,403,187,2038,1134,1646,1118,8,153401,12272,2038,1135,1698,2037,1133,1643,98,100,0,600,2066
reset_awldev_spec4mixF,403,188,2042,1133,1660,1123,8,153361,12268,2042,1135,1700,2037,1131,1643,98,100,0,600,2077
reset_awldev_spec4mixF,403,189,2047,1133,1664,1129,9,153333,12266,2047,1133,1708,2042,1131,1658,98,100,0,600,2075
reset_awldev_spec4mixF,403,190,2043,1132,1653,1135,9,153303,12264,2049,1134,1712,2043,1132,1645,98,100,0,600,2069
reset_awldev_spec4mixF,403,191,2043,1132,1653,1141,9,153274,12261,2047,1134,1711,2043,1131,1647,98,100,0,600,2069
reset_awldev_spec4mixF,403,192,2039,1131,1655,1146,9,153251,12260,2043,1132,1703,2039,1128,1648,98,100,0,600,2066
reset_awldev_spec4mixF,403,193,2044,1130,1668,1152,9,153214,12257,2044,1131,1703,2038,1129,1650,98,100,0,600,2077
reset_awldev_spec4mixF,403,194,2048,1130,1669,1158,9,153195,12255,2048,1131,1716,2044,1129,1661,98,100,0,599,2077
reset_awldev_spec4mixF,403,195,2048,1131,1656,1163,9,153162,12252,2053,1132,1717,2048,1128,1648,98,100,0,600,2072
reset_awldev_spec4mixF,403,196,2047,1130,1676,1169,9,153136,12250,2052,1131,1720,2047,1129,1646,99,100,0,600,2066
reset_awldev_spec4mixF,403,197,2049,1131,1665,1175,9,153110,12248,2049,1131,1685,2046,1129,1650,98,100,0,600,2077
reset_awldev_spec4mixF,403,198,2046,1130,1658,1180,9,153083,12246,2050,1131,1699,2046,1129,1648,98,100,0,599,2069
reset_awldev_spec4mixF,403,199,2045,1131,1665,1186,9,153057,12244,2046,1131,1714,2044,1129,1648,98,100,0,600,2077
reset_awldev_spec4mixF,403,200,2043,1131,1647,1192,9,153029,12242,2046,1132,1709,2043,1130,1642,98,100,0,601,2069
reset_awldev_spec4mixF,403,201,2040,1131,1652,1197,9,153008,12240,2043,1132,1712,2040,1129,1640,98,100,0,601,2066
reset_awldev_spec4mixF,403,202,2044,1130,1671,1203,9,152975,12238,2044,1133,1702,2039,1129,1648,98,100,0,601,2080
reset_awldev_spec4mixF,403,203,2043,1131,1658,1209,9,152949,12235,2046,1131,1708,2043,1129,1649,98,100,0,601,2072
reset_awldev_spec4mixF,403,204,2042,1131,1671,1214,9,152922,12233,2043,1132,1708,2042,1129,1650,98,100,0,601,2072
reset_awldev_spec4mixF,403,205,2050,1131,1659,1220,9,152899,12231,2050,1131,1721,2042,1129,1650,98,100,0,601,2086
reset_awldev_spec4mixF,403,206,2043,1131,1663,1226,9,152880,12230,2050,1132,1705,2043,1129,1649,98,100,0,600,2072
reset_awldev_spec4mixF,403,207,2042,1131,1665,1232,9,152847,12227,2043,1132,1711,2041,1129,1649,98,100,0,601,2072
reset_awldev_spec4mixF,403,208,2047,1131,1655,1237,9,152823,12225,2049,1131,1751,2042,1129,1643,98,100,0,601,2072
reset_awldev_spec4mixF,403,209,2045,1129,1697,1243,9,152799,12223,2050,1132,1740,2044,1129,1643,98,100,0,601,2069
reset_awldev_spec4mixF,403,210,2046,1129,1693,1249,9,152776,12222,2048,1130,1709,2044,1128,1652,98,100,0,600,2072
reset_awldev_spec4mixF,403,211,2042,1129,1688,1254,10,152751,12220,2046,1130,1709,2042,1128,1649,98,100,0,601,2063
reset_awldev_spec4mixF,403,212,2045,1129,1707,1260,10,152728,12218,2047,1130,1708,2042,1128,1649,98,100,0,600,2069
reset_awldev_spec4mixF,403,213,2042,1129,1683,1266,10,152703,12216,2045,1130,1710,2042,1128,1650,98,100,0,600,2066
reset_awldev_spec4mixF,403,214,2050,1129,1668,1272,10,152683,12214,2050,1130,1720,2042,1127,1652,98,100,0,600,2083
reset_awldev_spec4mixF,403,215,2048,1129,1654,1277,10,152661,12212,2052,1130,1716,2048,1127,1645,99,100,0,600,2060
reset_awldev_spec4mixF,403,216,2045,1130,1663,1283,10,152638,12211,2049,1130,1724,2045,1128,1647,98,100,0,600,2069
reset_awldev_spec4mixF,403,217,2043,1130,1661,1289,10,152615,12209,2045,1130,1708,2042,1128,1652,98,100,0,600,2075
reset_awldev_spec4mixF,403,218,2042,1129,1658,1294,10,152598,12207,2043,1130,1707,2041,1128,1651,98,100,0,600,2072
reset_awldev_spec4mixF,403,219,2049,1130,1663,1300,10,152570,12205,2049,1131,1709,2041,1128,1653,98,100,0,600,2089
reset_awldev_spec4mixF,403,220,2044,1129,1657,1306,10,152554,12204,2049,1131,1707,2043,1128,1651,98,100,0,600,2072
reset_awldev_spec4mixF,403,221,2042,1129,1656,1311,10,152524,12201,2044,1130,1707,2041,1128,1649,98,100,0,600,2072
reset_awldev_spec4mixF,403,222,2043,1129,1665,1317,10,152502,12200,2044,1130,1712,2041,1128,1652,98,100,0,600,2075
reset_awldev_spec4mixF,403,223,2051,1129,1663,1323,10,152484,12198,2051,1130,1713,2043,1127,1655,98,100,0,599,2077
reset_awldev_spec4mixF,403,224,2056,1129,1679,1329,10,152467,12197,2056,1130,1724,2050,1127,1659,98,100,0,600,2086
reset_awldev_spec4mixF,403,225,2058,1129,1682,1334,10,152450,12196,2058,1130,1715,2054,1127,1660,98,100,0,600,2089
reset_awldev_spec4mixF,403,226,2058,1129,1663,1340,10,152433,12194,2060,1130,1684,2058,1127,1660,99,100,0,600,2077
reset_awldev_spec4mixF,403,227,2049,1129,1663,1346,10,152413,12193,2058,1130,1713,2049,1128,1650,98,100,0,600,2075
reset_awldev_spec4mixF,403,228,2044,1128,1658,1351,10,152391,12191,2049,1130,1715,2044,1128,1646,98,100,0,600,2072
reset_awldev_spec4mixF,403,229,2047,1129,1674,1357,10,152372,12189,2047,1130,1718,2043,1127,1650,98,100,0,600,2077
reset_awldev_spec4mixF,403,230,2050,1130,1670,1363,10,152354,12188,2050,1130,1686,2047,1128,1661,98,100,0,600,2080
reset_awldev_spec4mixF,403,231,2044,1130,1653,1369,10,152333,12186,2050,1130,1710,2044,1128,1649,98,100,0,600,2072
reset_awldev_spec4mixF,403,232,2042,1128,1654,1374,10,152312,12185,2044,1130,1708,2041,1127,1648,98,100,0,600,2072
reset_awldev_spec4mixF,403,233,2042,1128,1687,1380,11,152292,12183,2042,1130,1711,2040,1128,1651,98,100,0,600,2080
reset_awldev_spec4mixF,403,234,2048,1130,1670,1386,11,152274,12181,2049,1130,1714,2042,1128,1651,98,100,0,600,2075
reset_awldev_spec4mixF,403,235,2046,1129,1658,1391,11,152255,12180,2050,1131,1714,2046,1128,1651,98,100,0,599,2069
reset_awldev_spec4mixF,403,236,2042,1129,1660,1397,11,152235,12178,2046,1130,1715,2042,1128,1651,98,100,0,600,2066
reset_awldev_spec4mixF,403,237,2041,1129,1657,1403,11,152214,12177,2042,1130,1707,2040,1128,1650,98,100,0,600,2072
reset_awldev_spec4mixF,403,238,2044,1129,1677,1408,11,152195,12175,2044,1130,1713,2039,1127,1652,98,100,0,600,2077
reset_awldev_spec4mixF,403,239,2041,1129,1653,1414,11,152175,12174,2044,1130,1714,2041,1127,1649,98,100,0,600,2066
reset_awldev_spec4mixF,403,240,2041,1129,1667,1420,11,152155,12172,2041,1130,1707,2040,1127,1652,98,100,0,600,2069
reset_awldev_spec4mixF,403,241,2048,1129,1666,1426,11,152138,12171,2048,1129,1686,2041,1128,1661,98,100,0,600,2075
reset_awldev_spec4mixF,403,242,2050,1128,1669,1431,11,152122,12169,2050,1130,1684,2048,1127,1663,98,100,0,600,2077
reset_awldev_spec4mixF,403,243,2049,1133,1668,1437,11,152105,12168,2050,1134,1696,2049,1128,1649,98,100,0,600,2077
reset_awldev_spec4mixF,403,244,2050,1133,1676,1443,11,152089,12167,2050,1134,1688,2048,1128,1649,98,100,0,600,2080
reset_awldev_spec4mixF,403,245,2047,1129,1668,1448,11,152071,12165,2051,1134,1712,2046,1128,1648,98,100,0,600,2077
reset_awldev_spec4mixF,403,246,2042,1129,1656,1454,11,152052,12164,2048,1130,1702,2042,1128,1647,98,100,0,600,2066
reset_awldev_spec4mixF,403,247,2045,1134,1650,1460,11,152036,12162,2048,1135,1715,2042,1128,1641,99,100,0,600,2063
reset_awldev_spec4mixF,403,248,2041,1133,1653,1466,11,152023,12161,2045,1134,1703,2041,1129,1645,99,100,0,599,2060
reset_awldev_spec4mixF,403,249,2040,1134,1645,1471,11,151998,12159,2041,1136,1699,2039,1133,1640,98,100,0,600,2069
reset_awldev_spec4mixF,403,250,2039,1130,1656,1477,11,151979,12158,2040,1135,1709,2038,1129,1643,98,100,0,600,2069
reset_awldev_spec4mixF,403,251,2044,1134,1661,1483,11,151962,12156,2044,1135,1713,2038,1127,1644,98,100,0,600,2077
reset_awldev_spec4mixF,403,252,2044,1133,1649,1488,11,151945,12155,2047,1136,1703,2044,1129,1646,98,100,0,600,2069
reset_awldev_spec4mixF,403,253,2039,1133,1696,1494,11,151927,12154,2044,1135,1710,2039,1128,1642,98,100,0,600,2063
reset_awldev_spec4mixF,403,254,2038,1130,1660,1500,12,151908,12152,2040,1135,1710,2038,1127,1640,99,100,0,600,2058
reset_awldev_spec4mixF,403,255,2035,1135,1646,1505,12,151889,12151,2038,1135,1700,2035,1129,1642,99,100,0,600,2055
reset_awldev_spec4mixF,403,256,2034,1130,1652,1511,12,151869,12149,2035,1135,1704,2033,1127,1642,98,100,0,600,2060
reset_awldev_spec4mixF,403,257,2041,1128,1669,1517,12,151858,12148,2041,1136,1708,2033,1128,1644,98,100,0,600,2075
reset_awldev_spec4mixF,403,258,2039,1130,1671,1522,12,151835,12146,2044,1135,1697,2039,1128,1641,99,100,0,600,2058
reset_awldev_spec4mixF,403,259,2037,1134,1645,1528,12,151823,12145,2041,1135,1700,2037,1129,1640,98,100,0,600,2058
reset_awldev_spec4mixF,403,260,2035,1129,1659,1534,12,151798,12143,2037,1134,1703,2035,1128,1644,98,100,0,599,2060
reset_awldev_spec4mixF,403,261,2035,1133,1644,1539,12,151780,12142,2035,1134,1700,2034,1128,1643,98,100,0,600,2066
reset_awldev_spec4mixF,403,262,2040,1134,1663,1545,12,151763,12141,2040,1136,1715,2033,1128,1640,97,100,0,600,2083
reset_awldev_spec4mixF,403,263,2036,1130,1657,1551,12,151745,12139,2042,1135,1706,2036,1128,1640,98,100,0,600,2066
reset_awldev_spec4mixF,403,264,2034,1130,1654,1556,12,151727,12138,2036,1134,1704,2034,1129,1641,98,100,0,600,2066
reset_awldev_spec4mixF,403,265,2034,1131,1651,1562,12,151709,12136,2035,1134,1706,2033,1129,1646,98,100,0,600,2063
reset_awldev_spec4mixF,403,266,2034,1130,1653,1568,12,151697,12135,2035,1133,1707,2034,1128,1646,98,100,0,600,2063
reset_awldev_spec4mixF,403,267,2033,1130,1658,1573,12,151673,12133,2034,1130,1702,2033,1128,1645,98,100,0,601,2063
reset_awldev_spec4mixF,403,268,2037,1130,1654,1579,12,151656,12132,2037,1131,1710,2032,1128,1645,98,100,0,601,2063
reset_awldev_spec4mixF,403,269,2033,1130,1651,1585,12,151639,12131,2037,1134,1702,2033,1128,1646,98,100,0,601,2060
reset_awldev_spec4mixF,403,270,2032,1129,1670,1590,12,151621,12129,2034,1134,1700,2032,1129,1644,98,100,0,601,2063
reset_awldev_spec4mixF,403,271,2033,1130,1669,1596,12,151603,12128,2033,1131,1703,2032,1129,1646,98,100,0,601,2058
reset_awldev_spec4mixF,403,272,2040,1131,1665,1602,12,151588,12127,2040,1132,1697,2033,1129,1647,98,100,0,601,2075
reset_awldev_spec4mixF,403,273,2043,1130,1665,1607,12,151574,12125,2043,1131,1673,2040,1129,1659,98,100,0,601,2075
reset_awldev_spec4mixF,403,274,2038,1130,1652,1613,12,151558,12124,2043,1131,1705,2038,1129,1647,98,100,0,601,2072
reset_awldev_spec4mixF,403,275,2035,1130,1646,1619,12,151541,12123,2038,1136,1700,2035,1128,1640,98,100,0,601,2066
reset_awldev_spec4mixF,403,276,2035,1131,1652,1624,12,151524,12121,2035,1136,1701,2034,1130,1644,98,100,0,601,2066
reset_awldev_spec4mixF,403,277,2037,1130,1654,1630,13,151509,12120,2039,1133,1715,2035,1129,1648,98,100,0,601,2063
reset_awldev_spec4mixF,403,278,2035,1130,1694,1636,13,151493,12119,2037,1132,1704,2035,1130,1647,98,100,0,601,2060
reset_awldev_spec4mixF,403,279,2042,1130,1670,1641,13,151485,12118,2042,1137,1713,2035,1130,1645,98,100,0,601,2075
reset_awldev_spec4mixF,403,280,2046,1130,1665,1647,13,151467,12117,2046,1132,1711,2042,1130,1659,98,100,0,601,2072
reset_awldev_spec4mixF,403,281,2038,1131,1651,1653,13,151451,12116,2046,1132,1700,2038,1129,1648,98,100,0,601,2063
reset_awldev_spec4mixF,403,282,2036,1132,1651,1658,13,151435,12114,2038,1136,1702,2035,1130,1645,98,100,0,601,2063
reset_awldev_spec4mixF,403,283,2042,1131,1664,1664,13,151422,12113,2042,1132,1709,2035,1130,1648,98,100,0,601,2075
reset_awldev_spec4mixF,403,284,2040,1130,1695,1670,13,151408,12112,2045,1132,1702,2040,1129,1648,98,100,0,601,2066
reset_awldev_spec4mixF,403,285,2037,1131,1664,1675,13,151393,12111,2040,1134,1704,2037,1128,1644,98,100,0,601,2060
reset_awldev_spec4mixF,403,286,2036,1133,1649,1681,13,151378,12110,2038,1134,1701,2036,1131,1646,98,100,0,600,2060
reset_awldev_spec4mixF,403,287,2037,1132,1653,1687,13,151363,12109,2037,1133,1702,2036,1131,1646,98,100,0,600,2063
reset_awldev_spec4mixF,403,288,2037,1133,1653,1692,13,151348,12107,2037,1133,1702,2036,1131,1645,98,100,0,600,2066
reset_awldev_spec4mixF,403,289,2043,1133,1649,1698,13,151341,12107,2043,1133,1711,2037,1132,1645,98,100,0,600,2083
reset_awldev_spec4mixF,403,290,2046,1132,1662,1704,13,151324,12105,2046,1133,1706,2043,1131,1645,98,100,0,600,2080
reset_awldev_spec4mixF,403,291,2038,1133,1648,1710,13,151309,12104,2046,1133,1699,2038,1131,1644,98,100,0,600,2066
reset_awldev_spec4mixF,403,292,2035,1133,1652,1715,13,151294,12103,2038,1134,1698,2035,1132,1643,98,100,0,600,2063
reset_awldev_spec4mixF,403,293,2036,1138,1655,1721,13,151285,12102,2036,1138,1694,2035,1133,1638,98,100,0,600,2075
reset_awldev_spec4mixF,403,294,2044,1136,1662,1727,13,151268,12101,2044,1139,1667,2036,1133,1650,98,100,0,600,2075
reset_awldev_spec4mixF,403,295,2046,1134,1644,1732,13,151256,12100,2046,1138,1705,2041,1132,1643,97,100,0,600,2092
reset_awldev_spec4mixF,403,296,2091,1133,1667,1738,13,151246,12099,2097,1134,1721,2043,1131,1639,98,100,0,600,2120
reset_awldev_spec4mixF,403,297,2063,1138,1662,1744,13,151236,12098,2091,1138,1703,2063,1131,1652,98,100,0,600,2089
reset_awldev_spec4mixF,403,298,2053,1133,1664,1749,14,151225,12098,2063,1139,1710,2051,1132,1638,98,100,0,600,2083
reset_awldev_spec4mixF,403,299,2050,1132,1654,1755,14,151214,12097,2053,1134,1715,2050,1132,1647,98,100,0,601,2075
reset_awldev_spec4mixF,403,300,2043,1135,1653,1761,14,151202,12096,2050,1136,1711,2043,1131,1644,98,100,0,601,2069
reset_awldev_spec4mixF,403,301,2045,1133,1652,1767,14,151195,12095,2046,1136,1710,2041,1132,1644,98,100,0,601,2069
reset_awldev_spec4mixF,403,302,2041,1133,1663,1772,14,151182,12094,2045,1134,1700,2041,1132,1643,98,100,0,600,2072
reset_awldev_spec4mixF,403,303,2043,1133,1724,1778,14,151171,12093,2045,1134,1727,2041,1132,1639,98,100,0,601,2075
reset_awldev_spec4mixF,403,304,2041,1133,1665,1784,14,151159,12092,2046,1137,1724,2041,1132,1638,98,100,0,601,2063
reset_awldev_spec4mixF,403,305,2049,1133,1666,1789,14,151144,12091,2049,1134,1681,2041,1132,1659,98,100,0,600,2083
reset_awldev_spec4mixF,403,306,2045,1133,1645,1795,14,151138,12091,2051,1134,1700,2045,1132,1644,98,100,0,600,2069
reset_awldev_spec4mixF,403,307,2042,1133,1654,1801,14,151126,12090,2046,1134,1706,2042,1132,1644,98,100,0,600,2069
reset_awldev_spec4mixF,403,308,2040,1133,1651,1806,14,151109,12088,2043,1134,1700,2040,1132,1642,98,100,0,601,2069
reset_awldev_spec4mixF,403,309,2039,1133,1655,1812,14,151097,12087,2040,1134,1700,2039,1132,1644,98,100,0,601,2072
reset_awldev_spec4mixF,403,310,2043,1133,1656,1818,14,151085,12086,2043,1135,1704,2039,1132,1647,98,100,0,601,2072
reset_awldev_spec4mixF,403,311,2049,1134,1655,1824,14,151076,12086,2050,1134,1719,2043,1132,1652,98,100,0,601,2075
reset_awldev_spec4mixF,403,312,2046,1134,1654,1829,14,151065,12085,2049,1134,1708,2045,1132,1651,98,100,0,601,2075
reset_awldev_spec4mixF,403,313,2049,1133,1656,1835,14,151055,12084,2049,1134,1710,2045,1132,1653,98,100,0,601,2083
reset_awldev_spec4mixF,403,314,2049,1133,1656,1841,14,151046,12083,2050,1134,1723,2047,1131,1652,98,100,0,601,2075
reset_awldev_spec4mixF,403,315,2044,1133,1652,1846,14,151035,12082,2049,1134,1707,2044,1132,1646,98,100,0,601,2072
reset_awldev_spec4mixF,403,316,2041,1133,1693,1852,14,151023,12081,2045,1134,1705,2041,1131,1643,98,100,0,601,2069
reset_awldev_spec4mixF,403,317,2039,1134,1671,1858,14,151011,12080,2041,1134,1707,2039,1132,1643,98,100,0,601,2063
reset_awldev_spec4mixF,403,318,2038,1134,1649,1863,14,151000,12080,2040,1134,1702,2038,1132,1642,98,100,0,601,2063
reset_awldev_spec4mixF,403,319,2047,1133,1668,1869,14,150990,12079,2047,1134,1706,2038,1131,1649,98,100,0,601,2075
reset_awldev_spec4mixF,403,320,2049,1134,1660,1875,15,150981,12078,2049,1134,1687,2047,1132,1656,98,100,0,601,2083
reset_awldev_spec4mixF,403,321,2041,1135,1654,1881,15,150974,12077,2049,1135,1697,2041,1132,1642,98,100,0,601,2063
reset_awldev_spec4mixF,403,322,2046,1134,1651,1886,15,150960,12076,2046,1135,1707,2041,1132,1640,98,100,0,601,2069
reset_awldev_spec4mixF,403,323,2043,1134,1667,1892,15,150954,12076,2046,1135,1705,2042,1133,1643,98,100,0,601,2075
reset_awldev_spec4mixF,403,324,2045,1135,1645,1898,15,150940,12075,2048,1135,1708,2043,1133,1645,98,100,0,601,2069
reset_awldev_spec4mixF,403,325,2050,1135,1660,1903,15,150931,12074,2050,1135,1719,2045,1133,1645,98,100,0,601,2077
reset_awldev_spec4mixF,403,326,2050,1135,1668,1909,15,150927,12074,2050,1135,1705,2048,1134,1652,98,100,0,601,2077
reset_awldev_spec4mixF,403,327,2048,1134,1671,1915,15,150913,12073,2050,1135,1680,2048,1134,1652,98,100,0,601,2072
reset_awldev_spec4mixF,403,328,2046,1134,1658,1921,15,150908,12072,2049,1135,1708,2044,1133,1643,98,100,0,601,2077
reset_awldev_spec4mixF,403,329,2042,1134,1654,1926,15,150894,12071,2049,1135,1711,2042,1133,1639,99,100,0,601,2060
reset_awldev_spec4mixF,403,330,2042,1134,1699,1932,15,150883,12070,2044,1135,1706,2042,1131,1644,98,100,0,601,2063
reset_awldev_spec4mixF,403,331,2039,1134,1656,1938,15,150873,12069,2044,1134,1717,2039,1132,1642,99,100,0,601,2058
reset_awldev_spec4mixF,403,332,2038,1134,1654,1943,15,150866,12069,2039,1135,1703,2038,1133,1642,99,100,0,601,2058
reset_awldev_spec4mixF,403,333,2045,1135,1665,1949,15,150852,12068,2045,1135,1704,2038,1133,1643,98,100,0,601,2075
reset_awldev_spec4mixF,403,334,2040,1134,1653,1955,15,150842,12067,2046,1135,1704,2040,1133,1641,98,100,0,601,2063
reset_awldev_spec4mixF,403,335,2042,1135,1661,1960,15,150832,12066,2042,1136,1706,2040,1133,1642,98,100,0,601,2077
reset_awldev_spec4mixF,403,336,2044,1135,1666,1966,15,150823,12065,2044,1135,1701,2041,1133,1641,98,100,0,601,2080
reset_awldev_spec4mixF,403,337,2043,1135,1648,1972,15,150813,12065,2046,1135,1705,2042,1133,1642,98,100,0,601,2075
reset_awldev_spec4mixF,403,338,2040,1134,1651,1977,15,150807,12064,2043,1135,1700,2039,1132,1642,98,100,0,601,2069
reset_awldev_spec4mixF,403,339,2038,1134,1649,1983,15,150791,12063,2040,1135,1702,2038,1132,1643,98,100,0,601,2072
reset_awldev_spec4mixF,403,340,2041,1134,1654,1989,15,150782,12062,2041,1135,1707,2038,1132,1642,98,100,0,601,2066
reset_awldev_spec4mixF,403,341,2040,1134,1659,1994,15,150771,12061,2041,1135,1711,2038,1132,1641,98,100,0,601,2080
reset_awldev_spec4mixF,403,342,2037,1134,1671,2000,16,150761,12060,2042,1135,1698,2037,1133,1643,98,100,0,601,2058
reset_awldev_spec4mixF,403,343,2041,1134,1661,2006,16,150751,12060,2041,1135,1697,2036,1133,1643,98,100,0,601,2072
reset_awldev_spec4mixF,403,344,2041,1133,1648,2011,16,150742,12059,2044,1135,1697,2041,1132,1643,98,100,0,601,2063
reset_awldev_spec4mixF,403,345,2036,1134,1648,2017,16,150731,12058,2041,1135,1699,2036,1133,1642,98,100,0,601,2066
reset_awldev_spec4mixF,403,346,2034,1134,1645,2023,16,150720,12057,2036,1135,1698,2034,1133,1641,98,100,0,600,2066
reset_awldev_spec4mixF,403,347,2034,1134,1647,2028,16,150709,12056,2035,1135,1697,2033,1133,1639,98,100,0,600,2066
reset_awldev_spec4mixF,403,348,2035,1133,1643,2034,16,150698,12055,2036,1135,1696,2034,1133,1641,98,100,0,600,2063
reset_awldev_spec4mixF,403,349,2034,1134,1650,2040,16,150692,12055,2035,1135,1698,2033,1133,1641,98,100,0,600,2063
reset_awldev_spec4mixF,403,350,2037,1133,1655,2045,16,150677,12054,2037,1134,1700,2034,1132,1642,98,100,0,600,2066
reset_awldev_spec4mixF,403,351,2036,1134,1666,2051,16,150667,12053,2038,1135,1700,2036,1132,1642,98,100,0,600,2060
reset_awldev_spec4mixF,403,352,2035,1134,1650,2057,16,150657,12052,2037,1135,1701,2035,1132,1642,99,100,0,600,2055
reset_awldev_spec4mixF,403,353,2036,1134,1649,2062,16,150647,12051,2036,1135,1701,2035,1132,1643,98,100,0,600,2066
reset_awldev_spec4mixF,403,354,2040,1134,1666,2068,16,150638,12051,2040,1134,1698,2035,1132,1643,98,100,0,601,2075
reset_awldev_spec4mixF,403,355,2039,1133,1655,2074,16,150628,12050,2043,1134,1708,2039,1132,1643,98,100,0,601,2066
reset_awldev_spec4mixF,403,356,2044,1133,1660,2079,16,150620,12049,2044,1134,1702,2038,1131,1642,98,100,0,601,2075
reset_awldev_spec4mixF,403,357,2043,1134,1665,2085,16,150616,12049,2045,1134,1709,2042,1132,1642,98,100,0,601,2075
reset_awldev_spec4mixF,403,358,2046,1133,1658,2091,16,150604,12048,2046,1135,1703,2043,1133,1653,98,100,0,601,2075
reset_awldev_spec4mixF,403,359,2047,1133,1663,2097,16,150596,12047,2047,1135,1669,2046,1132,1656,98,100,0,601,2075
reset_awldev_spec4mixF,403,360,2048,1133,1659,2102,16,150589,12047,2048,1134,1708,2046,1133,1654,98,100,0,600,2077
reset_awldev_spec4mixF,403,361,2044,1133,1646,2108,16,150585,12046,2048,1134,1697,2044,1132,1645,98,100,0,600,2069
reset_awldev_spec4mixF,403,362,2037,1133,1649,2114,16,150575,12046,2044,1135,1698,2037,1132,1642,98,100,0,600,2063
reset_awldev_spec4mixF,403,363,2037,1134,1663,2119,16,150565,12045,2037,1134,1702,2035,1133,1643,98,100,0,600,2077
reset_awldev_spec4mixF,403,364,2045,1134,1661,2125,17,150558,12044,2045,1134,1676,2037,1133,1656,98,100,0,600,2080
reset_awldev_spec4mixF,403,365,2046,1133,1693,2131,17,150546,12043,2047,1134,1693,2045,1132,1645,98,100,0,600,2069
reset_awldev_spec4mixF,403,366,2039,1138,1660,2136,17,150537,12043,2046,1139,1693,2039,1133,1640,98,100,0,600,2060
reset_awldev_spec4mixF,403,367,2040,1137,1658,2142,17,150528,12042,2040,1139,1691,2037,1137,1638,98,100,0,600,2075
reset_awldev_spec4mixF,403,368,2039,1134,1692,2148,17,150520,12041,2042,1139,1696,2039,1133,1641,98,100,0,600,2063
reset_awldev_spec4mixF,403,369,2046,1134,1662,2154,17,150512,12041,2046,1136,1706,2038,1133,1644,98,100,0,600,2086
reset_awldev_spec4mixF,403,370,2046,1134,1667,2159,17,150505,12040,2048,1137,1706,2046,1133,1644,99,100,0,600,2066
reset_awldev_spec4mixF,403,371,2039,1134,1650,2165,17,150496,12039,2046,1136,1699,2039,1133,1643,98,100,0,600,2060
reset_awldev_spec4mixF,403,372,2041,1135,1659,2171,17,150488,12039,2041,1137,1701,2038,1134,1639,98,100,0,601,2077
reset_awldev_spec4mixF,403,373,2046,1136,1663,2176,17,150481,12038,2046,1138,1669,2041,1134,1653,98,100,0,601,2075
reset_awldev_spec4mixF,403,374,2048,1135,1660,2182,17,150474,12037,2048,1137,1705,2046,1134,1653,98,100,0,601,2077
reset_awldev_spec4mixF,403,375,2043,1136,1647,2188,17,150466,12037,2048,1137,1705,2043,1134,1642,98,100,0,600,2066
reset_awldev_spec4mixF,403,376,2043,1134,1661,2193,17,150458,12036,2043,1137,1709,2039,1134,1641,98,100,0,600,2075
reset_awldev_spec4mixF,403,377,2039,1135,1657,2199,17,150450,12036,2044,1136,1702,2039,1134,1641,98,100,0,600,2066
reset_awldev_spec4mixF,403,378,2037,1136,1665,2205,17,150441,12035,2039,1141,1694,2037,1133,1637,98,100,0,600,2063
reset_awldev_spec4mixF,403,379,2045,1135,1663,2210,17,150435,12034,2045,1136,1709,2037,1134,1645,98,100,0,600,2075
reset_awldev_spec4mixF,403,380,2040,1135,1650,2216,17,150426,12034,2046,1136,1699,2040,1134,1641,98,100,0,600,2066
reset_awldev_spec4mixF,403,381,2037,1134,1648,2222,17,150421,12033,2040,1135,1698,2036,1133,1641,98,100,0,600,2066
reset_awldev_spec4mixF,403,382,2044,1134,1661,2228,17,150415,12033,2044,1135,1714,2036,1133,1644,98,100,0,600,2072
reset_awldev_spec4mixF,403,383,2045,1135,1647,2233,17,150404,12032,2047,1136,1706,2044,1134,1644,99,100,0,601,2060
reset_awldev_spec4mixF,403,384,2041,1135,1644,2239,17,150396,12031,2046,1135,1730,2041,1133,1639,98,100,0,601,2066
reset_awldev_spec4mixF,403,385,2044,1135,1666,2245,17,150390,12031,2050,1135,1710,2040,1133,1640,99,100,0,601,2060
reset_awldev_spec4mixF,403,386,2044,1134,1647,2250,18,150382,12030,2046,1135,1707,2042,1133,1642,98,100,0,601,2069
reset_awldev_spec4mixF,403,387,2040,1135,1644,2256,18,150378,12030,2044,1136,1699,2040,1133,1642,98,100,0,601,2072
reset_awldev_spec4mixF,403,388,2038,1134,1657,2262,18,150366,12029,2040,1136,1698,2038,1134,1642,98,100,0,601,2069
reset_awldev_spec4mixF,403,389,2038,1135,1687,2267,18,150358,12028,2039,1135,1697,2037,1134,1638,98,100,0,601,2066
reset_awldev_spec4mixF,403,390,2043,1135,1662,2273,18,150351,12028,2043,1136,1701,2038,1133,1637,98,100,0,601,2080
reset_awldev_spec4mixF,403,391,2049,1135,1645,2279,18,150349,12027,2050,1136,1712,2043,1134,1645,98,100,0,601,2075
reset_awldev_spec4mixF,403,392,2044,1134,1654,2285,18,150338,12027,2049,1135,1703,2043,1133,1644,98,100,0,601,2072
reset_awldev_spec4mixF,403,393,2042,1134,1658,2290,18,150331,12026,2044,1136,1702,2042,1133,1645,98,100,0,601,2072
reset_awldev_spec4mixF,403,394,2049,1135,1665,2296,18,150325,12026,2049,1136,1699,2041,1134,1644,98,100,0,601,2080
reset_awldev_spec4mixF,403,395,2045,1134,1693,2302,18,150323,12025,2050,1136,1698,2045,1134,1642,98,100,0,601,2069
reset_awldev_spec4mixF,403,396,2051,1133,1674,2307,18,150317,12025,2051,1136,1712,2044,1133,1643,98,100,0,601,2083
reset_awldev_spec4mixF,403,397,2049,1134,1656,2313,18,150312,12024,2055,1135,1713,2049,1133,1651,98,100,0,600,2075
reset_awldev_spec4mixF,403,398,2047,1134,1692,2319,18,150302,12024,2049,1135,1704,2047,1134,1653,98,100,0,600,2069
reset_awldev_spec4mixF,403,399,2052,1135,1671,2325,18,150297,12023,2052,1135,1722,2047,1133,1651,97,100,0,600,2095
reset_awldev_spec4mixF,403,400,2049,1134,1655,2330,18,150295,12023,2054,1135,1704,2049,1133,1653,98,100,0,600,2077
reset_awldev_spec4mixF,403,401,2050,1134,1651,2336,18,150286,12022,2054,1135,1718,2049,1133,1649,98,100,0,600,2075
reset_awldev_spec4mixF,403,402,1697,1137,1375,2341,18,150255,12020,2054,1138,1717,1693,1134,1374,96,100,0,600,1750
Processed 403 lines from power meter
There were 0 errors in reading from the meter
