RunId,NumDataLines,SeqNum,Watts,Amps,WattHours,Cost,MoKWh,MoCost,MaxWatts,MaxVolts,MaxAmps,MinWatts,MinVolts,MinAmps,Factor,DutyCycle,PowerCycle
reset_tasdev_specfull1libquantum,337,0,2088,1135,1686,11,0,152431,12194,2103,1136,1752,2087,1134,1677,98,100,0,600,2112
reset_tasdev_specfull1libquantum,337,1,2082,1136,1685,17,0,152182,12174,2088,1136,1741,2082,1134,1677,98,100,0,600,2106
reset_tasdev_specfull1libquantum,337,2,2082,1136,1686,22,0,151325,12106,2082,1136,1753,2080,1133,1677,98,100,0,600,2117
reset_tasdev_specfull1libquantum,337,3,2080,1135,1682,28,0,151102,12088,2083,1136,1741,2080,1134,1677,98,100,0,600,2103
reset_tasdev_specfull1libquantum,337,4,2077,1136,1683,34,0,151169,12093,2080,1137,1734,2077,1135,1676,98,100,0,600,2106
reset_tasdev_specfull1libquantum,337,5,2079,1136,1679,40,0,150806,12064,2079,1142,1735,2077,1135,1673,98,100,0,600,2109
reset_tasdev_specfull1libquantum,337,6,2080,1136,1680,46,0,150734,12058,2080,1137,1755,2078,1135,1677,98,100,0,600,2106
reset_tasdev_specfull1libquantum,337,7,2078,1135,1704,52,0,150838,12067,2081,1136,1740,2078,1134,1677,98,100,0,600,2109
reset_tasdev_specfull1libquantum,337,8,2078,1136,1679,57,0,150603,12048,2080,1137,1734,2077,1134,1676,98,100,0,600,2103
reset_tasdev_specfull1libquantum,337,9,2078,1135,1685,63,0,150559,12044,2079,1137,1740,2077,1135,1677,98,100,0,600,2109
reset_tasdev_specfull1libquantum,337,10,2078,1135,1682,69,0,150526,12042,2080,1137,1740,2077,1135,1677,98,100,0,599,2112
reset_tasdev_specfull1libquantum,337,11,2078,1135,1679,75,0,150495,12039,2081,1136,1740,2077,1134,1676,98,100,0,600,2103
reset_tasdev_specfull1libquantum,337,12,2079,1136,1685,81,0,150473,12037,2080,1137,1741,2078,1135,1677,98,100,0,600,2106
reset_tasdev_specfull1libquantum,337,13,2080,1136,1682,86,0,150452,12036,2081,1137,1742,2078,1135,1678,98,100,0,600,2109
reset_tasdev_specfull1libquantum,337,14,2078,1135,1683,92,0,150429,12034,2080,1137,1736,2078,1134,1678,98,100,0,600,2103
reset_tasdev_specfull1libquantum,337,15,2080,1136,1679,98,0,150421,12033,2081,1137,1751,2078,1134,1677,98,100,0,600,2114
reset_tasdev_specfull1libquantum,337,16,2077,1136,1685,104,0,150393,12031,2080,1137,1736,2077,1134,1676,98,100,0,600,2103
reset_tasdev_specfull1libquantum,337,17,2077,1135,1682,110,0,150379,12030,2079,1137,1740,2077,1134,1676,98,100,0,600,2109
reset_tasdev_specfull1libquantum,337,18,2079,1135,1686,115,0,150370,12029,2080,1136,1741,2077,1134,1677,98,100,0,600,2114
reset_tasdev_specfull1libquantum,337,19,2079,1136,1679,121,0,150361,12028,2081,1136,1743,2078,1134,1678,98,100,0,600,2106
reset_tasdev_specfull1libquantum,337,20,2079,1135,1684,127,1,150355,12028,2080,1140,1744,2078,1135,1677,98,100,0,600,2112
reset_tasdev_specfull1libquantum,337,21,2081,1136,1680,133,1,150419,12033,2081,1137,1740,2079,1134,1677,98,100,0,600,2117
reset_tasdev_specfull1libquantum,337,22,2079,1136,1681,138,1,150343,12027,2082,1137,1738,2079,1134,1677,98,100,0,600,2103
reset_tasdev_specfull1libquantum,337,23,2078,1136,1684,144,1,150335,12026,2080,1136,1739,2078,1134,1677,98,100,0,600,2106
reset_tasdev_specfull1libquantum,337,24,2079,1135,1680,150,1,150329,12026,2081,1136,1740,2078,1134,1677,98,100,0,600,2114
reset_tasdev_specfull1libquantum,337,25,2079,1136,1683,156,1,150324,12025,2081,1137,1743,2077,1135,1678,98,100,0,600,2103
reset_tasdev_specfull1libquantum,337,26,2079,1136,1686,162,1,150317,12025,2080,1137,1734,2079,1135,1678,98,100,0,600,2106
reset_tasdev_specfull1libquantum,337,27,2079,1136,1680,167,1,150311,12024,2079,1136,1739,2078,1134,1677,98,100,0,600,2103
reset_tasdev_specfull1libquantum,337,28,2077,1136,1685,173,1,150302,12024,2079,1137,1736,2077,1134,1673,98,100,0,600,2106
reset_tasdev_specfull1libquantum,337,29,2078,1137,1684,179,1,150299,12023,2080,1137,1738,2077,1135,1674,98,100,0,600,2106
reset_tasdev_specfull1libquantum,337,30,2076,1136,1676,185,1,150286,12022,2079,1137,1734,2076,1135,1671,98,100,0,600,2106
reset_tasdev_specfull1libquantum,337,31,2079,1135,1682,191,1,150331,12026,2081,1137,1745,2075,1135,1673,98,100,0,600,2103
reset_tasdev_specfull1libquantum,337,32,2079,1135,1679,196,1,150329,12026,2082,1137,1745,2079,1135,1675,98,100,0,600,2109
reset_tasdev_specfull1libquantum,337,33,2079,1140,1705,202,1,150322,12025,2079,1143,1747,2076,1135,1664,98,100,0,600,2109
reset_tasdev_specfull1libquantum,337,34,2081,1136,1679,208,1,150320,12025,2081,1140,1737,2079,1136,1674,98,100,0,600,2114
reset_tasdev_specfull1libquantum,337,35,2077,1137,1681,214,1,150269,12021,2081,1137,1732,2077,1135,1672,99,100,0,600,2097
reset_tasdev_specfull1libquantum,337,36,2079,1137,1676,220,1,150271,12021,2083,1137,1747,2077,1135,1672,99,100,0,600,2100
reset_tasdev_specfull1libquantum,337,37,2072,1135,1674,225,1,150250,12020,2079,1137,1737,2070,1134,1663,98,100,0,600,2109
reset_tasdev_specfull1libquantum,337,38,2072,1136,1675,231,1,150232,12018,2072,1137,1748,2069,1135,1667,98,100,0,600,2112
reset_tasdev_specfull1libquantum,337,39,2071,1136,1674,237,1,150216,12017,2072,1137,1728,2071,1134,1669,98,100,0,600,2095
reset_tasdev_specfull1libquantum,337,40,2070,1136,1675,242,1,150199,12015,2072,1137,1727,2070,1135,1667,98,100,0,600,2095
reset_tasdev_specfull1libquantum,337,41,2075,1136,1679,248,1,150195,12015,2075,1137,1733,2070,1135,1667,98,100,0,600,2106
reset_tasdev_specfull1libquantum,337,42,2076,1135,1683,254,2,150190,12015,2076,1136,1740,2074,1133,1672,98,100,0,600,2103
reset_tasdev_specfull1libquantum,337,43,2077,1135,1686,260,2,150220,12017,2077,1137,1734,2076,1135,1674,98,100,0,599,2106
reset_tasdev_specfull1libquantum,337,44,2078,1136,1688,266,2,150184,12014,2078,1137,1737,2075,1135,1674,98,100,0,600,2106
reset_tasdev_specfull1libquantum,337,45,2079,1136,1685,271,2,150184,12014,2080,1136,1738,2077,1134,1673,98,100,0,600,2109
reset_tasdev_specfull1libquantum,337,46,2082,1136,1689,277,2,150222,12017,2083,1136,1748,2079,1134,1678,98,100,0,601,2114
reset_tasdev_specfull1libquantum,337,47,2084,1135,1703,283,2,150198,12015,2084,1136,1737,2082,1135,1681,98,100,0,601,2112
reset_tasdev_specfull1libquantum,337,48,2083,1133,1688,289,2,150202,12016,2085,1137,1741,2082,1133,1678,98,100,0,601,2109
reset_tasdev_specfull1libquantum,337,49,2083,1135,1684,295,2,150207,12016,2085,1136,1751,2082,1133,1680,99,100,0,601,2103
reset_tasdev_specfull1libquantum,337,50,2082,1135,1685,301,2,150211,12016,2084,1136,1740,2081,1134,1678,98,100,0,600,2117
reset_tasdev_specfull1libquantum,337,51,2083,1135,1697,306,2,150215,12017,2084,1136,1735,2082,1134,1680,98,100,0,600,2112
reset_tasdev_specfull1libquantum,337,52,2086,1134,1690,312,2,150252,12020,2087,1136,1740,2083,1133,1682,98,100,0,600,2109
reset_tasdev_specfull1libquantum,337,53,2085,1134,1685,318,2,150231,12018,2088,1136,1748,2084,1134,1681,98,100,0,599,2109
reset_tasdev_specfull1libquantum,337,54,2084,1135,1702,324,2,150237,12018,2086,1136,1738,2084,1134,1680,98,100,0,600,2109
reset_tasdev_specfull1libquantum,337,55,2086,1135,1694,330,2,150245,12019,2087,1136,1740,2084,1134,1682,98,100,0,600,2117
reset_tasdev_specfull1libquantum,337,56,2087,1136,1683,336,2,150253,12020,2087,1136,1739,2084,1135,1680,98,100,0,600,2126
reset_tasdev_specfull1libquantum,337,57,2087,1135,1684,341,2,150261,12020,2090,1136,1744,2084,1134,1681,98,100,0,600,2109
reset_tasdev_specfull1libquantum,337,58,2086,1136,1694,347,2,150292,12023,2088,1136,1741,2085,1134,1679,98,100,0,600,2120
reset_tasdev_specfull1libquantum,337,59,2084,1135,1683,353,2,150272,12021,2088,1136,1741,2084,1134,1680,98,100,0,600,2109
reset_tasdev_specfull1libquantum,337,60,2083,1136,1694,359,2,150275,12022,2085,1136,1736,2082,1134,1680,98,100,0,600,2112
reset_tasdev_specfull1libquantum,337,61,2083,1135,1687,364,2,150278,12022,2085,1136,1739,2083,1134,1680,98,100,0,599,2117
reset_tasdev_specfull1libquantum,337,62,2084,1136,1683,370,2,150281,12022,2085,1136,1740,2082,1134,1681,98,100,0,600,2109
reset_tasdev_specfull1libquantum,337,63,2085,1135,1687,376,3,150287,12023,2087,1136,1756,2083,1134,1681,98,100,0,599,2114
reset_tasdev_specfull1libquantum,337,64,2084,1135,1689,382,3,150290,12023,2085,1136,1736,2083,1134,1680,98,100,0,600,2114
reset_tasdev_specfull1libquantum,337,65,2086,1135,1684,388,3,150295,12023,2086,1136,1737,2083,1134,1682,98,100,0,599,2109
reset_tasdev_specfull1libquantum,337,66,2085,1134,1684,394,3,150299,12023,2086,1136,1743,2083,1134,1677,98,100,0,599,2109
reset_tasdev_specfull1libquantum,337,67,2084,1135,1698,399,3,150303,12024,2086,1136,1741,2084,1133,1681,98,100,0,600,2112
reset_tasdev_specfull1libquantum,337,68,2086,1135,1693,405,3,150308,12024,2086,1136,1741,2084,1134,1681,98,100,0,600,2123
reset_tasdev_specfull1libquantum,337,69,2087,1134,1687,411,3,150315,12025,2087,1136,1755,2085,1134,1681,98,100,0,600,2123
reset_tasdev_specfull1libquantum,337,70,2087,1135,1683,417,3,150319,12025,2088,1136,1739,2085,1133,1681,98,100,0,600,2109
reset_tasdev_specfull1libquantum,337,71,2086,1135,1692,423,3,150323,12025,2088,1135,1752,2086,1133,1682,99,100,0,600,2106
reset_tasdev_specfull1libquantum,337,72,2086,1134,1697,428,3,150348,12027,2087,1135,1739,2084,1133,1680,98,100,0,600,2120
reset_tasdev_specfull1libquantum,337,73,2087,1135,1696,434,3,150354,12028,2089,1135,1746,2086,1132,1683,98,100,0,600,2117
reset_tasdev_specfull1libquantum,337,74,2088,1134,1686,440,3,150339,12027,2089,1135,1755,2085,1133,1682,98,100,0,600,2117
reset_tasdev_specfull1libquantum,337,75,2084,1134,1684,446,3,150340,12027,2088,1135,1738,2084,1133,1682,98,100,0,600,2109
reset_tasdev_specfull1libquantum,337,76,2084,1134,1692,452,3,150344,12027,2087,1135,1749,2084,1132,1682,98,100,0,600,2112
reset_tasdev_specfull1libquantum,337,77,2085,1134,1689,457,3,150346,12027,2085,1135,1753,2083,1134,1681,98,100,0,601,2120
reset_tasdev_specfull1libquantum,337,78,2085,1134,1690,463,3,150348,12027,2085,1135,1742,2082,1133,1682,98,100,0,601,2117
reset_tasdev_specfull1libquantum,337,79,2084,1134,1687,469,3,150368,12029,2085,1135,1741,2083,1132,1681,98,100,0,601,2109
reset_tasdev_specfull1libquantum,337,80,2082,1135,1689,475,3,150350,12028,2085,1135,1740,2082,1133,1682,98,100,0,601,2106
reset_tasdev_specfull1libquantum,337,81,2085,1136,1691,481,3,150371,12029,2086,1137,1754,2082,1133,1679,98,100,0,601,2117
reset_tasdev_specfull1libquantum,337,82,2084,1137,1689,486,3,150355,12028,2086,1138,1737,2084,1136,1678,98,100,0,601,2112
reset_tasdev_specfull1libquantum,337,83,2085,1137,1683,492,3,150375,12030,2085,1138,1736,2083,1135,1679,98,100,0,601,2117
reset_tasdev_specfull1libquantum,337,84,2086,1136,1683,498,3,150361,12028,2087,1138,1751,2084,1136,1677,98,100,0,601,2109
reset_tasdev_specfull1libquantum,337,85,2084,1136,1682,504,4,150362,12029,2086,1138,1737,2084,1136,1679,98,100,0,601,2109
reset_tasdev_specfull1libquantum,337,86,2085,1137,1691,510,4,150366,12029,2086,1138,1739,2084,1135,1676,98,100,0,601,2114
reset_tasdev_specfull1libquantum,337,87,2087,1137,1687,516,4,150371,12029,2087,1140,1747,2084,1136,1679,98,100,0,601,2117
reset_tasdev_specfull1libquantum,337,88,2085,1136,1682,521,4,150371,12029,2087,1138,1735,2085,1136,1678,99,100,0,601,2106
reset_tasdev_specfull1libquantum,337,89,2084,1137,1690,527,4,150374,12029,2087,1138,1757,2083,1135,1678,98,100,0,601,2106
reset_tasdev_specfull1libquantum,337,90,2085,1137,1687,533,4,150376,12030,2087,1138,1741,2084,1135,1678,98,100,0,601,2114
reset_tasdev_specfull1libquantum,337,91,2082,1137,1686,539,4,150377,12030,2086,1138,1736,2082,1136,1677,98,100,0,601,2109
reset_tasdev_specfull1libquantum,337,92,2082,1138,1680,545,4,150376,12030,2084,1138,1734,2081,1135,1677,98,100,0,601,2109
reset_tasdev_specfull1libquantum,337,93,2082,1137,1677,550,4,150377,12030,2084,1138,1742,2081,1136,1676,99,100,0,601,2103
reset_tasdev_specfull1libquantum,337,94,2083,1137,1693,556,4,150379,12030,2085,1138,1743,2082,1135,1676,98,100,0,601,2114
reset_tasdev_specfull1libquantum,337,95,2083,1138,1686,562,4,150380,12030,2086,1138,1734,2083,1135,1678,98,100,0,601,2109
reset_tasdev_specfull1libquantum,337,96,2086,1138,1681,568,4,150398,12031,2086,1139,1736,2083,1136,1677,98,100,0,601,2117
reset_tasdev_specfull1libquantum,337,97,2086,1138,1683,574,4,150385,12030,2087,1139,1744,2083,1136,1676,98,100,0,601,2109
reset_tasdev_specfull1libquantum,337,98,2085,1138,1691,579,4,150388,12031,2089,1139,1750,2085,1136,1677,98,100,0,601,2109
reset_tasdev_specfull1libquantum,337,99,2086,1139,1692,585,4,150391,12031,2086,1139,1735,2085,1137,1677,98,100,0,601,2117
reset_tasdev_specfull1libquantum,337,100,2086,1137,1687,591,4,150394,12031,2088,1139,1738,2084,1137,1676,98,100,0,601,2117
reset_tasdev_specfull1libquantum,337,101,2088,1138,1684,597,4,150397,12031,2088,1138,1739,2084,1135,1678,99,100,0,601,2109
reset_tasdev_specfull1libquantum,337,102,2086,1137,1684,603,4,150398,12031,2088,1138,1738,2085,1135,1676,99,100,0,601,2106
reset_tasdev_specfull1libquantum,337,103,2085,1137,1694,608,4,150401,12032,2088,1138,1737,2085,1136,1678,98,100,0,600,2112
reset_tasdev_specfull1libquantum,337,104,2086,1137,1684,614,4,150404,12032,2088,1138,1740,2085,1136,1679,98,100,0,600,2117
reset_tasdev_specfull1libquantum,337,105,2088,1136,1686,620,4,150408,12032,2088,1138,1752,2085,1136,1677,98,100,0,599,2123
reset_tasdev_specfull1libquantum,337,106,2087,1137,1680,626,5,150410,12032,2089,1138,1745,2086,1136,1678,99,100,0,600,2106
reset_tasdev_specfull1libquantum,337,107,2085,1137,1695,632,5,150413,12033,2089,1138,1749,2085,1135,1677,98,100,0,600,2112
reset_tasdev_specfull1libquantum,337,108,2086,1136,1687,638,5,150416,12033,2088,1138,1747,2085,1136,1679,98,100,0,600,2114
reset_tasdev_specfull1libquantum,337,109,2087,1137,1689,643,5,150419,12033,2089,1138,1737,2085,1135,1677,98,100,0,600,2120
reset_tasdev_specfull1libquantum,337,110,2090,1136,1683,649,5,150424,12033,2090,1138,1755,2087,1136,1677,98,100,0,600,2123
reset_tasdev_specfull1libquantum,337,111,2087,1137,1681,655,5,150426,12034,2090,1138,1736,2087,1136,1679,98,100,0,600,2112
reset_tasdev_specfull1libquantum,337,112,2085,1137,1688,661,5,150428,12034,2088,1138,1739,2085,1135,1679,98,100,0,600,2109
reset_tasdev_specfull1libquantum,337,113,2086,1137,1688,667,5,150431,12034,2087,1137,1741,2085,1136,1679,98,100,0,600,2114
reset_tasdev_specfull1libquantum,337,114,2088,1137,1681,672,5,150433,12034,2088,1138,1742,2085,1134,1677,98,100,0,599,2129
reset_tasdev_specfull1libquantum,337,115,2085,1136,1682,678,5,150447,12035,2088,1137,1739,2084,1136,1678,99,100,0,600,2106
reset_tasdev_specfull1libquantum,337,116,2085,1137,1682,684,5,150436,12034,2087,1138,1741,2084,1136,1679,99,100,0,600,2106
reset_tasdev_specfull1libquantum,337,117,2085,1136,1684,690,5,150437,12035,2087,1137,1735,2084,1135,1679,98,100,0,600,2117
reset_tasdev_specfull1libquantum,337,118,2085,1135,1691,696,5,150439,12035,2087,1137,1745,2085,1135,1678,98,100,0,600,2117
reset_tasdev_specfull1libquantum,337,119,2084,1137,1684,701,5,150439,12035,2086,1137,1735,2083,1135,1678,98,100,0,600,2106
reset_tasdev_specfull1libquantum,337,120,2083,1137,1685,707,5,150439,12035,2086,1138,1737,2083,1135,1677,98,100,0,600,2109
reset_tasdev_specfull1libquantum,337,121,2085,1137,1688,713,5,150441,12035,2087,1137,1757,2083,1135,1678,98,100,0,600,2117
reset_tasdev_specfull1libquantum,337,122,2085,1137,1691,719,5,150443,12035,2086,1137,1739,2083,1135,1679,98,100,0,600,2120
reset_tasdev_specfull1libquantum,337,123,2085,1136,1682,725,5,150455,12036,2086,1137,1737,2083,1134,1679,99,100,0,600,2106
reset_tasdev_specfull1libquantum,337,124,2084,1136,1683,731,5,150443,12035,2086,1137,1745,2083,1135,1677,98,100,0,600,2109
reset_tasdev_specfull1libquantum,337,125,2087,1136,1687,736,5,150446,12035,2087,1137,1737,2084,1135,1680,98,100,0,600,2123
reset_tasdev_specfull1libquantum,337,126,2087,1136,1688,742,5,150448,12035,2088,1137,1745,2086,1134,1678,98,100,0,600,2109
reset_tasdev_specfull1libquantum,337,127,2086,1136,1681,748,5,150449,12035,2087,1137,1736,2084,1135,1680,98,100,0,600,2117
reset_tasdev_specfull1libquantum,337,128,2085,1136,1680,754,6,150450,12036,2086,1137,1747,2083,1135,1679,98,100,0,600,2109
reset_tasdev_specfull1libquantum,337,129,2085,1136,1688,759,6,150451,12036,2086,1137,1743,2083,1134,1680,98,100,0,601,2120
reset_tasdev_specfull1libquantum,337,130,2085,1137,1700,765,6,150452,12036,2087,1137,1742,2084,1135,1679,98,100,0,601,2114
reset_tasdev_specfull1libquantum,337,131,2083,1136,1686,771,6,150451,12036,2086,1137,1742,2081,1135,1672,99,100,0,600,2103
reset_tasdev_specfull1libquantum,337,132,2086,1136,1697,777,6,150453,12036,2086,1137,1753,2082,1134,1680,97,100,0,601,2129
reset_tasdev_specfull1libquantum,337,133,2089,1136,1682,783,6,150456,12036,2090,1137,1756,2086,1134,1680,98,100,0,600,2126
reset_tasdev_specfull1libquantum,337,134,2085,1136,1685,789,6,150456,12036,2089,1136,1737,2085,1135,1680,99,100,0,600,2106
reset_tasdev_specfull1libquantum,337,135,2083,1136,1695,794,6,150456,12036,2086,1137,1739,2083,1133,1679,98,100,0,600,2106
reset_tasdev_specfull1libquantum,337,136,2087,1136,1701,800,6,150469,12037,2087,1136,1756,2082,1135,1679,98,100,0,600,2120
reset_tasdev_specfull1libquantum,337,137,2084,1136,1682,806,6,150469,12037,2087,1136,1737,2084,1135,1679,99,100,0,600,2103
reset_tasdev_specfull1libquantum,337,138,2085,1136,1692,812,6,150460,12036,2087,1136,1758,2083,1133,1678,98,100,0,600,2112
reset_tasdev_specfull1libquantum,337,139,2086,1136,1682,818,6,150461,12036,2087,1136,1756,2084,1134,1678,98,100,0,600,2112
reset_tasdev_specfull1libquantum,337,140,2084,1136,1690,824,6,150461,12036,2087,1136,1752,2084,1135,1678,98,100,0,600,2106
reset_tasdev_specfull1libquantum,337,141,2085,1136,1685,829,6,150462,12037,2086,1136,1741,2084,1134,1678,98,100,0,600,2114
reset_tasdev_specfull1libquantum,337,142,2087,1135,1683,835,6,150464,12037,2087,1137,1748,2084,1135,1677,98,100,0,600,2117
reset_tasdev_specfull1libquantum,337,143,2085,1135,1683,841,6,150464,12037,2087,1137,1745,2084,1135,1679,98,100,0,600,2109
reset_tasdev_specfull1libquantum,337,144,2083,1135,1692,847,6,150464,12037,2086,1136,1751,2083,1134,1679,98,100,0,600,2112
reset_tasdev_specfull1libquantum,337,145,2086,1136,1691,853,6,150476,12038,2086,1136,1752,2083,1134,1680,98,100,0,600,2114
reset_tasdev_specfull1libquantum,337,146,2086,1136,1683,858,6,150467,12037,2088,1136,1750,2084,1135,1680,99,100,0,599,2106
reset_tasdev_specfull1libquantum,337,147,2086,1136,1691,864,6,150469,12037,2089,1137,1750,2085,1135,1680,98,100,0,600,2114
reset_tasdev_specfull1libquantum,337,148,2087,1136,1705,870,6,150472,12037,2089,1137,1753,2085,1134,1679,98,100,0,600,2120
reset_tasdev_specfull1libquantum,337,149,2087,1136,1681,876,7,150482,12038,2088,1137,1750,2085,1135,1678,98,100,0,600,2114
reset_tasdev_specfull1libquantum,337,150,2084,1136,1681,882,7,150472,12037,2087,1136,1739,2084,1135,1680,98,100,0,600,2106
reset_tasdev_specfull1libquantum,337,151,2084,1135,1685,887,7,150472,12037,2087,1136,1742,2083,1134,1679,98,100,0,600,2112
reset_tasdev_specfull1libquantum,337,152,2084,1135,1686,893,7,150482,12038,2086,1136,1761,2083,1134,1678,98,100,0,600,2112
reset_tasdev_specfull1libquantum,337,153,2083,1135,1681,899,7,150473,12037,2086,1136,1754,2082,1134,1679,99,100,0,600,2103
reset_tasdev_specfull1libquantum,337,154,2086,1136,1691,905,7,150475,12038,2087,1136,1753,2083,1133,1678,98,100,0,600,2114
reset_tasdev_specfull1libquantum,337,155,2085,1135,1680,911,7,150475,12038,2087,1136,1749,2083,1134,1678,99,100,0,599,2103
reset_tasdev_specfull1libquantum,337,156,2083,1135,1704,916,7,150475,12038,2085,1137,1739,2083,1134,1678,98,100,0,600,2109
reset_tasdev_specfull1libquantum,337,157,2087,1136,1687,922,7,150477,12038,2088,1136,1756,2083,1133,1680,98,100,0,600,2117
reset_tasdev_specfull1libquantum,337,158,2087,1135,1693,928,7,150488,12039,2090,1136,1755,2086,1134,1681,98,100,0,600,2117
reset_tasdev_specfull1libquantum,337,159,2085,1134,1687,934,7,150479,12038,2087,1136,1741,2084,1134,1681,98,100,0,600,2109
reset_tasdev_specfull1libquantum,337,160,2084,1135,1695,940,7,150480,12038,2086,1136,1743,2084,1133,1681,98,100,0,599,2109
reset_tasdev_specfull1libquantum,337,161,2082,1135,1679,946,7,150488,12039,2087,1136,1742,2081,1134,1674,98,100,0,600,2112
reset_tasdev_specfull1libquantum,337,162,2080,1135,1684,951,7,150486,12038,2082,1136,1742,2078,1134,1674,98,100,0,600,2103
reset_tasdev_specfull1libquantum,337,163,2078,1135,1676,957,7,150474,12037,2080,1136,1745,2076,1134,1673,99,100,0,600,2095
reset_tasdev_specfull1libquantum,337,164,2079,1136,1680,963,7,150471,12037,2079,1136,1744,2076,1134,1673,98,100,0,600,2106
reset_tasdev_specfull1libquantum,337,165,2084,1135,1689,969,7,150473,12037,2084,1136,1756,2079,1134,1680,98,100,0,600,2114
reset_tasdev_specfull1libquantum,337,166,2089,1134,1694,974,7,150476,12038,2089,1136,1754,2084,1133,1682,98,100,0,600,2123
reset_tasdev_specfull1libquantum,337,167,2088,1135,1683,980,7,150477,12038,2089,1136,1752,2086,1133,1681,99,100,0,600,2106
reset_tasdev_specfull1libquantum,337,168,2087,1134,1683,986,7,150479,12038,2090,1136,1759,2085,1133,1681,99,100,0,600,2106
reset_tasdev_specfull1libquantum,337,169,2086,1135,1688,992,7,150480,12038,2089,1136,1752,2086,1133,1682,98,100,0,600,2117
reset_tasdev_specfull1libquantum,337,170,2087,1135,1690,998,7,150482,12038,2088,1136,1759,2086,1134,1681,98,100,0,600,2114
reset_tasdev_specfull1libquantum,337,171,2084,1134,1684,1004,8,150482,12038,2087,1136,1740,2084,1134,1680,98,100,0,600,2109
reset_tasdev_specfull1libquantum,337,172,2086,1134,1694,1009,8,150483,12038,2087,1136,1755,2084,1134,1680,98,100,0,599,2117
reset_tasdev_specfull1libquantum,337,173,2088,1135,1689,1015,8,150485,12038,2088,1136,1752,2086,1133,1679,98,100,0,600,2117
reset_tasdev_specfull1libquantum,337,174,2090,1134,1686,1021,8,150488,12039,2091,1135,1769,2087,1133,1680,98,100,0,599,2123
reset_tasdev_specfull1libquantum,337,175,2087,1134,1685,1027,8,150489,12039,2090,1136,1756,2087,1133,1682,99,100,0,600,2106
reset_tasdev_specfull1libquantum,337,176,2085,1134,1697,1033,8,150489,12039,2088,1135,1741,2085,1133,1683,98,100,0,600,2109
reset_tasdev_specfull1libquantum,337,177,2086,1134,1694,1039,8,150491,12039,2087,1135,1740,2085,1133,1682,98,100,0,600,2112
reset_tasdev_specfull1libquantum,337,178,2090,1135,1687,1044,8,150493,12039,2090,1135,1751,2085,1133,1682,98,100,0,600,2129
reset_tasdev_specfull1libquantum,337,179,2088,1134,1686,1050,8,150494,12039,2090,1135,1754,2087,1132,1682,99,100,0,600,2109
reset_tasdev_specfull1libquantum,337,180,2087,1133,1686,1056,8,150504,12040,2090,1135,1754,2087,1133,1683,98,100,0,599,2109
reset_tasdev_specfull1libquantum,337,181,2085,1134,1697,1062,8,150496,12039,2088,1135,1743,2085,1133,1682,98,100,0,600,2114
reset_tasdev_specfull1libquantum,337,182,2086,1134,1686,1067,8,150497,12039,2087,1135,1749,2084,1132,1682,98,100,0,600,2112
reset_tasdev_specfull1libquantum,337,183,2086,1135,1683,1073,8,150498,12039,2088,1135,1749,2085,1133,1682,98,100,0,600,2109
reset_tasdev_specfull1libquantum,337,184,2086,1133,1686,1079,8,150507,12040,2089,1135,1749,2084,1133,1682,99,100,0,600,2106
reset_tasdev_specfull1libquantum,337,185,2085,1132,1694,1085,8,150499,12039,2088,1135,1741,2085,1132,1680,98,100,0,600,2114
reset_tasdev_specfull1libquantum,337,186,2085,1134,1693,1091,8,150500,12040,2086,1135,1739,2084,1132,1681,98,100,0,599,2112
reset_tasdev_specfull1libquantum,337,187,2087,1134,1686,1097,8,150501,12040,2087,1135,1741,2085,1133,1682,98,100,0,600,2120
reset_tasdev_specfull1libquantum,337,188,2086,1134,1685,1102,8,150501,12040,2087,1135,1740,2084,1132,1682,98,100,0,600,2117
reset_tasdev_specfull1libquantum,337,189,2085,1134,1694,1108,8,150502,12040,2087,1134,1747,2085,1132,1681,98,100,0,599,2114
reset_tasdev_specfull1libquantum,337,190,2086,1135,1693,1114,8,150503,12040,2089,1135,1765,2085,1133,1682,98,100,0,599,2112
reset_tasdev_specfull1libquantum,337,191,2086,1134,1703,1120,8,150503,12040,2087,1135,1741,2084,1132,1683,98,100,0,599,2114
reset_tasdev_specfull1libquantum,337,192,2085,1133,1684,1126,9,150503,12040,2086,1135,1739,2084,1133,1683,99,100,0,600,2106
reset_tasdev_specfull1libquantum,337,193,2084,1134,1692,1132,9,150503,12040,2085,1134,1745,2083,1132,1682,98,100,0,600,2109
reset_tasdev_specfull1libquantum,337,194,2082,1133,1684,1137,9,150510,12040,2086,1135,1743,2082,1132,1679,99,100,0,600,2103
reset_tasdev_specfull1libquantum,337,195,2084,1133,1685,1143,9,150502,12040,2084,1135,1740,2079,1133,1676,98,100,0,600,2120
reset_tasdev_specfull1libquantum,337,196,2085,1133,1694,1149,9,150510,12040,2086,1135,1743,2082,1132,1682,98,100,0,600,2109
reset_tasdev_specfull1libquantum,337,197,2085,1134,1686,1155,9,150503,12040,2087,1134,1742,2084,1132,1683,99,100,0,600,2106
reset_tasdev_specfull1libquantum,337,198,2085,1134,1689,1161,9,150504,12040,2086,1134,1741,2084,1132,1684,98,100,0,599,2114
reset_tasdev_specfull1libquantum,337,199,2086,1133,1696,1166,9,150505,12040,2086,1134,1740,2084,1133,1684,98,100,0,600,2117
reset_tasdev_specfull1libquantum,337,200,2087,1133,1686,1172,9,150506,12040,2088,1134,1743,2084,1131,1682,98,100,0,600,2109
reset_tasdev_specfull1libquantum,337,201,2085,1133,1686,1178,9,150513,12041,2087,1134,1740,2085,1133,1684,98,100,0,600,2109
reset_tasdev_specfull1libquantum,337,202,2084,1134,1692,1184,9,150506,12040,2086,1135,1741,2084,1133,1681,98,100,0,600,2114
reset_tasdev_specfull1libquantum,337,203,2085,1133,1693,1189,9,150507,12040,2085,1135,1757,2083,1130,1682,98,100,0,599,2123
reset_tasdev_specfull1libquantum,337,204,2086,1133,1686,1195,9,150507,12040,2086,1133,1743,2084,1131,1684,98,100,0,600,2123
reset_tasdev_specfull1libquantum,337,205,2084,1132,1686,1201,9,150507,12040,2086,1133,1749,2083,1131,1682,99,100,0,600,2103
reset_tasdev_specfull1libquantum,337,206,2084,1131,1704,1207,9,150507,12040,2086,1133,1744,2083,1131,1683,98,100,0,600,2112
reset_tasdev_specfull1libquantum,337,207,2083,1131,1691,1213,9,150515,12041,2087,1133,1765,2083,1130,1683,99,100,0,600,2103
reset_tasdev_specfull1libquantum,337,208,2083,1132,1690,1219,9,150507,12040,2086,1133,1743,2083,1131,1684,98,100,0,600,2106
reset_tasdev_specfull1libquantum,337,209,2085,1135,1691,1224,9,150516,12041,2087,1136,1768,2083,1130,1683,98,100,0,600,2114
reset_tasdev_specfull1libquantum,337,210,2087,1138,1687,1230,9,150510,12040,2087,1139,1749,2084,1133,1677,98,100,0,600,2114
reset_tasdev_specfull1libquantum,337,211,2087,1139,1677,1236,9,150510,12040,2088,1141,1745,2085,1137,1674,98,100,0,600,2109
reset_tasdev_specfull1libquantum,337,212,2086,1142,1673,1242,9,150510,12040,2087,1142,1734,2085,1139,1672,98,100,0,600,2112
reset_tasdev_specfull1libquantum,337,213,2085,1141,1679,1248,9,150518,12041,2088,1143,1741,2084,1140,1671,98,100,0,600,2117
reset_tasdev_specfull1libquantum,337,214,2088,1142,1673,1254,10,150519,12041,2088,1142,1745,2084,1141,1672,98,100,0,600,2126
reset_tasdev_specfull1libquantum,337,215,2085,1142,1684,1259,10,150513,12041,2088,1142,1738,2084,1140,1672,99,100,0,601,2103
reset_tasdev_specfull1libquantum,337,216,2085,1141,1679,1265,10,150513,12041,2087,1143,1736,2084,1140,1671,98,100,0,601,2114
reset_tasdev_specfull1libquantum,337,217,2086,1141,1680,1271,10,150521,12041,2089,1142,1755,2085,1140,1673,98,100,0,601,2112
reset_tasdev_specfull1libquantum,337,218,2085,1142,1674,1277,10,150514,12041,2086,1142,1728,2084,1140,1673,98,100,0,601,2120
reset_tasdev_specfull1libquantum,337,219,2084,1141,1676,1282,10,150514,12041,2085,1142,1733,2083,1139,1671,98,100,0,601,2109
reset_tasdev_specfull1libquantum,337,220,2084,1141,1687,1288,10,150514,12041,2086,1142,1731,2083,1140,1670,98,100,0,601,2109
reset_tasdev_specfull1libquantum,337,221,2085,1141,1681,1294,10,150514,12041,2085,1142,1727,2083,1140,1673,98,100,0,601,2120
reset_tasdev_specfull1libquantum,337,222,2086,1141,1704,1300,10,150515,12041,2086,1142,1740,2083,1140,1672,98,100,0,601,2114
reset_tasdev_specfull1libquantum,337,223,2085,1142,1675,1306,10,150521,12041,2086,1142,1730,2083,1140,1669,98,100,0,601,2114
reset_tasdev_specfull1libquantum,337,224,2084,1141,1674,1312,10,150514,12041,2085,1142,1730,2083,1140,1672,98,100,0,601,2106
reset_tasdev_specfull1libquantum,337,225,2084,1141,1685,1317,10,150515,12041,2086,1142,1746,2083,1139,1672,98,100,0,601,2117
reset_tasdev_specfull1libquantum,337,226,2083,1141,1682,1323,10,150515,12041,2086,1142,1730,2082,1139,1671,98,100,0,600,2112
reset_tasdev_specfull1libquantum,337,227,2085,1141,1676,1329,10,150515,12041,2085,1142,1731,2082,1140,1672,98,100,0,600,2117
reset_tasdev_specfull1libquantum,337,228,2085,1141,1681,1335,10,150515,12041,2086,1142,1743,2083,1139,1666,98,100,0,600,2112
reset_tasdev_specfull1libquantum,337,229,2083,1141,1679,1341,10,150515,12041,2085,1142,1729,2083,1139,1671,98,100,0,600,2109
reset_tasdev_specfull1libquantum,337,230,2084,1142,1679,1346,10,150515,12041,2085,1142,1730,2083,1140,1671,98,100,0,600,2117
reset_tasdev_specfull1libquantum,337,231,2087,1141,1673,1352,10,150522,12041,2087,1142,1733,2084,1139,1671,98,100,0,600,2123
reset_tasdev_specfull1libquantum,337,232,2086,1142,1674,1358,10,150516,12041,2088,1143,1741,2084,1141,1671,99,100,0,600,2106
reset_tasdev_specfull1libquantum,337,233,2084,1142,1689,1364,10,150516,12041,2086,1143,1729,2083,1140,1670,98,100,0,600,2109
reset_tasdev_specfull1libquantum,337,234,2085,1142,1681,1370,10,150517,12041,2086,1142,1741,2084,1140,1671,98,100,0,600,2114
reset_tasdev_specfull1libquantum,337,235,2085,1141,1678,1375,11,150517,12041,2086,1142,1730,2084,1140,1670,98,100,0,600,2117
reset_tasdev_specfull1libquantum,337,236,2086,1142,1674,1381,11,150517,12041,2087,1142,1744,2084,1140,1672,98,100,0,600,2114
reset_tasdev_specfull1libquantum,337,237,2085,1141,1690,1387,11,150518,12041,2086,1142,1733,2085,1140,1670,98,100,0,600,2112
reset_tasdev_specfull1libquantum,337,238,2087,1141,1680,1393,11,150525,12042,2087,1142,1743,2084,1139,1674,98,100,0,600,2129
reset_tasdev_specfull1libquantum,337,239,2087,1141,1684,1399,11,150519,12041,2087,1142,1731,2085,1139,1673,98,100,0,600,2120
reset_tasdev_specfull1libquantum,337,240,2087,1140,1678,1404,11,150520,12041,2088,1141,1733,2085,1139,1672,98,100,0,599,2112
reset_tasdev_specfull1libquantum,337,241,2086,1140,1677,1410,11,150520,12041,2088,1141,1732,2085,1138,1674,99,100,0,600,2106
reset_tasdev_specfull1libquantum,337,242,2086,1140,1692,1416,11,150521,12041,2088,1141,1734,2085,1139,1672,98,100,0,599,2120
reset_tasdev_specfull1libquantum,337,243,2086,1141,1686,1422,11,150522,12041,2088,1141,1733,2085,1139,1674,98,100,0,600,2114
reset_tasdev_specfull1libquantum,337,244,2088,1140,1683,1428,11,150523,12041,2089,1141,1742,2086,1139,1673,98,100,0,600,2126
reset_tasdev_specfull1libquantum,337,245,2087,1140,1678,1434,11,150524,12041,2089,1141,1744,2086,1139,1674,98,100,0,600,2109
reset_tasdev_specfull1libquantum,337,246,2085,1140,1677,1439,11,150524,12041,2087,1141,1731,2085,1139,1674,99,100,0,600,2106
reset_tasdev_specfull1libquantum,337,247,2085,1140,1684,1445,11,150524,12041,2087,1141,1733,2084,1138,1671,98,100,0,601,2114
reset_tasdev_specfull1libquantum,337,248,2086,1139,1688,1451,11,150525,12042,2086,1141,1732,2084,1139,1672,98,100,0,601,2120
reset_tasdev_specfull1libquantum,337,249,2086,1141,1679,1457,11,150525,12042,2087,1141,1733,2084,1139,1674,99,100,0,601,2106
reset_tasdev_specfull1libquantum,337,250,2084,1140,1678,1463,11,150525,12042,2086,1141,1734,2084,1139,1674,98,100,0,600,2109
reset_tasdev_specfull1libquantum,337,251,2085,1140,1686,1469,11,150525,12042,2087,1140,1734,2083,1138,1675,98,100,0,600,2117
reset_tasdev_specfull1libquantum,337,252,2086,1139,1679,1474,11,150526,12042,2087,1140,1736,2085,1138,1674,98,100,0,600,2114
reset_tasdev_specfull1libquantum,337,253,2085,1140,1685,1480,11,150526,12042,2087,1140,1748,2085,1137,1675,98,100,0,600,2114
reset_tasdev_specfull1libquantum,337,254,2087,1140,1680,1486,11,150527,12042,2087,1140,1744,2084,1138,1674,98,100,0,600,2126
reset_tasdev_specfull1libquantum,337,255,2081,1141,1669,1492,11,150526,12042,2087,1141,1731,2081,1139,1666,98,100,0,600,2106
reset_tasdev_specfull1libquantum,337,256,2081,1139,1684,1497,11,150525,12042,2081,1141,1723,2079,1138,1666,98,100,0,601,2117
reset_tasdev_specfull1libquantum,337,257,2085,1140,1693,1503,12,150525,12042,2085,1140,1741,2081,1138,1675,98,100,0,601,2114
reset_tasdev_specfull1libquantum,337,258,2085,1139,1677,1509,12,150525,12042,2087,1140,1735,2083,1137,1675,98,100,0,600,2117
reset_tasdev_specfull1libquantum,337,259,2086,1140,1677,1515,12,150526,12042,2086,1140,1737,2083,1137,1674,98,100,0,601,2114
reset_tasdev_specfull1libquantum,337,260,2085,1138,1691,1521,12,150526,12042,2087,1140,1735,2084,1138,1673,98,100,0,601,2112
reset_tasdev_specfull1libquantum,337,261,2085,1138,1688,1527,12,150526,12042,2087,1140,1735,2084,1138,1676,98,100,0,601,2117
reset_tasdev_specfull1libquantum,337,262,2085,1139,1692,1532,12,150527,12042,2087,1139,1736,2083,1137,1675,98,100,0,600,2117
reset_tasdev_specfull1libquantum,337,263,2086,1138,1680,1538,12,150527,12042,2087,1139,1737,2084,1137,1674,98,100,0,600,2117
reset_tasdev_specfull1libquantum,337,264,2084,1139,1679,1544,12,150527,12042,2086,1139,1733,2083,1137,1675,99,100,0,600,2103
reset_tasdev_specfull1libquantum,337,265,2085,1138,1688,1550,12,150527,12042,2088,1139,1750,2083,1137,1673,98,100,0,601,2109
reset_tasdev_specfull1libquantum,337,266,2084,1138,1680,1556,12,150533,12042,2087,1139,1738,2084,1137,1675,98,100,0,601,2112
reset_tasdev_specfull1libquantum,337,267,2086,1138,1679,1561,12,150528,12042,2086,1139,1744,2083,1137,1675,98,100,0,601,2120
reset_tasdev_specfull1libquantum,337,268,2083,1138,1684,1567,12,150528,12042,2086,1139,1735,2083,1137,1676,98,100,0,601,2106
reset_tasdev_specfull1libquantum,337,269,2084,1138,1679,1573,12,150528,12042,2086,1139,1746,2083,1136,1675,99,100,0,601,2103
reset_tasdev_specfull1libquantum,337,270,2084,1139,1685,1579,12,150528,12042,2086,1140,1736,2083,1138,1676,98,100,0,601,2114
reset_tasdev_specfull1libquantum,337,271,2086,1138,1686,1585,12,150528,12042,2086,1139,1744,2083,1137,1674,98,100,0,601,2112
reset_tasdev_specfull1libquantum,337,272,2085,1138,1680,1590,12,150528,12042,2086,1139,1735,2084,1136,1677,98,100,0,601,2117
reset_tasdev_specfull1libquantum,337,273,2085,1138,1679,1596,12,150528,12042,2087,1139,1748,2083,1137,1675,99,100,0,601,2106
reset_tasdev_specfull1libquantum,337,274,2085,1138,1693,1602,12,150529,12042,2087,1139,1757,2084,1136,1678,98,100,0,600,2112
reset_tasdev_specfull1libquantum,337,275,2086,1138,1691,1608,12,150530,12042,2087,1138,1735,2085,1136,1678,98,100,0,600,2114
reset_tasdev_specfull1libquantum,337,276,2087,1137,1690,1614,12,150530,12042,2087,1138,1736,2085,1137,1676,98,100,0,600,2117
reset_tasdev_specfull1libquantum,337,277,2087,1138,1681,1619,12,150531,12042,2088,1139,1738,2085,1137,1677,98,100,0,600,2109
reset_tasdev_specfull1libquantum,337,278,2085,1138,1680,1625,13,150531,12042,2087,1138,1737,2085,1135,1675,99,100,0,600,2106
reset_tasdev_specfull1libquantum,337,279,2084,1137,1691,1631,13,150531,12042,2087,1138,1750,2084,1136,1677,98,100,0,600,2106
reset_tasdev_specfull1libquantum,337,280,2085,1138,1692,1637,13,150532,12042,2086,1138,1736,2084,1136,1678,98,100,0,600,2114
reset_tasdev_specfull1libquantum,337,281,2088,1137,1679,1643,13,150532,12042,2088,1138,1754,2085,1135,1677,98,100,0,600,2117
reset_tasdev_specfull1libquantum,337,282,2086,1137,1679,1649,13,150533,12042,2088,1138,1739,2086,1136,1677,99,100,0,600,2106
reset_tasdev_specfull1libquantum,337,283,2084,1136,1688,1654,13,150538,12043,2087,1138,1748,2084,1136,1677,98,100,0,600,2109
reset_tasdev_specfull1libquantum,337,284,2084,1137,1687,1660,13,150533,12042,2086,1137,1746,2083,1135,1679,98,100,0,600,2112
reset_tasdev_specfull1libquantum,337,285,2085,1136,1692,1666,13,150533,12042,2085,1138,1740,2083,1134,1679,98,100,0,600,2117
reset_tasdev_specfull1libquantum,337,286,2082,1136,1674,1672,13,150532,12042,2085,1136,1734,2082,1134,1673,99,100,0,600,2097
reset_tasdev_specfull1libquantum,337,287,2077,1135,1683,1678,13,150530,12042,2082,1136,1748,2077,1133,1673,99,100,0,600,2097
reset_tasdev_specfull1libquantum,337,288,2078,1142,1676,1683,13,150529,12042,2079,1142,1738,2076,1134,1668,98,100,0,600,2120
reset_tasdev_specfull1libquantum,337,289,2084,1139,1687,1689,13,150529,12042,2084,1143,1742,2078,1138,1672,98,100,0,600,2117
reset_tasdev_specfull1libquantum,337,290,2086,1141,1674,1695,13,150530,12042,2086,1143,1734,2083,1139,1672,98,100,0,600,2114
reset_tasdev_specfull1libquantum,337,291,2084,1142,1678,1701,13,150529,12042,2087,1143,1731,2084,1139,1672,98,100,0,600,2109
reset_tasdev_specfull1libquantum,337,292,2083,1141,1686,1707,13,150529,12042,2086,1143,1731,2083,1139,1670,98,100,0,600,2117
reset_tasdev_specfull1libquantum,337,293,2084,1143,1683,1712,13,150529,12042,2086,1143,1731,2083,1139,1670,98,100,0,600,2114
reset_tasdev_specfull1libquantum,337,294,2087,1137,1682,1718,13,150530,12042,2087,1143,1738,2084,1137,1672,98,100,0,600,2120
reset_tasdev_specfull1libquantum,337,295,2087,1142,1678,1724,13,150531,12042,2088,1142,1733,2085,1137,1673,98,100,0,600,2109
reset_tasdev_specfull1libquantum,337,296,2085,1141,1684,1730,13,150531,12042,2088,1143,1733,2085,1140,1673,99,100,0,600,2106
reset_tasdev_specfull1libquantum,337,297,2086,1140,1679,1736,13,150537,12042,2088,1143,1736,2085,1136,1672,98,100,0,600,2117
reset_tasdev_specfull1libquantum,337,298,2087,1142,1683,1742,13,150532,12042,2088,1143,1737,2085,1138,1675,98,100,0,599,2117
reset_tasdev_specfull1libquantum,337,299,2086,1140,1680,1747,13,150532,12042,2087,1142,1734,2084,1138,1673,98,100,0,600,2109
reset_tasdev_specfull1libquantum,337,300,2085,1139,1683,1753,14,150533,12042,2087,1142,1735,2085,1138,1673,98,100,0,600,2109
reset_tasdev_specfull1libquantum,337,301,2085,1139,1692,1759,14,150533,12042,2087,1141,1733,2085,1138,1674,98,100,0,600,2112
reset_tasdev_specfull1libquantum,337,302,2089,1141,1680,1765,14,150534,12042,2089,1143,1750,2085,1138,1673,98,100,0,600,2131
reset_tasdev_specfull1libquantum,337,303,2089,1140,1687,1771,14,150536,12042,2091,1143,1736,2088,1138,1672,98,100,0,600,2123
reset_tasdev_specfull1libquantum,337,304,2087,1143,1679,1776,14,150536,12042,2089,1143,1730,2086,1138,1672,98,100,0,600,2112
reset_tasdev_specfull1libquantum,337,305,2085,1142,1673,1782,14,150536,12042,2087,1143,1729,2085,1139,1672,98,100,0,600,2109
reset_tasdev_specfull1libquantum,337,306,2086,1142,1674,1788,14,150536,12042,2087,1143,1734,2084,1139,1672,98,100,0,600,2120
reset_tasdev_specfull1libquantum,337,307,2086,1143,1684,1794,14,150537,12042,2088,1143,1751,2085,1141,1670,98,100,0,600,2117
reset_tasdev_specfull1libquantum,337,308,2087,1141,1675,1800,14,150537,12043,2087,1143,1731,2084,1141,1671,98,100,0,600,2117
reset_tasdev_specfull1libquantum,337,309,2086,1139,1680,1805,14,150542,12043,2088,1143,1747,2084,1137,1672,98,100,0,600,2109
reset_tasdev_specfull1libquantum,337,310,2084,1141,1678,1811,14,150537,12043,2087,1143,1733,2084,1139,1672,98,100,0,601,2114
reset_tasdev_specfull1libquantum,337,311,2085,1140,1678,1817,14,150538,12043,2085,1142,1729,2083,1139,1672,98,100,0,601,2117
reset_tasdev_specfull1libquantum,337,312,2085,1135,1682,1823,14,150538,12043,2086,1143,1755,2083,1134,1672,99,100,0,601,2106
reset_tasdev_specfull1libquantum,337,313,2084,1136,1694,1829,14,150538,12043,2086,1137,1739,2084,1135,1679,98,100,0,600,2109
reset_tasdev_specfull1libquantum,337,314,2085,1136,1691,1834,14,150538,12043,2088,1137,1739,2084,1135,1680,98,100,0,600,2114
reset_tasdev_specfull1libquantum,337,315,2087,1135,1691,1840,14,150539,12043,2087,1141,1751,2084,1135,1676,98,100,0,599,2126
reset_tasdev_specfull1libquantum,337,316,2086,1135,1682,1846,14,150539,12043,2088,1137,1740,2085,1135,1679,98,100,0,600,2109
reset_tasdev_specfull1libquantum,337,317,2086,1136,1687,1852,14,150540,12043,2088,1137,1757,2084,1135,1679,98,100,0,600,2112
reset_tasdev_specfull1libquantum,337,318,2088,1135,1678,1858,14,150541,12043,2091,1141,1753,2086,1135,1678,98,100,0,600,2120
reset_tasdev_specfull1libquantum,337,319,2081,1136,1678,1864,14,150539,12043,2088,1136,1734,2080,1135,1673,98,100,0,600,2109
reset_tasdev_specfull1libquantum,337,320,2081,1136,1675,1869,14,150543,12043,2081,1136,1743,2078,1134,1673,98,100,0,600,2120
reset_tasdev_specfull1libquantum,337,321,2078,1136,1684,1875,15,150536,12042,2081,1136,1738,2077,1134,1673,99,100,0,600,2095
reset_tasdev_specfull1libquantum,337,322,2078,1136,1688,1881,15,150535,12042,2079,1136,1732,2077,1135,1673,98,100,0,600,2109
reset_tasdev_specfull1libquantum,337,323,2080,1135,1677,1887,15,150534,12042,2080,1137,1739,2077,1134,1673,98,100,0,600,2117
reset_tasdev_specfull1libquantum,337,324,2078,1136,1675,1892,15,150533,12042,2080,1136,1748,2077,1134,1673,99,100,0,600,2097
reset_tasdev_specfull1libquantum,337,325,2080,1136,1676,1898,15,150532,12042,2083,1136,1743,2078,1134,1673,98,100,0,600,2117
reset_tasdev_specfull1libquantum,337,326,2079,1135,1693,1904,15,150531,12042,2082,1136,1745,2078,1134,1673,98,100,0,600,2117
reset_tasdev_specfull1libquantum,337,327,2078,1135,1678,1910,15,150534,12042,2080,1136,1737,2077,1134,1673,99,100,0,600,2097
reset_tasdev_specfull1libquantum,337,328,2076,1135,1713,1916,15,150528,12042,2078,1136,1746,2076,1134,1672,98,100,0,600,2103
reset_tasdev_specfull1libquantum,337,329,2078,1135,1681,1921,15,150526,12042,2080,1136,1748,2076,1134,1671,98,100,0,600,2109
reset_tasdev_specfull1libquantum,337,330,2075,1136,1674,1927,15,150524,12041,2080,1136,1745,2075,1134,1671,99,100,0,601,2095
reset_tasdev_specfull1libquantum,337,331,2075,1135,1683,1933,15,150523,12041,2077,1136,1747,2074,1133,1670,98,100,0,601,2109
reset_tasdev_specfull1libquantum,337,332,2075,1135,1673,1939,15,150520,12041,2077,1136,1739,2073,1134,1671,99,100,0,601,2095
reset_tasdev_specfull1libquantum,337,333,2159,1135,1738,1945,15,150523,12041,2159,1140,1777,2073,1133,1671,98,100,0,601,2197
reset_tasdev_specfull1libquantum,337,334,2102,1135,1728,1951,15,150538,12043,2168,1136,1778,2102,1132,1690,98,100,0,601,2134
reset_tasdev_specfull1libquantum,337,335,2115,1134,1742,1957,15,150545,12043,2115,1136,1747,2102,1134,1687,97,100,0,601,2180
reset_tasdev_specfull1libquantum,337,336,2153,1134,1759,1963,15,150562,12044,2153,1135,1784,2115,1132,1741,96,100,0,601,2220
Processed 337 lines from power meter
There were 0 errors in reading from the meter
