RunId,NumDataLines,SeqNum,Watts,Amps,WattHours,Cost,MoKWh,MoCost,MaxWatts,MaxVolts,MaxAmps,MinWatts,MinVolts,MinAmps,Factor,DutyCycle,PowerCycle
reset_awldev_spec4mixE,129,0,2221,1138,1793,11,0,158126,12650,2221,1139,1816,2209,1136,1748,98,100,0,600,2257
reset_awldev_spec4mixE,129,1,2224,1138,1799,17,0,158972,12717,2224,1139,1830,2220,1136,1745,97,100,0,600,2271
reset_awldev_spec4mixE,129,2,2227,1138,1809,24,0,159509,12760,2232,1139,1834,2224,1137,1754,99,100,0,600,2245
reset_awldev_spec4mixE,129,3,2215,1138,1789,30,0,159583,12766,2228,1139,1817,2215,1136,1748,99,100,0,601,2231
reset_awldev_spec4mixE,129,4,2216,1137,1800,36,0,159655,12772,2216,1139,1820,2213,1136,1743,98,100,0,601,2240
reset_awldev_spec4mixE,129,5,2221,1138,1790,42,0,160004,12800,2221,1139,1820,2216,1137,1754,98,100,0,601,2251
reset_awldev_spec4mixE,129,6,2222,1137,1791,48,0,159863,12789,2223,1139,1821,2220,1137,1755,98,100,0,601,2248
reset_awldev_spec4mixE,129,7,2231,1138,1805,55,0,160027,12802,2231,1139,1825,2222,1137,1770,98,100,0,601,2268
reset_awldev_spec4mixE,129,8,2223,1138,1775,61,0,160061,12804,2232,1139,1822,2223,1137,1743,98,100,0,601,2251
reset_awldev_spec4mixE,129,9,2206,1138,1763,67,0,159992,12799,2223,1139,1825,2206,1136,1726,100,100,0,601,2206
reset_awldev_spec4mixE,129,10,2227,1137,1812,73,0,160117,12809,2227,1139,1825,2206,1136,1763,98,100,0,601,2265
reset_awldev_spec4mixE,129,11,2233,1138,1803,79,0,160211,12816,2233,1139,1824,2227,1137,1770,98,100,0,601,2259
reset_awldev_spec4mixE,129,12,2238,1137,1807,86,0,160317,12825,2238,1139,1823,2233,1136,1766,98,100,0,601,2271
reset_awldev_spec4mixE,129,13,2238,1138,1794,92,0,160399,12831,2239,1139,1826,2237,1137,1764,98,100,0,601,2268
reset_awldev_spec4mixE,129,14,2238,1138,1806,98,0,160473,12837,2238,1139,1825,2236,1137,1768,98,100,0,601,2271
reset_awldev_spec4mixE,129,15,2240,1138,1796,104,0,160553,12844,2242,1139,1827,2238,1136,1771,99,100,0,601,2262
reset_awldev_spec4mixE,129,16,2238,1138,1808,110,0,160608,12848,2240,1139,1827,2236,1137,1770,98,100,0,600,2277
reset_awldev_spec4mixE,129,17,2240,1138,1799,117,0,160757,12860,2240,1140,1827,2238,1137,1776,98,100,0,600,2268
reset_awldev_spec4mixE,129,18,2239,1139,1808,123,0,160804,12864,2240,1139,1829,2239,1137,1772,98,100,0,600,2262
reset_awldev_spec4mixE,129,19,2239,1139,1814,129,1,160848,12867,2240,1139,1827,2238,1137,1763,98,100,0,600,2268
reset_awldev_spec4mixE,129,20,2240,1138,1804,135,1,160886,12870,2240,1139,1844,2238,1137,1752,98,100,0,600,2268
reset_awldev_spec4mixE,129,21,2241,1137,1804,142,1,160859,12868,2241,1139,1830,2240,1136,1774,98,100,0,600,2268
reset_awldev_spec4mixE,129,22,2242,1137,1775,148,1,160899,12871,2242,1139,1829,2241,1136,1770,98,100,0,600,2268
reset_awldev_spec4mixE,129,23,2239,1138,1805,154,1,160928,12874,2242,1139,1826,2239,1136,1765,98,100,0,600,2262
reset_awldev_spec4mixE,129,24,2237,1138,1806,161,1,160946,12875,2239,1139,1829,2234,1136,1763,98,100,0,600,2271
reset_awldev_spec4mixE,129,25,2243,1138,1815,167,1,160990,12879,2243,1139,1830,2237,1136,1774,98,100,0,599,2277
reset_awldev_spec4mixE,129,26,2245,1139,1808,173,1,161032,12882,2246,1140,1827,2243,1137,1775,98,100,0,600,2271
reset_awldev_spec4mixE,129,27,2247,1139,1804,179,1,161077,12886,2248,1140,1827,2245,1138,1784,99,100,0,600,2268
reset_awldev_spec4mixE,129,28,2246,1139,1811,185,1,161108,12888,2247,1140,1830,2242,1137,1762,98,100,0,600,2285
reset_awldev_spec4mixE,129,29,2246,1139,1803,192,1,161142,12891,2247,1140,1833,2245,1138,1775,99,100,0,600,2265
reset_awldev_spec4mixE,129,30,2248,1140,1812,198,1,161180,12894,2248,1140,1832,2246,1137,1773,98,100,0,600,2282
reset_awldev_spec4mixE,129,31,2249,1138,1813,204,1,161217,12897,2249,1140,1831,2247,1137,1775,98,100,0,601,2277
reset_awldev_spec4mixE,129,32,2251,1138,1820,211,1,161258,12900,2251,1139,1829,2249,1137,1787,98,100,0,600,2282
reset_awldev_spec4mixE,129,33,2252,1138,1825,217,1,161298,12903,2252,1139,1834,2249,1137,1780,98,100,0,600,2277
reset_awldev_spec4mixE,129,34,2255,1137,1821,223,1,161342,12907,2255,1139,1833,2252,1135,1779,98,100,0,600,2285
reset_awldev_spec4mixE,129,35,2257,1137,1826,229,1,161385,12910,2257,1138,1838,2253,1136,1783,98,100,0,600,2288
reset_awldev_spec4mixE,129,36,2260,1137,1824,236,1,161476,12918,2260,1139,1840,2255,1136,1784,98,100,0,600,2291
reset_awldev_spec4mixE,129,37,2258,1138,1825,242,1,161474,12917,2260,1139,1835,2258,1136,1786,98,100,0,599,2288
reset_awldev_spec4mixE,129,38,2265,1138,1814,248,1,161528,12922,2265,1139,1839,2258,1136,1790,98,100,0,600,2296
reset_awldev_spec4mixE,129,39,2263,1137,1821,254,2,161574,12925,2265,1138,1836,2263,1136,1789,99,100,0,599,2285
reset_awldev_spec4mixE,129,40,2264,1138,1827,261,2,161618,12929,2264,1139,1839,2262,1136,1777,98,100,0,600,2299
reset_awldev_spec4mixE,129,41,2265,1137,1826,267,2,161665,12933,2267,1139,1835,2263,1137,1793,99,100,0,601,2282
reset_awldev_spec4mixE,129,42,2209,1138,1806,273,2,161636,12930,2266,1139,1855,2205,1137,1753,98,100,0,600,2251
reset_awldev_spec4mixE,129,43,2243,1138,1817,280,2,161659,12932,2243,1139,1851,2209,1136,1773,97,100,0,600,2294
reset_awldev_spec4mixE,129,44,2257,1138,1821,286,2,161698,12935,2259,1139,1843,2243,1136,1801,99,100,0,600,2277
reset_awldev_spec4mixE,129,45,2261,1138,1817,292,2,161732,12938,2261,1139,1838,2256,1137,1788,98,100,0,601,2299
reset_awldev_spec4mixE,129,46,2223,1138,1835,299,2,161736,12938,2262,1139,1839,2207,1136,1778,97,100,0,601,2282
reset_awldev_spec4mixE,129,47,2264,1138,1818,305,2,161764,12941,2276,1139,1838,2223,1137,1791,98,100,0,601,2291
reset_awldev_spec4mixE,129,48,2262,1139,1820,311,2,161795,12943,2264,1139,1838,2261,1136,1788,98,100,0,601,2294
reset_awldev_spec4mixE,129,49,2256,1138,1813,317,2,161815,12945,2262,1139,1832,2256,1137,1788,99,100,0,601,2274
reset_awldev_spec4mixE,129,50,2257,1138,1824,324,2,161839,12947,2257,1139,1832,2256,1137,1786,98,100,0,601,2291
reset_awldev_spec4mixE,129,51,2257,1139,1809,330,2,161859,12948,2258,1139,1835,2257,1137,1789,99,100,0,601,2279
reset_awldev_spec4mixE,129,52,2256,1139,1819,336,2,161877,12950,2257,1139,1830,2254,1137,1789,98,100,0,601,2285
reset_awldev_spec4mixE,129,53,2257,1138,1797,342,2,161926,12954,2258,1139,1831,2256,1136,1787,98,100,0,601,2282
reset_awldev_spec4mixE,129,54,2255,1138,1820,349,2,161913,12953,2257,1140,1830,2254,1137,1791,98,100,0,601,2285
reset_awldev_spec4mixE,129,55,2257,1138,1815,355,2,161931,12954,2257,1139,1832,2255,1137,1789,99,100,0,601,2279
reset_awldev_spec4mixE,129,56,2256,1136,1819,361,2,161948,12955,2257,1139,1833,2255,1135,1789,98,100,0,601,2282
reset_awldev_spec4mixE,129,57,2256,1137,1818,368,2,161964,12957,2256,1139,1834,2255,1135,1791,98,100,0,601,2282
reset_awldev_spec4mixE,129,58,2257,1138,1821,374,2,161981,12958,2258,1139,1832,2256,1137,1789,98,100,0,601,2288
reset_awldev_spec4mixE,129,59,2257,1137,1817,380,3,161996,12959,2258,1139,1834,2255,1135,1786,98,100,0,601,2285
reset_awldev_spec4mixE,129,60,2260,1138,1822,387,3,162017,12961,2260,1138,1837,2257,1134,1793,98,100,0,601,2294
reset_awldev_spec4mixE,129,61,2259,1138,1818,393,3,162035,12962,2261,1139,1835,2259,1137,1794,98,100,0,600,2285
reset_awldev_spec4mixE,129,62,2263,1136,1835,399,3,162058,12964,2263,1139,1840,2259,1135,1794,98,100,0,599,2296
reset_awldev_spec4mixE,129,63,2262,1136,1827,405,3,162103,12968,2264,1137,1841,2262,1135,1794,99,100,0,600,2282
reset_awldev_spec4mixE,129,64,2264,1138,1826,412,3,162100,12968,2264,1139,1838,2261,1136,1795,98,100,0,600,2296
reset_awldev_spec4mixE,129,65,2266,1136,1825,418,3,162124,12969,2267,1139,1840,2263,1136,1794,98,100,0,599,2294
reset_awldev_spec4mixE,129,66,2266,1135,1830,424,3,162145,12971,2266,1137,1841,2263,1135,1797,98,100,0,600,2296
reset_awldev_spec4mixE,129,67,2267,1138,1832,431,3,162169,12973,2269,1138,1844,2266,1135,1797,98,100,0,600,2291
reset_awldev_spec4mixE,129,68,2266,1136,1822,437,3,162190,12975,2269,1139,1839,2266,1136,1793,99,100,0,600,2288
reset_awldev_spec4mixE,129,69,2268,1137,1840,443,3,162213,12977,2268,1138,1841,2265,1136,1797,98,100,0,600,2296
reset_awldev_spec4mixE,129,70,2271,1139,1821,450,3,162238,12979,2271,1139,1844,2268,1136,1803,98,100,0,600,2302
reset_awldev_spec4mixE,129,71,2269,1139,1834,456,3,162281,12982,2271,1139,1836,2268,1137,1799,98,100,0,600,2296
reset_awldev_spec4mixE,129,72,2271,1136,1830,462,3,162284,12982,2272,1139,1845,2269,1135,1805,98,100,0,600,2294
reset_awldev_spec4mixE,129,73,2270,1139,1831,468,3,162306,12984,2272,1139,1843,2269,1136,1802,98,100,0,600,2302
reset_awldev_spec4mixE,129,74,2271,1138,1830,475,3,162328,12986,2272,1139,1837,2270,1137,1803,99,100,0,600,2291
reset_awldev_spec4mixE,129,75,2270,1136,1823,481,3,162349,12987,2272,1139,1837,2270,1136,1804,98,100,0,600,2299
reset_awldev_spec4mixE,129,76,2204,1138,1779,488,3,162339,12987,2270,1139,1843,2204,1135,1740,99,100,0,600,2222
reset_awldev_spec4mixE,129,77,2233,1138,1818,494,3,162334,12986,2233,1139,1852,2204,1136,1771,97,100,0,600,2285
reset_awldev_spec4mixE,129,78,2255,1135,1832,500,4,162346,12987,2255,1139,1840,2233,1135,1788,98,100,0,600,2296
reset_awldev_spec4mixE,129,79,2207,1135,1821,506,4,162344,12987,2261,1138,1843,2207,1135,1762,98,100,0,600,2237
reset_awldev_spec4mixE,129,80,2263,1138,1820,513,4,162374,12989,2272,1140,1835,2207,1135,1788,99,100,0,600,2282
reset_awldev_spec4mixE,129,81,2259,1137,1824,519,4,162363,12989,2263,1140,1834,2259,1136,1788,98,100,0,600,2282
reset_awldev_spec4mixE,129,82,2258,1137,1822,525,4,162371,12989,2259,1139,1831,2258,1135,1794,99,100,0,600,2277
reset_awldev_spec4mixE,129,83,2257,1138,1817,531,4,162397,12991,2258,1139,1833,2256,1136,1789,98,100,0,600,2285
reset_awldev_spec4mixE,129,84,2258,1137,1822,538,4,162386,12990,2258,1139,1830,2257,1136,1790,98,100,0,600,2285
reset_awldev_spec4mixE,129,85,2257,1137,1792,544,4,162392,12991,2258,1139,1833,2256,1136,1787,98,100,0,600,2282
reset_awldev_spec4mixE,129,86,2258,1138,1821,550,4,162418,12993,2258,1139,1835,2256,1134,1791,98,100,0,600,2285
reset_awldev_spec4mixE,129,87,2258,1137,1818,557,4,162409,12992,2259,1139,1834,2258,1136,1790,99,100,0,600,2279
reset_awldev_spec4mixE,129,88,2260,1137,1824,563,4,162418,12993,2261,1138,1840,2258,1135,1791,98,100,0,600,2285
reset_awldev_spec4mixE,129,89,2263,1139,1828,569,4,162430,12994,2264,1139,1839,2260,1135,1793,98,100,0,600,2291
reset_awldev_spec4mixE,129,90,2265,1136,1830,576,4,162443,12995,2265,1139,1837,2263,1135,1800,98,100,0,600,2296
reset_awldev_spec4mixE,129,91,2210,1138,1778,582,4,162451,12996,2266,1138,1838,2209,1134,1762,98,100,0,600,2240
reset_awldev_spec4mixE,129,92,2151,1140,1733,588,4,162400,12992,2220,1141,1826,2151,1137,1731,98,100,0,600,2177
reset_awldev_spec4mixE,129,93,2160,1141,1734,594,4,162349,12987,2160,1141,1776,2150,1138,1728,97,100,0,600,2222
reset_awldev_spec4mixE,129,94,2138,1140,1727,600,4,162242,12979,2160,1141,1734,2138,1140,1714,99,100,0,600,2157
reset_awldev_spec4mixE,129,95,2084,1141,1703,606,4,162143,12971,2138,1142,1735,2070,1140,1667,97,100,0,601,2134
reset_awldev_spec4mixE,129,96,2108,1141,1700,612,4,162030,12962,2108,1141,1732,2084,1138,1692,98,100,0,601,2143
reset_awldev_spec4mixE,129,97,2113,1140,1704,618,4,161936,12954,2113,1141,1716,2108,1139,1696,98,100,0,601,2143
reset_awldev_spec4mixE,129,98,2104,1141,1675,623,4,161837,12946,2113,1141,1722,2104,1139,1674,100,100,0,601,2104
reset_awldev_spec4mixE,129,99,2109,1141,1702,629,5,161760,12940,2109,1141,1716,2102,1139,1674,98,100,0,601,2140
reset_awldev_spec4mixE,129,100,2111,1139,1703,635,5,161669,12933,2111,1141,1712,2109,1138,1700,98,100,0,601,2140
reset_awldev_spec4mixE,129,101,2111,1141,1701,641,5,161564,12925,2112,1141,1712,2111,1139,1700,98,100,0,600,2140
reset_awldev_spec4mixE,129,102,2112,1141,1701,647,5,161477,12918,2112,1141,1712,2111,1138,1700,98,100,0,600,2140
reset_awldev_spec4mixE,129,103,2112,1139,1713,653,5,161392,12911,2112,1141,1714,2112,1139,1701,98,100,0,600,2140
reset_awldev_spec4mixE,129,104,2114,1139,1716,659,5,161310,12904,2114,1140,1716,2112,1139,1702,98,100,0,600,2140
reset_awldev_spec4mixE,129,105,2119,1140,1712,665,5,161234,12898,2119,1140,1719,2114,1138,1703,98,100,0,600,2149
reset_awldev_spec4mixE,129,106,2122,1139,1714,670,5,161160,12892,2122,1140,1717,2119,1138,1705,98,100,0,600,2151
reset_awldev_spec4mixE,129,107,2123,1139,1715,676,5,161089,12887,2124,1141,1722,2122,1138,1711,98,100,0,600,2154
reset_awldev_spec4mixE,129,108,2124,1139,1714,682,5,161020,12881,2125,1140,1721,2123,1138,1712,98,100,0,600,2151
reset_awldev_spec4mixE,129,109,2124,1139,1712,688,5,160951,12876,2124,1141,1714,2124,1139,1711,98,100,0,600,2154
reset_awldev_spec4mixE,129,110,2124,1139,1712,694,5,160883,12870,2124,1141,1725,2124,1139,1711,98,100,0,600,2151
reset_awldev_spec4mixE,129,111,2123,1140,1711,700,5,160816,12865,2124,1141,1719,2123,1138,1711,98,100,0,600,2151
reset_awldev_spec4mixE,129,112,2123,1140,1711,706,5,160765,12861,2124,1141,1714,2123,1138,1709,98,100,0,600,2151
reset_awldev_spec4mixE,129,113,2123,1140,1711,712,5,160686,12854,2123,1141,1713,2123,1139,1710,98,100,0,600,2151
reset_awldev_spec4mixE,129,114,2123,1140,1710,718,5,160636,12850,2123,1142,1713,2123,1139,1708,98,100,0,600,2151
reset_awldev_spec4mixE,129,115,2107,1142,1662,724,5,160550,12844,2123,1142,1725,2107,1139,1662,100,100,0,600,2107
reset_awldev_spec4mixE,129,116,2109,1141,1702,729,5,160476,12838,2109,1142,1747,2094,1140,1662,97,100,0,600,2157
reset_awldev_spec4mixE,129,117,2114,1141,1715,735,5,160414,12833,2119,1142,1740,2109,1140,1683,99,100,0,600,2134
reset_awldev_spec4mixE,129,118,2120,1140,1697,741,5,160356,12828,2128,1142,1730,2114,1138,1697,99,100,0,600,2137
reset_awldev_spec4mixE,129,119,2112,1141,1699,747,5,160290,12823,2120,1141,1710,2112,1140,1697,98,100,0,600,2137
reset_awldev_spec4mixE,129,120,2110,1141,1700,753,6,160225,12818,2112,1141,1711,2110,1139,1697,98,100,0,600,2143
reset_awldev_spec4mixE,129,121,2116,1140,1712,759,6,160165,12813,2116,1142,1716,2110,1139,1697,98,100,0,599,2151
reset_awldev_spec4mixE,129,122,2121,1139,1713,765,6,160110,12808,2121,1141,1716,2116,1139,1701,98,100,0,599,2154
reset_awldev_spec4mixE,129,123,2120,1140,1704,771,6,160053,12804,2122,1141,1716,2120,1139,1704,98,100,0,599,2146
reset_awldev_spec4mixE,129,124,2117,1139,1707,777,6,159996,12799,2120,1141,1708,2117,1138,1703,98,100,0,599,2143
reset_awldev_spec4mixE,129,125,2117,1141,1703,783,6,159939,12795,2117,1143,1707,2116,1139,1701,98,100,0,600,2146
reset_awldev_spec4mixE,129,126,2104,1141,1663,788,6,159876,12790,2117,1143,1726,2104,1139,1662,100,100,0,600,2104
reset_awldev_spec4mixE,129,127,2082,1142,1565,794,6,159798,12783,2104,1142,1739,2082,1139,1563,99,100,0,600,2092
reset_awldev_spec4mixE,129,128,1872,1141,1544,799,6,159538,12763,2082,1144,1577,1698,1141,1370,98,100,0,600,1904
Processed 129 lines from power meter
There were 0 errors in reading from the meter
