RunId,NumDataLines,SeqNum,Watts,Amps,WattHours,Cost,MoKWh,MoCost,MaxWatts,MaxVolts,MaxAmps,MinWatts,MinVolts,MinAmps,Factor,DutyCycle,PowerCycle
reset_awldev_spec4mixG,508,0,2068,1133,1673,11,0,150202,12016,2070,1135,1718,2058,1132,1657,98,100,0,599,2097
reset_awldev_spec4mixG,508,1,2067,1134,1678,16,0,149887,11991,2068,1135,1694,2067,1133,1665,98,100,0,600,2095
reset_awldev_spec4mixG,508,2,2069,1134,1677,22,0,149795,11983,2070,1135,1698,2067,1133,1668,98,100,0,600,2097
reset_awldev_spec4mixG,508,3,2070,1134,1677,28,0,149720,11977,2070,1135,1696,2068,1132,1667,98,100,0,600,2097
reset_awldev_spec4mixG,508,4,2066,1133,1675,34,0,149629,11970,2070,1134,1687,2066,1132,1665,98,100,0,600,2089
reset_awldev_spec4mixG,508,5,2065,1133,1677,39,0,149561,11964,2067,1134,1687,2065,1133,1666,98,100,0,600,2092
reset_awldev_spec4mixG,508,6,2077,1133,1702,45,0,149644,11971,2077,1134,1716,2065,1132,1669,98,100,0,599,2112
reset_awldev_spec4mixG,508,7,2082,1133,1726,51,0,149738,11979,2082,1134,1726,2077,1132,1660,98,100,0,600,2112
reset_awldev_spec4mixG,508,8,2079,1133,1704,57,0,149786,11982,2085,1134,1743,2079,1132,1671,99,100,0,600,2100
reset_awldev_spec4mixG,508,9,2079,1133,1736,63,0,149845,11987,2083,1135,1778,2076,1132,1600,98,100,0,600,2103
reset_awldev_spec4mixG,508,10,2029,1133,1712,68,0,149669,11973,2141,1135,1746,1962,1132,1560,100,100,0,600,2029
reset_awldev_spec4mixG,508,11,1886,1134,1589,74,0,149054,11924,2088,1136,1753,1769,1133,1414,99,100,0,600,1895
reset_awldev_spec4mixG,508,12,2103,1133,1725,80,0,149107,11928,2103,1136,1777,1886,1132,1383,98,100,0,600,2137
reset_awldev_spec4mixG,508,13,1805,1133,1538,85,0,148926,11914,2115,1136,1778,1734,1131,1398,98,100,0,600,1836
reset_awldev_spec4mixG,508,14,1720,1134,1562,90,0,148260,11860,1924,1136,1656,1720,1132,1398,98,100,0,600,1748
reset_awldev_spec4mixG,508,15,1941,1134,1586,96,0,147758,11820,1941,1136,1692,1720,1132,1399,97,100,0,600,1992
reset_awldev_spec4mixG,508,16,1939,1134,1595,101,0,147428,11794,1946,1135,1631,1939,1132,1566,98,100,0,600,1964
reset_awldev_spec4mixG,508,17,1939,1133,1577,107,0,146968,11757,1943,1135,1621,1939,1133,1564,99,100,0,599,1958
reset_awldev_spec4mixG,508,18,1938,1134,1588,112,0,146626,11730,1942,1135,1671,1938,1133,1564,99,100,0,600,1955
reset_awldev_spec4mixG,508,19,1939,1134,1590,118,0,146383,11710,1941,1135,1624,1938,1132,1565,98,100,0,600,1972
reset_awldev_spec4mixG,508,20,1943,1135,1567,123,0,146054,11684,1946,1135,1643,1939,1133,1564,98,100,0,600,1967
reset_awldev_spec4mixG,508,21,1929,1134,1575,128,1,145832,11666,2079,1135,1775,1928,1132,1563,98,100,0,599,1964
reset_awldev_spec4mixG,508,22,1954,1136,1414,134,1,145547,11643,1966,1137,1678,1805,1133,1395,99,100,0,600,1972
reset_awldev_spec4mixG,508,23,1976,1135,1567,139,1,145425,11634,1980,1136,1683,1851,1133,1414,99,100,0,600,1992
reset_awldev_spec4mixG,508,24,1974,1134,1601,145,1,145304,11624,1976,1136,1700,1881,1133,1399,97,100,0,600,2021
reset_awldev_spec4mixG,508,25,1993,1134,1574,150,1,145005,11600,2005,1136,1686,1771,1132,1398,98,100,0,599,2018
reset_awldev_spec4mixG,508,26,1940,1135,1596,156,1,144894,11591,1993,1136,1711,1938,1133,1551,98,100,0,600,1969
reset_awldev_spec4mixG,508,27,1949,1135,1577,161,1,144753,11580,1949,1135,1657,1940,1133,1559,97,100,0,600,2009
reset_awldev_spec4mixG,508,28,2025,1134,1649,166,1,144679,11574,2025,1136,1664,1947,1133,1561,98,100,0,600,2066
reset_awldev_spec4mixG,508,29,1980,1133,1708,172,1,144635,11570,2035,1136,1741,1959,1133,1557,96,100,0,600,2043
reset_awldev_spec4mixG,508,30,2104,1134,1716,178,1,144880,11590,2104,1136,1756,1980,1132,1582,98,100,0,600,2143
reset_awldev_spec4mixG,508,31,2119,1134,1728,184,1,145138,11611,2119,1137,1771,2104,1132,1640,98,100,0,600,2143
reset_awldev_spec4mixG,508,32,2123,1133,1730,190,1,145426,11634,2123,1135,1773,2118,1132,1626,98,100,0,600,2151
reset_awldev_spec4mixG,508,33,2125,1134,1746,196,1,145655,11652,2125,1135,1767,2121,1132,1661,98,100,0,600,2163
reset_awldev_spec4mixG,508,34,2129,1133,1740,202,1,145842,11667,2129,1134,1774,2125,1131,1681,98,100,0,600,2163
reset_awldev_spec4mixG,508,35,1967,1134,1570,207,1,145807,11664,2130,1136,1759,1856,1132,1402,97,100,0,599,2015
reset_awldev_spec4mixG,508,36,1929,1134,1588,213,1,145687,11655,2120,1136,1750,1929,1133,1556,98,100,0,600,1958
reset_awldev_spec4mixG,508,37,1937,1134,1568,218,1,145545,11643,1937,1135,1647,1929,1133,1555,97,100,0,600,1981
reset_awldev_spec4mixG,508,38,2103,1134,1611,224,1,145511,11640,2103,1135,1765,1936,1132,1558,97,100,0,600,2146
reset_awldev_spec4mixG,508,39,2113,1134,1716,229,1,145678,11654,2113,1135,1765,2040,1133,1568,98,100,0,600,2154
reset_awldev_spec4mixG,508,40,2080,1133,1703,235,1,145791,11663,2118,1136,1755,2042,1131,1563,97,100,0,600,2134
reset_awldev_spec4mixG,508,41,2107,1133,1735,241,1,145978,11678,2107,1135,1775,2075,1132,1567,98,100,0,600,2140
reset_awldev_spec4mixG,508,42,2098,1135,1620,247,1,146064,11685,2109,1135,1759,2096,1132,1574,98,100,0,600,2131
reset_awldev_spec4mixG,508,43,2120,1134,1673,253,2,146150,11692,2120,1135,1754,2040,1132,1570,98,100,0,599,2151
reset_awldev_spec4mixG,508,44,2120,1133,1735,259,2,146306,11704,2122,1135,1777,2118,1133,1673,98,100,0,600,2157
reset_awldev_spec4mixG,508,45,2113,1134,1708,265,2,146437,11715,2121,1135,1757,2113,1132,1691,99,100,0,600,2134
reset_awldev_spec4mixG,508,46,2114,1134,1709,271,2,146597,11727,2115,1135,1755,2112,1133,1694,98,100,0,600,2140
reset_awldev_spec4mixG,508,47,2147,1133,1730,276,2,146683,11734,2150,1135,1778,2063,1132,1657,99,100,0,600,2160
reset_awldev_spec4mixG,508,48,2128,1134,1738,282,2,146816,11745,2147,1135,1764,2128,1133,1611,98,100,0,600,2151
reset_awldev_spec4mixG,508,49,2126,1134,1723,288,2,146950,11756,2131,1135,1764,2126,1133,1701,99,100,0,600,2137
reset_awldev_spec4mixG,508,50,2128,1134,1726,294,2,147078,11766,2128,1135,1772,2123,1132,1678,98,100,0,600,2160
reset_awldev_spec4mixG,508,51,2128,1134,1689,300,2,147203,11776,2132,1135,1786,2128,1132,1684,98,100,0,599,2154
reset_awldev_spec4mixG,508,52,2130,1134,1741,306,2,147329,11786,2131,1135,1790,2127,1133,1680,98,100,0,600,2160
reset_awldev_spec4mixG,508,53,2132,1133,1709,312,2,147450,11796,2134,1135,1788,2130,1132,1676,98,100,0,600,2160
reset_awldev_spec4mixG,508,54,2130,1134,1718,318,2,147590,11807,2133,1134,1784,2129,1132,1670,98,100,0,600,2168
reset_awldev_spec4mixG,508,55,2131,1134,1737,324,2,147675,11814,2131,1134,1784,2128,1132,1683,98,100,0,600,2163
reset_awldev_spec4mixG,508,56,2131,1134,1704,330,2,147782,11822,2133,1134,1778,2130,1132,1688,98,100,0,600,2157
reset_awldev_spec4mixG,508,57,2129,1133,1738,336,2,147882,11830,2131,1135,1776,2127,1132,1681,98,100,0,599,2157
reset_awldev_spec4mixG,508,58,2114,1134,1715,341,2,147936,11834,2131,1135,1777,1920,1132,1558,97,100,0,599,2168
reset_awldev_spec4mixG,508,59,2119,1134,1721,347,2,148021,11841,2120,1135,1774,2114,1132,1591,99,100,0,600,2140
reset_awldev_spec4mixG,508,60,2126,1133,1716,353,2,148117,11849,2129,1135,1767,2119,1132,1594,99,100,0,600,2143
reset_awldev_spec4mixG,508,61,2128,1134,1721,359,2,148208,11856,2131,1136,1768,2126,1132,1593,98,100,0,600,2163
reset_awldev_spec4mixG,508,62,2132,1133,1721,365,2,148300,11864,2133,1134,1765,2128,1131,1710,98,100,0,600,2163
reset_awldev_spec4mixG,508,63,2132,1133,1718,371,2,148388,11871,2133,1134,1772,2132,1133,1696,98,100,0,600,2163
reset_awldev_spec4mixG,508,64,2134,1133,1745,377,3,148500,11880,2135,1134,1768,2132,1132,1714,98,100,0,600,2163
reset_awldev_spec4mixG,508,65,2136,1133,1735,383,3,148564,11885,2136,1134,1769,2134,1131,1713,98,100,0,600,2168
reset_awldev_spec4mixG,508,66,2138,1133,1722,389,3,148650,11892,2138,1134,1773,2136,1132,1712,98,100,0,600,2166
reset_awldev_spec4mixG,508,67,2135,1133,1722,395,3,148729,11898,2138,1134,1779,2134,1132,1711,98,100,0,600,2171
reset_awldev_spec4mixG,508,68,2134,1134,1725,401,3,148806,11904,2136,1134,1771,2133,1131,1712,98,100,0,600,2163
reset_awldev_spec4mixG,508,69,2134,1133,1730,407,3,148903,11912,2135,1134,1767,2133,1132,1708,98,100,0,600,2163
reset_awldev_spec4mixG,508,70,2134,1134,1712,413,3,148953,11916,2135,1134,1771,2132,1132,1710,98,100,0,599,2160
reset_awldev_spec4mixG,508,71,2133,1133,1740,419,3,149044,11923,2137,1135,1779,2131,1131,1582,98,100,0,599,2160
reset_awldev_spec4mixG,508,72,2134,1132,1765,425,3,149093,11927,2136,1134,1775,2132,1132,1711,98,100,0,599,2163
reset_awldev_spec4mixG,508,73,2133,1133,1753,431,3,149160,11932,2136,1134,1780,2133,1131,1711,98,100,0,600,2160
reset_awldev_spec4mixG,508,74,2132,1133,1716,437,3,149242,11939,2134,1134,1777,2132,1131,1711,98,100,0,600,2154
reset_awldev_spec4mixG,508,75,2131,1133,1723,443,3,149283,11942,2133,1134,1764,2130,1131,1710,98,100,0,600,2160
reset_awldev_spec4mixG,508,76,2132,1132,1730,449,3,149345,11947,2134,1134,1772,2131,1132,1711,98,100,0,600,2154
reset_awldev_spec4mixG,508,77,2128,1132,1730,454,3,149399,11951,2132,1133,1763,2128,1131,1703,98,100,0,600,2151
reset_awldev_spec4mixG,508,78,2127,1132,1733,460,3,149452,11956,2129,1134,1763,2126,1131,1708,98,100,0,601,2154
reset_awldev_spec4mixG,508,79,2124,1132,1718,466,3,149499,11959,2127,1133,1770,2122,1131,1706,98,100,0,601,2157
reset_awldev_spec4mixG,508,80,2126,1132,1739,472,3,149550,11964,2129,1133,1795,2124,1131,1635,98,100,0,601,2149
reset_awldev_spec4mixG,508,81,2120,1132,1739,478,3,149592,11967,2127,1134,1765,2117,1130,1594,98,100,0,601,2157
reset_awldev_spec4mixG,508,82,2123,1132,1717,484,3,149638,11971,2125,1134,1793,2120,1131,1594,98,100,0,601,2149
reset_awldev_spec4mixG,508,83,2125,1132,1720,490,3,149683,11974,2126,1134,1788,2118,1131,1594,98,100,0,601,2163
reset_awldev_spec4mixG,508,84,2120,1133,1715,496,3,149721,11977,2126,1134,1770,2117,1131,1597,98,100,0,601,2146
reset_awldev_spec4mixG,508,85,2117,1131,1740,502,4,149758,11980,2122,1134,1762,2116,1131,1604,98,100,0,601,2140
reset_awldev_spec4mixG,508,86,2122,1132,1722,508,4,149801,11984,2126,1134,1782,2117,1131,1611,99,100,0,601,2134
reset_awldev_spec4mixG,508,87,2126,1132,1762,514,4,149843,11987,2126,1134,1788,2121,1130,1594,98,100,0,601,2157
reset_awldev_spec4mixG,508,88,2127,1132,1729,519,4,149885,11990,2127,1134,1790,2123,1131,1633,98,100,0,601,2168
reset_awldev_spec4mixG,508,89,2124,1132,1731,525,4,149924,11993,2131,1133,1781,2123,1130,1699,98,100,0,601,2151
reset_awldev_spec4mixG,508,90,2129,1132,1735,531,4,149968,11997,2129,1133,1780,2124,1130,1707,98,100,0,601,2157
reset_awldev_spec4mixG,508,91,2130,1132,1722,537,4,150010,12000,2131,1133,1771,2128,1131,1707,98,100,0,601,2160
reset_awldev_spec4mixG,508,92,2133,1132,1734,543,4,150054,12004,2133,1133,1780,2129,1131,1703,98,100,0,601,2160
reset_awldev_spec4mixG,508,93,2134,1132,1741,549,4,150096,12007,2134,1133,1777,2131,1130,1709,98,100,0,601,2168
reset_awldev_spec4mixG,508,94,2124,1133,1743,555,4,150100,12008,2137,1135,1780,1948,1131,1554,98,100,0,601,2149
reset_awldev_spec4mixG,508,95,2130,1132,1718,561,4,150139,12011,2130,1134,1784,2124,1131,1606,98,100,0,601,2166
reset_awldev_spec4mixG,508,96,2134,1132,1735,567,4,150181,12014,2135,1134,1769,2130,1130,1612,98,100,0,601,2166
reset_awldev_spec4mixG,508,97,2136,1132,1728,573,4,150223,12017,2137,1133,1798,2134,1131,1710,98,100,0,601,2160
reset_awldev_spec4mixG,508,98,2132,1131,1736,579,4,150262,12020,2139,1133,1789,2132,1131,1679,99,100,0,601,2134
reset_awldev_spec4mixG,508,99,2003,1133,1565,585,4,150286,12022,2135,1134,1798,2003,1130,1557,97,100,0,601,2052
reset_awldev_spec4mixG,508,100,2139,1132,1723,590,4,150273,12021,2143,1134,1768,1947,1131,1561,99,100,0,601,2154
reset_awldev_spec4mixG,508,101,2129,1133,1701,596,4,150304,12024,2139,1133,1793,2127,1131,1610,98,100,0,601,2168
reset_awldev_spec4mixG,508,102,2132,1132,1772,602,4,150342,12027,2133,1133,1784,2129,1130,1683,98,100,0,601,2154
reset_awldev_spec4mixG,508,103,2129,1132,1733,608,4,150373,12029,2134,1134,1785,2129,1130,1607,98,100,0,601,2160
reset_awldev_spec4mixG,508,104,2130,1133,1734,614,4,150406,12032,2131,1133,1774,2129,1130,1708,98,100,0,600,2157
reset_awldev_spec4mixG,508,105,2128,1132,1721,620,4,150437,12034,2130,1133,1776,2128,1131,1708,98,100,0,600,2154
reset_awldev_spec4mixG,508,106,2129,1133,1724,626,5,150467,12037,2129,1133,1770,2128,1130,1708,98,100,0,600,2163
reset_awldev_spec4mixG,508,107,2130,1132,1720,632,5,150512,12041,2130,1133,1778,2127,1131,1701,98,100,0,600,2160
reset_awldev_spec4mixG,508,108,2128,1132,1729,638,5,150541,12043,2130,1133,1774,2128,1132,1708,98,100,0,600,2160
reset_awldev_spec4mixG,508,109,2130,1132,1710,644,5,150557,12044,2130,1134,1766,2128,1130,1709,98,100,0,600,2160
reset_awldev_spec4mixG,508,110,2131,1132,1747,650,5,150601,12048,2132,1133,1769,2130,1131,1709,98,100,0,600,2154
reset_awldev_spec4mixG,508,111,2126,1132,1762,656,5,150613,12049,2131,1133,1782,2124,1131,1704,98,100,0,600,2166
reset_awldev_spec4mixG,508,112,2128,1133,1736,662,5,150642,12051,2131,1133,1783,2126,1131,1704,98,100,0,600,2157
reset_awldev_spec4mixG,508,113,2126,1131,1740,667,5,150667,12053,2130,1133,1775,2126,1129,1703,98,100,0,600,2151
reset_awldev_spec4mixG,508,114,2125,1131,1743,673,5,150704,12056,2126,1132,1772,2123,1131,1705,98,100,0,600,2163
reset_awldev_spec4mixG,508,115,2128,1132,1716,679,5,150718,12057,2131,1133,1775,2125,1130,1703,99,100,0,600,2137
reset_awldev_spec4mixG,508,116,2122,1132,1717,685,5,150752,12060,2128,1133,1762,2122,1131,1676,98,100,0,600,2149
reset_awldev_spec4mixG,508,117,2126,1132,1712,691,5,150764,12061,2127,1134,1766,2121,1131,1599,98,100,0,600,2149
reset_awldev_spec4mixG,508,118,2126,1132,1737,697,5,150788,12063,2127,1133,1782,2126,1131,1704,98,100,0,600,2154
reset_awldev_spec4mixG,508,119,2133,1132,1764,703,5,150816,12065,2134,1133,1780,2126,1131,1709,98,100,0,601,2160
reset_awldev_spec4mixG,508,120,2135,1131,1743,709,5,150844,12067,2135,1133,1779,2131,1131,1712,98,100,0,601,2160
reset_awldev_spec4mixG,508,121,2135,1131,1741,715,5,150870,12069,2136,1133,1778,2131,1130,1681,98,100,0,601,2171
reset_awldev_spec4mixG,508,122,2132,1132,1739,721,5,150896,12071,2138,1133,1778,2132,1131,1711,98,100,0,601,2157
reset_awldev_spec4mixG,508,123,2131,1132,1719,727,5,150920,12073,2133,1133,1771,2130,1131,1712,98,100,0,601,2157
reset_awldev_spec4mixG,508,124,2132,1133,1739,733,5,150957,12076,2133,1133,1779,2130,1130,1714,98,100,0,601,2157
reset_awldev_spec4mixG,508,125,2131,1132,1722,739,5,150968,12077,2134,1133,1777,2131,1131,1712,98,100,0,601,2160
reset_awldev_spec4mixG,508,126,2130,1132,1754,745,5,150990,12079,2132,1133,1776,2128,1131,1710,99,100,0,601,2151
reset_awldev_spec4mixG,508,127,2133,1132,1723,751,6,151025,12082,2134,1133,1774,2130,1130,1712,98,100,0,601,2157
reset_awldev_spec4mixG,508,128,2131,1132,1726,757,6,151036,12082,2133,1133,1793,2131,1131,1692,98,100,0,601,2157
reset_awldev_spec4mixG,508,129,2136,1132,1716,762,6,151060,12084,2136,1133,1765,2131,1130,1652,98,100,0,601,2166
reset_awldev_spec4mixG,508,130,2136,1133,1753,768,6,151085,12086,2136,1133,1777,2133,1130,1694,98,100,0,601,2168
reset_awldev_spec4mixG,508,131,2134,1132,1718,774,6,151119,12089,2140,1134,1794,2134,1131,1633,99,100,0,601,2154
reset_awldev_spec4mixG,508,132,2132,1132,1774,780,6,151130,12090,2135,1134,1775,2131,1132,1690,99,100,0,601,2143
reset_awldev_spec4mixG,508,133,2136,1133,1719,786,6,151164,12093,2136,1134,1791,2131,1130,1686,98,100,0,601,2171
reset_awldev_spec4mixG,508,134,2136,1133,1734,792,6,151176,12094,2137,1133,1788,2134,1131,1713,98,100,0,601,2160
reset_awldev_spec4mixG,508,135,2135,1133,1718,798,6,151208,12096,2137,1134,1791,2133,1131,1687,98,100,0,601,2166
reset_awldev_spec4mixG,508,136,2128,1132,1743,804,6,151215,12097,2135,1134,1786,2128,1131,1599,99,100,0,601,2149
reset_awldev_spec4mixG,508,137,2128,1132,1725,810,6,151232,12098,2129,1134,1782,2125,1130,1599,98,100,0,601,2160
reset_awldev_spec4mixG,508,138,2126,1133,1738,816,6,151249,12099,2131,1134,1781,2123,1131,1604,98,100,0,601,2166
reset_awldev_spec4mixG,508,139,2127,1132,1753,822,6,151265,12101,2128,1134,1791,2124,1132,1613,98,100,0,601,2163
reset_awldev_spec4mixG,508,140,2070,1133,1670,828,6,151268,12101,2130,1134,1775,2070,1131,1640,99,100,0,601,2086
reset_awldev_spec4mixG,508,141,2061,1133,1667,833,6,151261,12100,2070,1134,1728,2061,1132,1617,99,100,0,601,2080
reset_awldev_spec4mixG,508,142,2060,1133,1646,839,6,151232,12098,2062,1134,1720,2059,1132,1624,98,100,0,601,2089
reset_awldev_spec4mixG,508,143,2057,1133,1695,845,6,151213,12097,2060,1134,1703,2056,1131,1618,98,100,0,601,2089
reset_awldev_spec4mixG,508,144,2063,1133,1693,851,6,151199,12095,2063,1134,1732,2056,1131,1645,98,100,0,601,2097
reset_awldev_spec4mixG,508,145,2060,1133,1679,856,6,151182,12094,2065,1134,1713,2060,1132,1656,98,100,0,601,2083
reset_awldev_spec4mixG,508,146,2059,1133,1668,862,6,151175,12094,2060,1134,1715,2058,1131,1654,98,100,0,601,2092
reset_awldev_spec4mixG,508,147,2056,1133,1667,868,6,151147,12091,2059,1134,1707,2056,1132,1653,98,100,0,600,2086
reset_awldev_spec4mixG,508,148,2056,1133,1676,874,6,151129,12090,2057,1134,1704,2055,1132,1655,98,100,0,600,2086
reset_awldev_spec4mixG,508,149,1870,1133,1675,879,7,151103,12088,2057,1136,1719,1870,1131,1399,98,100,0,600,1904
reset_awldev_spec4mixG,508,150,2059,1132,1665,885,7,151087,12087,2060,1134,1720,1870,1132,1651,98,100,0,599,2080
reset_awldev_spec4mixG,508,151,2060,1133,1709,891,7,151072,12085,2060,1134,1728,2055,1131,1653,97,100,0,600,2112
reset_awldev_spec4mixG,508,152,2057,1133,1668,897,7,151055,12084,2065,1134,1712,2056,1131,1599,98,100,0,600,2086
reset_awldev_spec4mixG,508,153,2059,1133,1665,902,7,151039,12083,2059,1134,1721,2054,1132,1641,98,100,0,599,2092
reset_awldev_spec4mixG,508,154,2061,1132,1672,908,7,151026,12082,2063,1134,1717,2059,1132,1658,98,100,0,600,2083
reset_awldev_spec4mixG,508,155,2061,1133,1669,914,7,151012,12081,2061,1134,1714,2060,1131,1656,98,100,0,600,2086
reset_awldev_spec4mixG,508,156,2058,1133,1687,920,7,150998,12079,2061,1134,1709,2058,1132,1627,98,100,0,599,2083
reset_awldev_spec4mixG,508,157,2048,1132,1676,925,7,150987,12078,2063,1135,1719,1985,1132,1497,98,100,0,600,2086
reset_awldev_spec4mixG,508,158,2058,1133,1669,931,7,150964,12077,2058,1134,1713,2048,1131,1657,98,100,0,600,2092
reset_awldev_spec4mixG,508,159,2058,1132,1667,937,7,150950,12076,2058,1133,1706,2057,1132,1657,98,100,0,600,2089
reset_awldev_spec4mixG,508,160,2058,1133,1675,942,7,150936,12074,2058,1134,1704,2057,1131,1653,98,100,0,599,2089
reset_awldev_spec4mixG,508,161,2052,1133,1687,948,7,150919,12073,2059,1134,1709,2052,1131,1614,98,100,0,600,2077
reset_awldev_spec4mixG,508,162,2058,1132,1678,954,7,150907,12072,2058,1133,1716,2052,1131,1657,98,100,0,599,2083
reset_awldev_spec4mixG,508,163,2060,1132,1666,960,7,150894,12071,2061,1133,1704,2057,1131,1656,99,100,0,600,2080
reset_awldev_spec4mixG,508,164,2060,1132,1664,965,7,150881,12070,2060,1133,1709,2058,1131,1658,98,100,0,600,2089
reset_awldev_spec4mixG,508,165,2067,1132,1681,971,7,150872,12069,2067,1133,1725,2060,1131,1659,98,100,0,600,2103
reset_awldev_spec4mixG,508,166,2071,1132,1681,977,7,150865,12069,2071,1133,1726,2067,1131,1675,98,100,0,600,2103
reset_awldev_spec4mixG,508,167,2074,1132,1680,983,7,150859,12068,2074,1133,1730,2071,1131,1676,98,100,0,600,2106
reset_awldev_spec4mixG,508,168,2060,1132,1661,988,7,150845,12067,2074,1133,1724,2060,1130,1645,99,100,0,600,2075
reset_awldev_spec4mixG,508,169,2050,1133,1658,994,7,150828,12066,2060,1133,1708,2050,1132,1649,98,100,0,600,2072
reset_awldev_spec4mixG,508,170,2052,1133,1674,1000,8,150813,12065,2052,1133,1713,2050,1131,1650,98,100,0,600,2083
reset_awldev_spec4mixG,508,171,2043,1133,1657,1005,8,150795,12063,2055,1134,1715,2043,1130,1583,100,100,0,600,2043
reset_awldev_spec4mixG,508,172,2048,1132,1665,1011,8,150788,12063,2048,1133,1710,2043,1131,1652,98,100,0,600,2080
reset_awldev_spec4mixG,508,173,2052,1132,1659,1017,8,150765,12061,2052,1133,1721,2048,1131,1641,98,100,0,600,2080
reset_awldev_spec4mixG,508,174,2053,1132,1658,1023,8,150751,12060,2054,1133,1717,2051,1131,1653,98,100,0,600,2077
reset_awldev_spec4mixG,508,175,2051,1132,1674,1028,8,150736,12058,2053,1133,1709,2050,1131,1646,98,100,0,600,2083
reset_awldev_spec4mixG,508,176,2052,1132,1665,1034,8,150722,12057,2053,1133,1696,2051,1131,1637,98,100,0,600,2080
reset_awldev_spec4mixG,508,177,2053,1133,1658,1040,8,150717,12057,2054,1133,1741,2052,1130,1624,98,100,0,600,2075
reset_awldev_spec4mixG,508,178,2056,1132,1673,1045,8,150697,12055,2056,1133,1723,2052,1131,1629,98,100,0,600,2092
reset_awldev_spec4mixG,508,179,2052,1133,1686,1051,8,150683,12054,2056,1133,1715,2052,1131,1621,98,100,0,600,2075
reset_awldev_spec4mixG,508,180,2052,1132,1678,1057,8,150669,12053,2054,1133,1716,2052,1130,1650,98,100,0,600,2077
reset_awldev_spec4mixG,508,181,2056,1132,1663,1063,8,150665,12053,2056,1133,1718,2050,1131,1650,98,100,0,599,2097
reset_awldev_spec4mixG,508,182,2055,1133,1671,1068,8,150645,12051,2056,1133,1722,2053,1131,1650,98,100,0,600,2080
reset_awldev_spec4mixG,508,183,2053,1132,1676,1074,8,150632,12050,2056,1133,1708,2052,1130,1653,98,100,0,600,2080
reset_awldev_spec4mixG,508,184,2059,1133,1664,1080,8,150622,12049,2059,1133,1715,2053,1132,1653,98,100,0,600,2089
reset_awldev_spec4mixG,508,185,2058,1132,1669,1086,8,150611,12048,2060,1133,1715,2056,1131,1640,98,100,0,599,2089
reset_awldev_spec4mixG,508,186,2060,1133,1665,1091,8,150602,12048,2061,1133,1708,2058,1130,1659,98,100,0,600,2089
reset_awldev_spec4mixG,508,187,2061,1132,1666,1097,8,150593,12047,2062,1133,1717,2060,1131,1659,98,100,0,600,2089
reset_awldev_spec4mixG,508,188,2061,1132,1672,1103,8,150584,12046,2061,1133,1707,2060,1131,1661,98,100,0,600,2089
reset_awldev_spec4mixG,508,189,2061,1133,1682,1109,8,150575,12046,2062,1134,1706,2060,1131,1657,98,100,0,600,2092
reset_awldev_spec4mixG,508,190,2063,1133,1661,1114,8,150567,12045,2063,1134,1709,2061,1132,1645,98,100,0,600,2097
reset_awldev_spec4mixG,508,191,2059,1134,1666,1120,8,150557,12044,2063,1134,1702,2058,1132,1656,98,100,0,600,2092
reset_awldev_spec4mixG,508,192,2059,1135,1687,1126,9,150548,12043,2060,1135,1707,2059,1131,1657,98,100,0,601,2083
reset_awldev_spec4mixG,508,193,2062,1133,1667,1132,9,150541,12043,2064,1137,1712,2059,1132,1659,98,100,0,600,2092
reset_awldev_spec4mixG,508,194,2066,1134,1688,1137,9,150533,12042,2066,1134,1716,2057,1132,1634,97,100,0,600,2112
reset_awldev_spec4mixG,508,195,2064,1132,1669,1143,9,150533,12042,2067,1134,1708,2063,1131,1658,98,100,0,600,2097
reset_awldev_spec4mixG,508,196,2058,1132,1663,1149,9,150523,12041,2064,1134,1706,2058,1132,1647,98,100,0,601,2086
reset_awldev_spec4mixG,508,197,2057,1132,1661,1155,9,150506,12040,2059,1134,1704,2057,1132,1656,98,100,0,601,2080
reset_awldev_spec4mixG,508,198,2047,1133,1669,1160,9,150499,12039,2057,1134,1712,1982,1132,1587,98,100,0,601,2077
reset_awldev_spec4mixG,508,199,2051,1132,1678,1166,9,150481,12038,2051,1134,1699,2047,1131,1649,98,100,0,601,2080
reset_awldev_spec4mixG,508,200,2052,1133,1658,1172,9,150477,12038,2052,1134,1708,2050,1131,1654,98,100,0,601,2083
reset_awldev_spec4mixG,508,201,2052,1133,1686,1178,9,150458,12036,2052,1134,1699,2051,1132,1655,98,100,0,601,2077
reset_awldev_spec4mixG,508,202,2053,1133,1675,1183,9,150456,12036,2056,1133,1709,2052,1130,1656,98,100,0,601,2077
reset_awldev_spec4mixG,508,203,2055,1133,1661,1189,9,150439,12035,2057,1134,1711,2053,1132,1656,99,100,0,601,2072
reset_awldev_spec4mixG,508,204,2053,1132,1663,1195,9,150436,12034,2055,1134,1705,2053,1132,1654,98,100,0,601,2075
reset_awldev_spec4mixG,508,205,2053,1133,1678,1200,9,150418,12033,2054,1134,1700,2052,1131,1654,98,100,0,601,2083
reset_awldev_spec4mixG,508,206,2052,1134,1659,1206,9,150407,12032,2053,1134,1704,2051,1132,1654,98,100,0,601,2077
reset_awldev_spec4mixG,508,207,2052,1133,1658,1212,9,150396,12031,2052,1134,1704,2051,1132,1654,98,100,0,601,2083
reset_awldev_spec4mixG,508,208,2052,1133,1658,1217,9,150386,12030,2053,1134,1700,2052,1131,1646,98,100,0,601,2080
reset_awldev_spec4mixG,508,209,2048,1134,1627,1223,9,150374,12029,2053,1134,1699,2048,1132,1612,99,100,0,601,2066
reset_awldev_spec4mixG,508,210,2055,1133,1672,1229,9,150373,12029,2055,1134,1713,2046,1132,1627,98,100,0,601,2086
reset_awldev_spec4mixG,508,211,2057,1132,1684,1235,9,150365,12029,2057,1134,1705,2055,1131,1656,98,100,0,600,2092
reset_awldev_spec4mixG,508,212,2056,1133,1674,1240,9,150350,12028,2057,1134,1707,2056,1132,1656,98,100,0,600,2083
reset_awldev_spec4mixG,508,213,2056,1133,1627,1246,9,150340,12027,2058,1135,1705,2056,1132,1611,99,100,0,600,2075
reset_awldev_spec4mixG,508,214,2053,1133,1685,1252,10,150331,12026,2056,1135,1704,2049,1132,1627,98,100,0,600,2080
reset_awldev_spec4mixG,508,215,2054,1134,1667,1257,10,150322,12025,2055,1134,1695,2053,1133,1654,98,100,0,600,2080
reset_awldev_spec4mixG,508,216,2055,1133,1668,1263,10,150314,12025,2056,1134,1709,2054,1132,1654,98,100,0,600,2086
reset_awldev_spec4mixG,508,217,2060,1134,1678,1269,10,150307,12024,2060,1135,1721,2055,1132,1655,98,100,0,601,2089
reset_awldev_spec4mixG,508,218,2070,1133,1679,1275,10,150312,12024,2070,1134,1731,2060,1132,1672,98,100,0,601,2103
reset_awldev_spec4mixG,508,219,2072,1132,1678,1281,10,150302,12024,2072,1134,1723,2069,1132,1673,98,100,0,601,2103
reset_awldev_spec4mixG,508,220,2060,1133,1664,1286,10,150295,12023,2072,1134,1723,2060,1131,1587,99,100,0,601,2072
reset_awldev_spec4mixG,508,221,2051,1134,1660,1292,10,150284,12022,2060,1134,1707,2051,1132,1645,98,100,0,601,2075
reset_awldev_spec4mixG,508,222,2049,1133,1669,1298,10,150274,12021,2051,1134,1715,2049,1132,1645,98,100,0,601,2080
reset_awldev_spec4mixG,508,223,2049,1133,1662,1303,10,150264,12021,2049,1134,1712,2048,1131,1646,98,100,0,601,2077
reset_awldev_spec4mixG,508,224,2048,1133,1659,1309,10,150253,12020,2050,1134,1713,2048,1132,1649,98,100,0,601,2072
reset_awldev_spec4mixG,508,225,2050,1134,1656,1315,10,150244,12019,2050,1134,1720,2048,1132,1645,98,100,0,601,2080
reset_awldev_spec4mixG,508,226,2048,1132,1672,1321,10,150234,12018,2050,1134,1702,2048,1131,1647,98,100,0,601,2075
reset_awldev_spec4mixG,508,227,2049,1133,1663,1326,10,150230,12018,2049,1134,1717,2048,1132,1647,98,100,0,601,2083
reset_awldev_spec4mixG,508,228,2047,1132,1687,1332,10,150220,12017,2050,1134,1702,2047,1132,1647,98,100,0,601,2077
reset_awldev_spec4mixG,508,229,2049,1132,1648,1338,10,150204,12016,2050,1134,1716,2047,1131,1647,98,100,0,600,2075
reset_awldev_spec4mixG,508,230,2048,1133,1662,1343,10,150195,12015,2050,1134,1705,2048,1131,1648,98,100,0,600,2069
reset_awldev_spec4mixG,508,231,2050,1132,1670,1349,10,150186,12014,2050,1134,1726,2048,1132,1649,98,100,0,600,2077
reset_awldev_spec4mixG,508,232,2050,1132,1660,1355,10,150177,12014,2051,1134,1709,2049,1131,1648,98,100,0,601,2083
reset_awldev_spec4mixG,508,233,2052,1133,1673,1361,10,150169,12013,2053,1133,1713,2049,1130,1644,99,100,0,601,2072
reset_awldev_spec4mixG,508,234,2049,1133,1677,1366,10,150160,12012,2052,1133,1709,2049,1131,1642,98,100,0,601,2072
reset_awldev_spec4mixG,508,235,2049,1132,1667,1372,10,150151,12012,2050,1133,1710,2049,1131,1652,98,100,0,599,2075
reset_awldev_spec4mixG,508,236,2052,1132,1687,1378,11,150141,12011,2052,1133,1717,2038,1130,1581,98,100,0,600,2086
reset_awldev_spec4mixG,508,237,2059,1131,1683,1383,11,150142,12011,2059,1133,1717,2052,1131,1659,98,100,0,600,2083
reset_awldev_spec4mixG,508,238,2064,1132,1681,1389,11,150133,12010,2067,1133,1732,2059,1131,1659,99,100,0,600,2083
reset_awldev_spec4mixG,508,239,2066,1132,1680,1395,11,150129,12010,2068,1133,1728,2064,1131,1652,98,100,0,600,2095
reset_awldev_spec4mixG,508,240,2062,1133,1666,1401,11,150130,12010,2066,1134,1705,2062,1132,1660,98,100,0,600,2086
reset_awldev_spec4mixG,508,241,2060,1131,1671,1406,11,150117,12009,2062,1134,1724,2056,1131,1577,98,100,0,600,2092
reset_awldev_spec4mixG,508,242,2061,1133,1668,1412,11,150112,12009,2062,1134,1718,2059,1131,1657,98,100,0,600,2086
reset_awldev_spec4mixG,508,243,2060,1132,1678,1418,11,150104,12008,2061,1134,1709,1991,1130,1576,98,100,0,600,2097
reset_awldev_spec4mixG,508,244,2061,1132,1676,1423,11,150099,12007,2061,1133,1710,2059,1132,1659,98,100,0,600,2089
reset_awldev_spec4mixG,508,245,2063,1133,1676,1429,11,150094,12007,2063,1134,1715,2059,1131,1624,98,100,0,599,2100
reset_awldev_spec4mixG,508,246,2064,1132,1694,1435,11,150090,12007,2064,1133,1708,2062,1131,1660,98,100,0,600,2097
reset_awldev_spec4mixG,508,247,2060,1133,1670,1441,11,150085,12006,2064,1133,1708,2060,1131,1659,98,100,0,600,2086
reset_awldev_spec4mixG,508,248,2060,1132,1674,1446,11,150086,12006,2063,1133,1714,2060,1130,1660,98,100,0,600,2083
reset_awldev_spec4mixG,508,249,2057,1132,1683,1452,11,150080,12006,2062,1133,1716,2057,1131,1639,99,100,0,600,2077
reset_awldev_spec4mixG,508,250,2052,1132,1650,1458,11,150066,12005,2058,1133,1715,2052,1131,1622,99,100,0,600,2072
reset_awldev_spec4mixG,508,251,2053,1132,1676,1464,11,150060,12004,2054,1133,1704,2052,1130,1640,98,100,0,601,2075
reset_awldev_spec4mixG,508,252,2053,1133,1670,1469,11,150052,12004,2054,1133,1710,2052,1131,1646,98,100,0,601,2083
reset_awldev_spec4mixG,508,253,2052,1132,1661,1475,11,150045,12003,2053,1133,1705,2051,1131,1652,98,100,0,601,2083
reset_awldev_spec4mixG,508,254,2052,1132,1659,1481,11,150038,12003,2053,1133,1718,2051,1130,1651,98,100,0,601,2080
reset_awldev_spec4mixG,508,255,2051,1132,1676,1487,11,150030,12002,2052,1133,1700,2050,1131,1651,98,100,0,601,2083
reset_awldev_spec4mixG,508,256,2051,1132,1673,1492,11,150023,12001,2052,1133,1706,2050,1131,1654,98,100,0,601,2077
reset_awldev_spec4mixG,508,257,2050,1132,1665,1498,11,150016,12001,2052,1133,1706,2049,1130,1653,98,100,0,601,2077
reset_awldev_spec4mixG,508,258,2051,1132,1678,1504,12,150009,12000,2051,1133,1707,2050,1131,1642,98,100,0,601,2077
reset_awldev_spec4mixG,508,259,2053,1133,1661,1509,12,150002,12000,2053,1133,1714,2051,1131,1646,98,100,0,601,2075
reset_awldev_spec4mixG,508,260,2047,1132,1707,1515,12,149994,11999,2053,1134,1707,1975,1131,1586,98,100,0,601,2077
reset_awldev_spec4mixG,508,261,2055,1133,1664,1521,12,149988,11999,2056,1134,1711,2047,1131,1655,98,100,0,601,2080
reset_awldev_spec4mixG,508,262,2055,1133,1665,1527,12,149983,11998,2057,1133,1719,2054,1131,1626,99,100,0,601,2075
reset_awldev_spec4mixG,508,263,2053,1133,1657,1532,12,149982,11998,2055,1134,1716,2052,1132,1651,98,100,0,600,2080
reset_awldev_spec4mixG,508,264,2053,1133,1659,1538,12,149969,11997,2053,1133,1708,2050,1131,1650,98,100,0,600,2086
reset_awldev_spec4mixG,508,265,2051,1132,1675,1544,12,149962,11996,2053,1133,1706,2048,1131,1642,98,100,0,600,2086
reset_awldev_spec4mixG,508,266,2057,1133,1662,1550,12,149957,11996,2057,1133,1706,2051,1131,1655,98,100,0,600,2092
reset_awldev_spec4mixG,508,267,2058,1133,1678,1555,12,149952,11996,2058,1133,1717,2056,1130,1655,98,100,0,600,2097
reset_awldev_spec4mixG,508,268,2059,1132,1685,1561,12,149948,11995,2059,1133,1709,2057,1131,1656,98,100,0,600,2089
reset_awldev_spec4mixG,508,269,2066,1131,1678,1567,12,149945,11995,2066,1133,1724,2059,1130,1628,98,100,0,601,2100
reset_awldev_spec4mixG,508,270,2070,1133,1677,1573,12,149944,11995,2070,1133,1735,2066,1130,1674,98,100,0,601,2100
reset_awldev_spec4mixG,508,271,2075,1132,1680,1578,12,149951,11996,2079,1133,1751,2070,1131,1675,98,100,0,601,2100
reset_awldev_spec4mixG,508,272,1719,1134,1394,1583,12,149869,11989,2075,1135,1724,1719,1131,1391,99,100,0,601,1733
reset_awldev_spec4mixG,508,273,1715,1134,1393,1588,12,149774,11981,1719,1135,1415,1715,1132,1391,98,100,0,601,1733
reset_awldev_spec4mixG,508,274,1712,1134,1393,1593,12,149680,11974,1715,1135,1404,1712,1133,1390,98,100,0,601,1731
reset_awldev_spec4mixG,508,275,1714,1134,1392,1598,12,149587,11966,1717,1135,1544,1711,1132,1390,99,100,0,601,1731
reset_awldev_spec4mixG,508,276,1714,1134,1393,1602,12,149494,11959,1714,1135,1454,1712,1132,1390,99,100,0,601,1728
reset_awldev_spec4mixG,508,277,1711,1134,1398,1607,12,149409,11952,1817,1135,1569,1711,1132,1390,98,100,0,601,1731
reset_awldev_spec4mixG,508,278,1711,1133,1391,1612,12,149317,11945,1713,1135,1432,1711,1132,1387,98,100,0,601,1731
reset_awldev_spec4mixG,508,279,1709,1133,1391,1617,12,149230,11938,1711,1134,1401,1709,1132,1388,98,100,0,601,1728
reset_awldev_spec4mixG,508,280,1707,1134,1388,1621,12,149133,11930,1709,1135,1398,1707,1132,1386,98,100,0,601,1725
reset_awldev_spec4mixG,508,281,1708,1134,1390,1626,13,149047,11923,1708,1135,1399,1707,1133,1386,98,100,0,601,1731
reset_awldev_spec4mixG,508,282,1707,1134,1390,1631,13,148952,11916,1708,1135,1406,1707,1132,1386,98,100,0,601,1728
reset_awldev_spec4mixG,508,283,1707,1134,1388,1636,13,148862,11908,1707,1135,1405,1706,1133,1386,98,100,0,601,1733
reset_awldev_spec4mixG,508,284,1706,1133,1390,1641,13,148773,11901,1707,1134,1396,1706,1133,1385,98,100,0,601,1725
reset_awldev_spec4mixG,508,285,1706,1134,1391,1645,13,148684,11894,1707,1135,1406,1706,1132,1384,98,100,0,601,1725
reset_awldev_spec4mixG,508,286,1706,1134,1387,1650,13,148596,11887,1706,1135,1399,1705,1133,1384,98,100,0,601,1725
reset_awldev_spec4mixG,508,287,1706,1133,1389,1655,13,148508,11880,1706,1134,1397,1705,1133,1385,98,100,0,600,1728
reset_awldev_spec4mixG,508,288,1706,1133,1392,1660,13,148421,11873,1706,1134,1395,1705,1132,1386,98,100,0,600,1725
reset_awldev_spec4mixG,508,289,1706,1134,1387,1664,13,148335,11866,1706,1135,1395,1706,1132,1384,98,100,0,600,1725
reset_awldev_spec4mixG,508,290,1706,1134,1398,1669,13,148249,11859,1707,1135,1408,1705,1133,1384,98,100,0,600,1728
reset_awldev_spec4mixG,508,291,1707,1134,1397,1674,13,148164,11853,1707,1134,1402,1706,1133,1385,98,100,0,600,1728
reset_awldev_spec4mixG,508,292,1706,1133,1392,1679,13,148080,11846,1707,1135,1397,1706,1132,1383,98,100,0,600,1725
reset_awldev_spec4mixG,508,293,1707,1134,1388,1683,13,147996,11839,1707,1135,1400,1706,1133,1382,98,100,0,600,1728
reset_awldev_spec4mixG,508,294,1707,1134,1389,1688,13,147913,11833,1707,1135,1404,1706,1133,1385,98,100,0,600,1728
reset_awldev_spec4mixG,508,295,1706,1134,1392,1693,13,147830,11826,1707,1135,1400,1706,1132,1384,98,100,0,600,1725
reset_awldev_spec4mixG,508,296,1705,1134,1386,1698,13,147748,11819,1706,1136,1396,1705,1134,1384,98,100,0,600,1725
reset_awldev_spec4mixG,508,297,1707,1135,1386,1703,13,147666,11813,1707,1136,1410,1705,1133,1384,98,100,0,600,1728
reset_awldev_spec4mixG,508,298,1707,1135,1386,1707,13,147590,11807,1707,1135,1403,1706,1132,1384,98,100,0,600,1725
reset_awldev_spec4mixG,508,299,1705,1134,1385,1712,13,147504,11800,1707,1135,1405,1705,1134,1383,98,100,0,600,1725
reset_awldev_spec4mixG,508,300,1707,1135,1389,1717,13,147425,11794,1707,1135,1407,1705,1133,1383,98,100,0,600,1731
reset_awldev_spec4mixG,508,301,1708,1135,1385,1721,13,147345,11787,1708,1135,1410,1707,1133,1383,98,100,0,600,1731
reset_awldev_spec4mixG,508,302,1707,1134,1389,1726,13,147266,11781,1708,1135,1403,1706,1133,1383,98,100,0,600,1728
reset_awldev_spec4mixG,508,303,1709,1134,1391,1731,13,147188,11775,1709,1135,1416,1707,1133,1383,98,100,0,600,1733
reset_awldev_spec4mixG,508,304,1709,1134,1392,1736,13,147116,11769,1709,1135,1407,1708,1132,1383,98,100,0,600,1728
reset_awldev_spec4mixG,508,305,1709,1134,1387,1740,13,147039,11763,1711,1135,1417,1709,1133,1384,98,100,0,600,1728
reset_awldev_spec4mixG,508,306,1712,1134,1400,1745,13,146964,11757,1713,1135,1424,1709,1133,1385,98,100,0,600,1733
reset_awldev_spec4mixG,508,307,1717,1134,1395,1750,14,146886,11750,1718,1135,1447,1712,1132,1387,98,100,0,600,1739
reset_awldev_spec4mixG,508,308,1732,1133,1414,1755,14,146817,11745,1732,1135,1481,1717,1132,1387,96,100,0,600,1787
reset_awldev_spec4mixG,508,309,1991,1131,1659,1760,14,146786,11742,1991,1135,1664,1732,1131,1405,97,100,0,600,2049
reset_awldev_spec4mixG,508,310,2019,1132,1660,1766,14,146790,11743,2019,1133,1670,1991,1130,1582,98,100,0,599,2060
reset_awldev_spec4mixG,508,311,2015,1132,1643,1771,14,146782,11742,2025,1133,1674,2015,1131,1554,98,100,0,600,2038
reset_awldev_spec4mixG,508,312,2011,1132,1649,1777,14,146776,11742,2015,1134,1669,2008,1131,1545,98,100,0,600,2038
reset_awldev_spec4mixG,508,313,2028,1134,1410,1783,14,146779,11742,2028,1135,1671,2011,1130,1398,98,100,0,600,2055
reset_awldev_spec4mixG,508,314,1948,1132,1657,1788,14,146728,11738,2028,1135,1689,1707,1131,1386,100,100,0,600,1948
reset_awldev_spec4mixG,508,315,2049,1132,1657,1793,14,146732,11738,2049,1133,1691,1948,1131,1625,98,100,0,599,2080
reset_awldev_spec4mixG,508,316,2041,1133,1658,1799,14,146733,11738,2049,1133,1662,2041,1130,1653,98,100,0,600,2066
reset_awldev_spec4mixG,508,317,2040,1132,1658,1805,14,146735,11738,2041,1134,1662,2040,1131,1652,98,100,0,600,2069
reset_awldev_spec4mixG,508,318,2042,1133,1664,1811,14,146737,11739,2042,1133,1665,2040,1131,1655,98,100,0,600,2072
reset_awldev_spec4mixG,508,319,2043,1132,1664,1816,14,146740,11739,2043,1133,1668,2042,1131,1655,98,100,0,600,2072
reset_awldev_spec4mixG,508,320,2052,1134,1670,1822,14,146745,11739,2052,1134,1677,2043,1131,1658,98,100,0,600,2086
reset_awldev_spec4mixG,508,321,2052,1132,1670,1828,14,146750,11740,2056,1134,1679,2052,1131,1659,98,100,0,600,2075
reset_awldev_spec4mixG,508,322,2050,1132,1665,1833,14,146754,11740,2052,1133,1674,2050,1131,1660,98,100,0,600,2077
reset_awldev_spec4mixG,508,323,2051,1131,1669,1839,14,146758,11740,2051,1133,1696,2050,1130,1655,98,100,0,600,2086
reset_awldev_spec4mixG,508,324,2055,1134,1685,1845,14,146763,11741,2055,1135,1704,2050,1131,1657,97,100,0,600,2106
reset_awldev_spec4mixG,508,325,2062,1134,1671,1851,14,146770,11741,2062,1135,1705,2055,1133,1659,98,100,0,600,2089
reset_awldev_spec4mixG,508,326,2042,1132,1643,1856,14,146771,11741,2062,1136,1704,2042,1132,1638,99,100,0,600,2060
reset_awldev_spec4mixG,508,327,2037,1132,1674,1862,14,146773,11741,2048,1134,1704,2037,1132,1641,99,100,0,600,2055
reset_awldev_spec4mixG,508,328,2030,1133,1648,1868,14,146773,11741,2038,1134,1693,2030,1131,1638,98,100,0,600,2052
reset_awldev_spec4mixG,508,329,2048,1133,1666,1873,14,146777,11742,2048,1134,1702,2030,1131,1640,98,100,0,600,2089
reset_awldev_spec4mixG,508,330,2055,1133,1667,1879,15,146782,11742,2055,1134,1705,2048,1132,1643,98,100,0,599,2086
reset_awldev_spec4mixG,508,331,2063,1134,1643,1885,15,146789,11743,2064,1135,1709,2052,1132,1641,98,100,0,600,2089
reset_awldev_spec4mixG,508,332,2038,1134,1641,1890,15,146792,11743,2063,1135,1690,2038,1132,1640,99,100,0,600,2058
reset_awldev_spec4mixG,508,333,2033,1134,1674,1896,15,146787,11743,2038,1135,1711,2031,1132,1640,98,100,0,600,2072
reset_awldev_spec4mixG,508,334,2037,1133,1677,1902,15,146790,11743,2047,1134,1709,2033,1132,1641,99,100,0,600,2052
reset_awldev_spec4mixG,508,335,2046,1133,1672,1908,15,146793,11743,2046,1134,1696,2031,1131,1633,98,100,0,600,2083
reset_awldev_spec4mixG,508,336,2054,1134,1665,1913,15,146803,11744,2061,1134,1711,2046,1132,1652,99,100,0,600,2066
reset_awldev_spec4mixG,508,337,2045,1134,1668,1919,15,146805,11744,2054,1134,1689,2044,1132,1649,98,100,0,600,2072
reset_awldev_spec4mixG,508,338,2056,1133,1669,1925,15,146805,11744,2056,1134,1710,2041,1131,1646,97,100,0,600,2112
reset_awldev_spec4mixG,508,339,2050,1133,1657,1930,15,146809,11744,2059,1134,1693,2050,1132,1647,99,100,0,600,2066
reset_awldev_spec4mixG,508,340,2041,1134,1674,1936,15,146814,11745,2050,1134,1689,2041,1133,1646,98,100,0,601,2066
reset_awldev_spec4mixG,508,341,2047,1132,1655,1942,15,146819,11745,2057,1135,1710,2041,1132,1647,98,100,0,601,2069
reset_awldev_spec4mixG,508,342,2042,1133,1659,1948,15,146816,11745,2047,1134,1678,2041,1132,1646,98,100,0,601,2072
reset_awldev_spec4mixG,508,343,2059,1133,1669,1953,15,146822,11745,2059,1134,1710,2040,1132,1646,98,100,0,601,2095
reset_awldev_spec4mixG,508,344,2064,1134,1667,1959,15,146829,11746,2064,1134,1694,2059,1131,1667,98,100,0,601,2097
reset_awldev_spec4mixG,508,345,2057,1133,1708,1965,15,146833,11746,2065,1134,1712,2049,1132,1647,97,100,0,601,2114
reset_awldev_spec4mixG,508,346,2050,1133,1662,1971,15,146837,11746,2062,1134,1708,2050,1131,1652,99,100,0,601,2069
reset_awldev_spec4mixG,508,347,2055,1132,1684,1976,15,146841,11747,2055,1134,1696,2047,1131,1653,97,100,0,601,2097
reset_awldev_spec4mixG,508,348,2059,1133,1660,1982,15,146848,11747,2069,1134,1713,2055,1132,1656,99,100,0,601,2069
reset_awldev_spec4mixG,508,349,2049,1133,1660,1988,15,146854,11748,2059,1134,1683,2049,1132,1658,98,100,0,601,2075
reset_awldev_spec4mixG,508,350,2070,1132,1682,1993,15,146858,11748,2070,1133,1713,2048,1131,1659,98,100,0,601,2109
reset_awldev_spec4mixG,508,351,2060,1133,1681,1999,15,146864,11749,2071,1133,1697,2060,1130,1660,98,100,0,601,2083
reset_awldev_spec4mixG,508,352,2056,1133,1671,2005,16,146868,11749,2061,1134,1707,2056,1132,1656,99,100,0,601,2069
reset_awldev_spec4mixG,508,353,2043,1133,1649,2011,16,146870,11749,2059,1134,1704,2043,1131,1641,98,100,0,601,2069
reset_awldev_spec4mixG,508,354,2035,1133,1652,2016,16,146869,11749,2043,1134,1695,2035,1131,1641,98,100,0,601,2063
reset_awldev_spec4mixG,508,355,2048,1133,1654,2022,16,146873,11749,2053,1134,1715,2035,1132,1649,99,100,0,601,2066
reset_awldev_spec4mixG,508,356,2036,1133,1646,2028,16,146873,11749,2048,1134,1682,2036,1131,1643,99,100,0,601,2055
reset_awldev_spec4mixG,508,357,2044,1132,1681,2033,16,146875,11750,2044,1133,1709,2031,1130,1643,97,100,0,601,2095
reset_awldev_spec4mixG,508,358,2034,1132,1646,2039,16,146874,11749,2045,1133,1681,2034,1131,1643,98,100,0,601,2055
reset_awldev_spec4mixG,508,359,2030,1132,1673,2045,16,146878,11750,2034,1133,1679,2030,1131,1641,98,100,0,601,2055
reset_awldev_spec4mixG,508,360,2036,1135,1645,2050,16,146876,11750,2047,1135,1712,2030,1131,1629,99,100,0,601,2043
reset_awldev_spec4mixG,508,361,2053,1133,1659,2056,16,146880,11750,2053,1135,1696,2034,1131,1643,98,100,0,601,2086
reset_awldev_spec4mixG,508,362,2058,1132,1674,2062,16,146889,11751,2058,1133,1711,2044,1131,1649,98,100,0,601,2092
reset_awldev_spec4mixG,508,363,2045,1132,1652,2068,16,146886,11750,2059,1133,1694,2045,1131,1649,99,100,0,601,2063
reset_awldev_spec4mixG,508,364,2043,1131,1684,2073,16,146887,11751,2045,1133,1709,2038,1131,1648,97,100,0,601,2097
reset_awldev_spec4mixG,508,365,2043,1132,1654,2079,16,146890,11751,2053,1133,1712,2043,1131,1649,98,100,0,601,2069
reset_awldev_spec4mixG,508,366,2040,1132,1650,2084,16,146891,11751,2043,1133,1686,2040,1131,1649,98,100,0,601,2066
reset_awldev_spec4mixG,508,367,2050,1133,1653,2090,16,146895,11751,2056,1133,1711,2038,1131,1648,99,100,0,601,2063
reset_awldev_spec4mixG,508,368,2042,1132,1654,2096,16,146896,11751,2050,1134,1679,2042,1131,1649,98,100,0,601,2066
reset_awldev_spec4mixG,508,369,2062,1132,1697,2102,16,146902,11752,2062,1133,1712,2041,1130,1649,97,100,0,601,2114
reset_awldev_spec4mixG,508,370,2058,1132,1684,2107,16,146906,11752,2062,1133,1697,2053,1131,1651,98,100,0,600,2089
reset_awldev_spec4mixG,508,371,2066,1131,1684,2113,16,146913,11753,2066,1133,1698,2058,1130,1665,98,100,0,600,2095
reset_awldev_spec4mixG,508,372,2071,1132,1685,2119,16,146925,11754,2075,1133,1713,2066,1130,1664,98,100,0,600,2100
reset_awldev_spec4mixG,508,373,2053,1133,1664,2125,17,146923,11753,2071,1133,1685,2053,1131,1650,98,100,0,600,2080
reset_awldev_spec4mixG,508,374,2059,1132,1662,2130,17,146928,11754,2061,1133,1712,2047,1131,1650,99,100,0,600,2075
reset_awldev_spec4mixG,508,375,2062,1132,1663,2136,17,146933,11754,2064,1133,1698,2055,1130,1657,99,100,0,600,2077
reset_awldev_spec4mixG,508,376,2070,1132,1696,2142,17,146940,11755,2070,1133,1712,2057,1131,1655,97,100,0,600,2120
reset_awldev_spec4mixG,508,377,2067,1132,1684,2148,17,146945,11755,2074,1133,1712,2063,1131,1662,98,100,0,600,2103
reset_awldev_spec4mixG,508,378,2064,1132,1684,2153,17,146951,11756,2068,1133,1697,2059,1130,1662,98,100,0,600,2103
reset_awldev_spec4mixG,508,379,2071,1131,1677,2159,17,146959,11756,2075,1132,1715,2064,1130,1663,99,100,0,600,2075
reset_awldev_spec4mixG,508,380,2066,1131,1688,2165,17,146964,11757,2071,1132,1698,2059,1130,1663,98,100,0,600,2103
reset_awldev_spec4mixG,508,381,2053,1132,1637,2171,17,146970,11757,2067,1132,1704,2053,1130,1633,100,100,0,600,2053
reset_awldev_spec4mixG,508,382,2051,1132,1670,2176,17,146969,11757,2053,1133,1707,2046,1131,1633,98,100,0,600,2086
reset_awldev_spec4mixG,508,383,2052,1132,1706,2182,17,146972,11757,2053,1133,1706,2050,1131,1651,97,100,0,600,2100
reset_awldev_spec4mixG,508,384,2050,1132,1664,2188,17,146976,11758,2062,1133,1714,2050,1131,1648,99,100,0,600,2069
reset_awldev_spec4mixG,508,385,2053,1133,1654,2194,17,146979,11758,2058,1133,1695,2047,1131,1645,99,100,0,600,2058
reset_awldev_spec4mixG,508,386,2051,1133,1658,2199,17,146982,11758,2058,1133,1712,2047,1131,1645,99,100,0,600,2066
reset_awldev_spec4mixG,508,387,2042,1133,1647,2205,17,146983,11758,2051,1133,1692,2042,1131,1646,98,100,0,600,2072
reset_awldev_spec4mixG,508,388,2041,1132,1662,2211,17,146984,11758,2042,1133,1684,2039,1131,1634,98,100,0,600,2072
reset_awldev_spec4mixG,508,389,2045,1133,1668,2216,17,146986,11758,2048,1135,1711,2041,1132,1652,98,100,0,600,2072
reset_awldev_spec4mixG,508,390,2044,1134,1662,2222,17,146988,11759,2045,1135,1681,2044,1132,1650,98,100,0,600,2069
reset_awldev_spec4mixG,508,391,2053,1134,1660,2228,17,146992,11759,2060,1134,1713,2044,1131,1653,99,100,0,600,2072
reset_awldev_spec4mixG,508,392,2047,1134,1658,2234,17,146994,11759,2053,1135,1681,2047,1132,1649,98,100,0,600,2072
reset_awldev_spec4mixG,508,393,2069,1134,1683,2239,17,147001,11760,2069,1134,1713,2046,1132,1653,97,100,0,600,2117
reset_awldev_spec4mixG,508,394,2071,1133,1678,2245,17,147008,11760,2071,1135,1695,2069,1131,1672,98,100,0,600,2097
reset_awldev_spec4mixG,508,395,2052,1133,1686,2251,18,147014,11761,2071,1135,1692,2052,1133,1651,99,100,0,600,2069
reset_awldev_spec4mixG,508,396,2053,1134,1650,2257,18,147014,11761,2065,1135,1709,2052,1133,1650,99,100,0,600,2072
reset_awldev_spec4mixG,508,397,2047,1134,1662,2262,18,147016,11761,2053,1135,1682,2047,1132,1650,98,100,0,600,2075
reset_awldev_spec4mixG,508,398,2059,1135,1661,2268,18,147021,11761,2062,1135,1713,2046,1133,1651,99,100,0,600,2075
reset_awldev_spec4mixG,508,399,2062,1134,1673,2274,18,147026,11762,2065,1135,1698,2057,1133,1655,99,100,0,599,2077
reset_awldev_spec4mixG,508,400,2062,1134,1694,2279,18,147034,11762,2062,1135,1709,2054,1132,1653,97,100,0,600,2114
reset_awldev_spec4mixG,508,401,2066,1134,1685,2285,18,147039,11763,2067,1135,1707,2060,1133,1652,98,100,0,599,2106
reset_awldev_spec4mixG,508,402,2069,1134,1662,2291,18,147042,11763,2073,1135,1698,2066,1133,1655,99,100,0,600,2080
reset_awldev_spec4mixG,508,403,2068,1134,1669,2297,18,147048,11763,2077,1135,1713,2066,1132,1662,99,100,0,600,2083
reset_awldev_spec4mixG,508,404,2058,1134,1665,2302,18,147051,11764,2068,1134,1686,2058,1133,1664,98,100,0,600,2083
reset_awldev_spec4mixG,508,405,2072,1134,1686,2308,18,147058,11764,2072,1135,1714,2056,1132,1664,98,100,0,600,2109
reset_awldev_spec4mixG,508,406,2062,1134,1686,2314,18,147062,11764,2072,1135,1689,2060,1132,1664,98,100,0,599,2100
reset_awldev_spec4mixG,508,407,2073,1134,1705,2320,18,147072,11765,2073,1135,1705,2061,1133,1664,97,100,0,600,2117
reset_awldev_spec4mixG,508,408,2075,1133,1680,2325,18,147076,11766,2082,1134,1713,2073,1132,1664,99,100,0,599,2083
reset_awldev_spec4mixG,508,409,2043,1133,1639,2331,18,147076,11766,2075,1134,1688,2043,1132,1630,99,100,0,600,2049
reset_awldev_spec4mixG,508,410,2053,1134,1644,2337,18,147083,11766,2055,1134,1722,2038,1132,1637,99,100,0,600,2069
reset_awldev_spec4mixG,508,411,2040,1133,1651,2343,18,147079,11766,2053,1134,1680,2040,1132,1642,98,100,0,600,2063
reset_awldev_spec4mixG,508,412,2051,1133,1687,2348,18,147082,11766,2051,1134,1712,2039,1131,1647,97,100,0,600,2109
reset_awldev_spec4mixG,508,413,2045,1132,1651,2354,18,147083,11766,2057,1133,1711,2045,1131,1648,98,100,0,599,2066
reset_awldev_spec4mixG,508,414,2040,1132,1661,2360,18,147083,11766,2045,1133,1689,2040,1131,1648,98,100,0,600,2066
reset_awldev_spec4mixG,508,415,2044,1132,1661,2365,18,147086,11766,2052,1133,1711,2040,1131,1635,99,100,0,600,2060
reset_awldev_spec4mixG,508,416,2060,1132,1661,2371,18,147094,11767,2061,1133,1700,2044,1130,1659,98,100,0,600,2083
reset_awldev_spec4mixG,508,417,2062,1132,1658,2377,19,147094,11767,2062,1132,1715,2050,1130,1653,98,100,0,600,2103
reset_awldev_spec4mixG,508,418,2049,1132,1658,2383,19,147096,11767,2062,1132,1685,2049,1131,1654,98,100,0,600,2077
reset_awldev_spec4mixG,508,419,2046,1131,1694,2388,19,147097,11767,2049,1132,1698,2046,1129,1653,98,100,0,599,2077
reset_awldev_spec4mixG,508,420,2055,1131,1670,2394,19,147105,11768,2061,1133,1714,2046,1130,1654,98,100,0,600,2089
reset_awldev_spec4mixG,508,421,2047,1132,1663,2400,19,147103,11768,2055,1133,1694,2047,1131,1653,98,100,0,600,2069
reset_awldev_spec4mixG,508,422,2059,1132,1657,2405,19,147111,11768,2062,1133,1714,2047,1130,1656,99,100,0,600,2075
reset_awldev_spec4mixG,508,423,2056,1133,1678,2411,19,147110,11768,2059,1133,1698,2050,1131,1654,98,100,0,600,2097
reset_awldev_spec4mixG,508,424,2069,1132,1689,2417,19,147116,11769,2069,1133,1711,2056,1131,1656,98,100,0,600,2109
reset_awldev_spec4mixG,508,425,2064,1132,1679,2423,19,147120,11769,2070,1133,1712,2060,1130,1656,98,100,0,600,2097
reset_awldev_spec4mixG,508,426,2062,1135,1677,2428,19,147124,11769,2064,1135,1697,2056,1131,1654,97,100,0,600,2106
reset_awldev_spec4mixG,508,427,2063,1132,1679,2434,19,147129,11770,2074,1136,1711,2062,1132,1652,99,100,0,600,2077
reset_awldev_spec4mixG,508,428,2054,1133,1668,2440,19,147131,11770,2063,1133,1682,2054,1130,1656,98,100,0,600,2080
reset_awldev_spec4mixG,508,429,2065,1132,1680,2446,19,147136,11770,2067,1133,1716,2053,1130,1659,98,100,0,600,2089
reset_awldev_spec4mixG,508,430,2072,1132,1687,2452,19,147142,11771,2072,1133,1701,2062,1131,1664,98,100,0,600,2109
reset_awldev_spec4mixG,508,431,2079,1132,1707,2457,19,147152,11772,2079,1132,1717,2070,1130,1669,98,100,0,600,2114
reset_awldev_spec4mixG,508,432,2076,1132,1676,2463,19,147155,11772,2087,1133,1718,2076,1131,1666,99,100,0,600,2086
reset_awldev_spec4mixG,508,433,2067,1132,1672,2469,19,147160,11772,2076,1133,1696,2067,1131,1670,98,100,0,600,2092
reset_awldev_spec4mixG,508,434,2074,1132,1676,2474,19,147166,11773,2079,1133,1716,2066,1131,1671,98,100,0,600,2095
reset_awldev_spec4mixG,508,435,2069,1132,1677,2480,19,147171,11773,2074,1133,1700,2069,1131,1671,98,100,0,600,2095
reset_awldev_spec4mixG,508,436,2083,1132,1678,2486,19,147179,11774,2083,1133,1718,2068,1131,1674,97,100,0,600,2134
reset_awldev_spec4mixG,508,437,2050,1131,1661,2492,19,147180,11774,2083,1133,1689,2050,1130,1637,99,100,0,599,2060
reset_awldev_spec4mixG,508,438,2047,1132,1667,2497,19,147181,11774,2051,1133,1694,2047,1131,1652,98,100,0,600,2069
reset_awldev_spec4mixG,508,439,2049,1131,1638,2503,20,147184,11774,2065,1133,1720,2047,1129,1632,100,100,0,600,2049
reset_awldev_spec4mixG,508,440,2051,1131,1667,2509,20,147189,11775,2051,1132,1713,2039,1130,1638,98,100,0,599,2089
reset_awldev_spec4mixG,508,441,2056,1135,1642,2515,20,147193,11775,2062,1135,1711,2051,1130,1638,99,100,0,600,2058
reset_awldev_spec4mixG,508,442,2032,1136,1661,2520,20,147188,11775,2056,1136,1676,2032,1134,1630,99,100,0,600,2046
reset_awldev_spec4mixG,508,443,2028,1136,1655,2526,20,147186,11774,2032,1136,1675,2024,1131,1630,97,100,0,601,2080
reset_awldev_spec4mixG,508,444,2047,1136,1644,2532,20,147191,11775,2048,1137,1693,2028,1135,1642,98,100,0,600,2075
reset_awldev_spec4mixG,508,445,2032,1133,1647,2537,20,147186,11774,2047,1137,1690,2032,1132,1631,99,100,0,599,2049
reset_awldev_spec4mixG,508,446,2048,1134,1652,2543,20,147189,11775,2051,1134,1711,2032,1132,1647,99,100,0,600,2066
reset_awldev_spec4mixG,508,447,2039,1133,1651,2549,20,147189,11775,2048,1134,1677,2039,1131,1648,98,100,0,599,2066
reset_awldev_spec4mixG,508,448,2044,1133,1703,2554,20,147190,11775,2044,1135,1709,2037,1133,1648,97,100,0,600,2103
reset_awldev_spec4mixG,508,449,2051,1134,1673,2560,20,147192,11775,2053,1135,1708,2044,1133,1649,98,100,0,599,2089
reset_awldev_spec4mixG,508,450,2055,1140,1663,2566,20,147195,11775,2055,1140,1686,2047,1133,1643,98,100,0,600,2089
reset_awldev_spec4mixG,508,451,2054,1139,1644,2572,20,147198,11775,2065,1140,1704,2054,1138,1641,99,100,0,600,2063
reset_awldev_spec4mixG,508,452,2046,1139,1644,2577,20,147199,11775,2055,1140,1687,2046,1137,1641,98,100,0,600,2069
reset_awldev_spec4mixG,508,453,2062,1140,1678,2583,20,147207,11776,2062,1140,1702,2045,1138,1641,97,100,0,600,2112
reset_awldev_spec4mixG,508,454,2057,1141,1645,2589,20,147206,11776,2063,1141,1687,2057,1138,1642,99,100,0,600,2069
reset_awldev_spec4mixG,508,455,2048,1134,1679,2594,20,147210,11776,2057,1141,1683,2047,1133,1645,98,100,0,600,2080
reset_awldev_spec4mixG,508,456,2069,1134,1682,2600,20,147213,11777,2069,1136,1709,2048,1133,1657,98,100,0,600,2103
reset_awldev_spec4mixG,508,457,2065,1134,1693,2606,20,147221,11777,2072,1136,1695,2064,1133,1658,98,100,0,600,2092
reset_awldev_spec4mixG,508,458,2081,1134,1688,2612,20,147229,11778,2082,1135,1712,2065,1133,1667,98,100,0,599,2112
reset_awldev_spec4mixG,508,459,2083,1133,1687,2618,20,147232,11778,2083,1135,1703,2081,1132,1677,98,100,0,600,2114
reset_awldev_spec4mixG,508,460,2079,1133,1706,2624,20,147238,11779,2083,1134,1714,2074,1132,1664,97,100,0,600,2129
reset_awldev_spec4mixG,508,461,2075,1133,1677,2629,21,147244,11779,2085,1134,1712,2075,1132,1668,99,100,0,599,2092
reset_awldev_spec4mixG,508,462,2068,1133,1673,2635,21,147249,11779,2075,1134,1695,2068,1131,1669,98,100,0,599,2092
reset_awldev_spec4mixG,508,463,2081,1133,1685,2641,21,147256,11780,2083,1134,1715,2067,1131,1672,99,100,0,599,2095
reset_awldev_spec4mixG,508,464,2072,1132,1677,2647,21,147261,11780,2081,1133,1702,2072,1132,1672,99,100,0,600,2092
reset_awldev_spec4mixG,508,465,2082,1133,1699,2652,21,147267,11781,2083,1134,1718,2070,1130,1672,99,100,0,600,2100
reset_awldev_spec4mixG,508,466,2088,1133,1696,2658,21,147275,11782,2088,1134,1706,2082,1132,1678,99,100,0,599,2109
reset_awldev_spec4mixG,508,467,2066,1132,1702,2664,21,147282,11782,2088,1133,1724,2065,1131,1656,98,100,0,599,2097
reset_awldev_spec4mixG,508,468,2064,1133,1657,2670,21,147283,11782,2076,1134,1726,2064,1131,1656,99,100,0,600,2069
reset_awldev_spec4mixG,508,469,2077,1132,1694,2675,21,147290,11783,2077,1134,1707,2059,1132,1653,98,100,0,600,2117
reset_awldev_spec4mixG,508,470,2073,1133,1657,2681,21,147294,11783,2078,1134,1713,2069,1132,1655,99,100,0,600,2075
reset_awldev_spec4mixG,508,471,2047,1138,1648,2687,21,147294,11783,2073,1139,1682,2047,1133,1632,99,100,0,600,2058
reset_awldev_spec4mixG,508,472,2053,1137,1667,2693,21,147299,11783,2053,1139,1701,2040,1137,1632,98,100,0,600,2086
reset_awldev_spec4mixG,508,473,2040,1138,1671,2698,21,147295,11783,2058,1139,1701,2037,1136,1620,97,100,0,599,2089
reset_awldev_spec4mixG,508,474,2047,1133,1646,2704,21,147298,11783,2055,1138,1694,2040,1132,1642,99,100,0,599,2060
reset_awldev_spec4mixG,508,475,2051,1134,1653,2710,21,147303,11784,2055,1135,1715,2040,1132,1631,99,100,0,599,2069
reset_awldev_spec4mixG,508,476,2045,1133,1652,2715,21,147300,11784,2051,1134,1710,2045,1132,1650,98,100,0,600,2066
reset_awldev_spec4mixG,508,477,2064,1133,1687,2721,21,147304,11784,2064,1134,1713,2044,1131,1651,97,100,0,600,2109
reset_awldev_spec4mixG,508,478,2052,1133,1650,2727,21,147305,11784,2064,1134,1695,2052,1131,1650,99,100,0,599,2066
reset_awldev_spec4mixG,508,479,2042,1134,1650,2733,21,147308,11784,2052,1134,1685,2042,1132,1649,98,100,0,599,2066
reset_awldev_spec4mixG,508,480,2052,1132,1679,2738,21,147311,11784,2056,1134,1711,2042,1132,1650,98,100,0,600,2086
reset_awldev_spec4mixG,508,481,2069,1133,1684,2744,21,147314,11785,2069,1140,1700,2052,1131,1666,97,100,0,600,2112
reset_awldev_spec4mixG,508,482,2075,1133,1687,2750,22,147319,11785,2075,1134,1711,2062,1132,1654,98,100,0,600,2106
reset_awldev_spec4mixG,508,483,2082,1133,1692,2756,22,147325,11786,2082,1134,1702,2075,1132,1676,98,100,0,600,2112
reset_awldev_spec4mixG,508,484,2075,1133,1706,2762,22,147333,11786,2082,1134,1710,2071,1131,1667,97,100,0,600,2129
reset_awldev_spec4mixG,508,485,2076,1133,1690,2767,22,147335,11786,2082,1134,1711,2072,1132,1668,98,100,0,600,2114
reset_awldev_spec4mixG,508,486,2070,1133,1674,2773,22,147340,11787,2079,1134,1702,2070,1132,1669,99,100,0,600,2089
reset_awldev_spec4mixG,508,487,2076,1134,1651,2779,22,147346,11787,2082,1135,1711,2069,1132,1649,99,100,0,599,2080
reset_awldev_spec4mixG,508,488,2049,1135,1660,2785,22,147348,11787,2076,1135,1703,2049,1133,1634,98,100,0,600,2077
reset_awldev_spec4mixG,508,489,2063,1136,1683,2790,22,147349,11787,2063,1136,1716,2048,1134,1658,97,100,0,600,2109
reset_awldev_spec4mixG,508,490,2048,1135,1667,2796,22,147350,11788,2066,1137,1697,2048,1134,1649,98,100,0,600,2075
reset_awldev_spec4mixG,508,491,2059,1135,1673,2802,22,147353,11788,2059,1136,1723,2048,1134,1650,97,100,0,599,2106
reset_awldev_spec4mixG,508,492,2050,1135,1655,2808,22,147355,11788,2068,1136,1727,2050,1133,1651,99,100,0,600,2069
reset_awldev_spec4mixG,508,493,2040,1134,1659,2813,22,147357,11788,2050,1136,1664,2040,1132,1649,98,100,0,600,2063
reset_awldev_spec4mixG,508,494,2040,1134,1666,2819,22,147357,11788,2040,1135,1666,2037,1134,1650,98,100,0,600,2080
reset_awldev_spec4mixG,508,495,2036,1134,1654,2825,22,147354,11788,2044,1135,1691,2036,1133,1635,99,100,0,599,2052
reset_awldev_spec4mixG,508,496,2021,1135,1626,2830,22,147351,11788,2037,1136,1685,2021,1133,1586,99,100,0,600,2029
reset_awldev_spec4mixG,508,497,2024,1134,1648,2836,22,147348,11787,2024,1136,1687,2017,1134,1624,98,100,0,600,2060
reset_awldev_spec4mixG,508,498,2029,1135,1649,2842,22,147347,11787,2029,1135,1654,2024,1133,1643,98,100,0,599,2058
reset_awldev_spec4mixG,508,499,2032,1136,1649,2847,22,147349,11787,2032,1136,1652,2029,1133,1645,98,100,0,599,2063
reset_awldev_spec4mixG,508,500,2035,1134,1651,2853,22,147345,11787,2035,1136,1654,2032,1134,1649,98,100,0,599,2063
reset_awldev_spec4mixG,508,501,2034,1134,1651,2859,22,147345,11787,2035,1135,1653,2034,1134,1647,98,100,0,600,2063
reset_awldev_spec4mixG,508,502,2030,1134,1645,2864,22,147343,11787,2035,1135,1652,2030,1133,1644,98,100,0,599,2055
reset_awldev_spec4mixG,508,503,2028,1135,1645,2870,22,147344,11787,2030,1135,1647,2028,1134,1644,98,100,0,600,2055
reset_awldev_spec4mixG,508,504,2027,1134,1645,2875,23,147339,11787,2028,1136,1651,2027,1133,1644,98,100,0,600,2058
reset_awldev_spec4mixG,508,505,2016,1135,1601,2881,23,147336,11786,2029,1136,1687,2016,1133,1520,100,100,0,600,2016
reset_awldev_spec4mixG,508,506,1694,1136,1377,2886,23,147315,11785,2016,1137,1700,1694,1133,1376,98,100,0,600,1714
reset_awldev_spec4mixG,508,507,1785,1137,1376,2891,23,147269,11781,1785,1138,1567,1694,1135,1375,99,100,0,600,1790
Processed 508 lines from power meter
There were 0 errors in reading from the meter
