RunId,NumDataLines,SeqNum,Watts,Amps,WattHours,Cost,MoKWh,MoCost,MaxWatts,MaxVolts,MaxAmps,MinWatts,MinVolts,MinAmps,Factor,DutyCycle,PowerCycle
tas1base2namd,309,0,1888,1150,1522,10,0,135997,10879,1892,1150,1543,1887,1148,1504,98,100,0,601,1915
tas1base2namd,309,1,1893,1149,1520,15,0,136293,10903,1893,1150,1555,1888,1148,1511,98,100,0,601,1927
tas1base2namd,309,2,1890,1149,1516,20,0,136327,10906,1893,1150,1543,1889,1148,1505,98,100,0,600,1918
tas1base2namd,309,3,1891,1148,1519,25,0,136387,10911,1891,1150,1553,1890,1147,1506,98,100,0,600,1924
tas1base2namd,309,4,1890,1148,1535,31,0,136637,10930,1891,1151,1547,1888,1147,1507,98,100,0,600,1918
tas1base2namd,309,5,1889,1150,1515,36,0,136384,10910,1890,1151,1545,1885,1147,1502,98,100,0,600,1921
tas1base2namd,309,6,1893,1149,1517,41,0,136446,10915,1893,1150,1554,1888,1147,1514,98,100,0,600,1924
tas1base2namd,309,7,1890,1150,1519,47,0,136429,10914,1893,1150,1543,1887,1148,1501,98,100,0,601,1927
tas1base2namd,309,8,1888,1148,1525,52,0,136427,10914,1890,1150,1555,1888,1148,1506,98,100,0,600,1915
tas1base2namd,309,9,1886,1149,1514,57,0,136420,10913,1891,1150,1547,1886,1147,1504,98,100,0,599,1907
tas1base2namd,309,10,1889,1142,1534,62,0,136537,10923,1889,1149,1561,1884,1140,1503,97,100,0,600,1930
tas1base2namd,309,11,1891,1140,1532,68,0,136436,10914,1891,1143,1555,1888,1139,1519,98,100,0,600,1921
tas1base2namd,309,12,1885,1139,1536,73,0,136414,10913,1891,1142,1560,1885,1138,1518,98,100,0,600,1915
tas1base2namd,309,13,1894,1140,1546,78,0,136458,10916,1894,1141,1562,1885,1138,1531,98,100,0,600,1927
tas1base2namd,309,14,1891,1140,1531,83,0,136460,10916,1894,1141,1559,1889,1139,1519,98,100,0,600,1924
tas1base2namd,309,15,1886,1140,1529,89,0,136521,10921,1891,1142,1555,1886,1139,1516,98,100,0,600,1915
tas1base2namd,309,16,1886,1140,1532,94,0,136513,10921,1889,1141,1556,1886,1139,1518,98,100,0,600,1913
tas1base2namd,309,17,1887,1139,1535,99,0,136438,10915,1889,1141,1565,1886,1139,1522,98,100,0,600,1915
tas1base2namd,309,18,1886,1139,1534,104,0,136438,10915,1891,1141,1559,1886,1139,1519,98,100,0,600,1910
tas1base2namd,309,19,1893,1139,1535,110,0,136459,10916,1893,1141,1564,1886,1138,1527,98,100,0,600,1927
tas1base2namd,309,20,1891,1139,1532,115,0,136462,10916,1893,1141,1556,1890,1138,1521,98,100,0,600,1921
tas1base2namd,309,21,1889,1141,1532,120,0,136516,10921,1891,1142,1559,1887,1139,1521,98,100,0,600,1924
tas1base2namd,309,22,1891,1139,1533,126,1,136459,10916,1891,1142,1560,1887,1138,1519,98,100,0,600,1924
tas1base2namd,309,23,1886,1140,1526,131,1,136450,10916,1891,1141,1555,1886,1138,1515,98,100,0,599,1907
tas1base2namd,309,24,1889,1140,1527,136,1,136510,10920,1891,1141,1560,1886,1139,1519,98,100,0,600,1915
tas1base2namd,309,25,1887,1139,1531,141,1,136503,10920,1890,1141,1555,1887,1138,1517,98,100,0,600,1913
tas1base2namd,309,26,1888,1140,1533,146,1,136456,10916,1890,1140,1561,1887,1138,1523,98,100,0,600,1918
tas1base2namd,309,27,1887,1140,1527,152,1,136456,10916,1892,1141,1561,1887,1138,1519,98,100,0,600,1913
tas1base2namd,309,28,1887,1140,1525,157,1,136455,10916,1890,1141,1558,1887,1139,1521,98,100,0,601,1913
tas1base2namd,309,29,1886,1141,1522,162,1,136456,10916,1891,1141,1561,1886,1138,1515,98,100,0,601,1907
tas1base2namd,309,30,1886,1139,1527,168,1,136454,10916,1890,1141,1555,1886,1138,1518,98,100,0,601,1915
tas1base2namd,309,31,1889,1141,1526,173,1,136461,10916,1892,1141,1558,1886,1139,1522,98,100,0,601,1915
tas1base2namd,309,32,1892,1141,1533,178,1,136469,10917,1892,1142,1557,1889,1139,1526,98,100,0,601,1918
tas1base2namd,309,33,1890,1140,1525,183,1,136472,10917,1893,1142,1559,1890,1139,1519,98,100,0,601,1915
tas1base2namd,309,34,1889,1141,1535,189,1,136468,10917,1890,1142,1553,1886,1139,1516,98,100,0,601,1924
tas1base2namd,309,35,1890,1140,1537,194,1,136467,10917,1890,1142,1557,1885,1139,1519,98,100,0,601,1927
tas1base2namd,309,36,1889,1141,1532,199,1,136464,10917,1890,1142,1558,1887,1139,1519,98,100,0,601,1921
tas1base2namd,309,37,1889,1141,1534,205,1,136463,10917,1889,1141,1555,1886,1139,1516,98,100,0,601,1924
tas1base2namd,309,38,1890,1138,1535,210,1,136464,10917,1890,1142,1557,1888,1138,1518,98,100,0,601,1921
tas1base2namd,309,39,1889,1140,1533,215,1,136460,10916,1890,1141,1559,1886,1138,1520,98,100,0,601,1924
tas1base2namd,309,40,1891,1140,1534,220,1,136463,10917,1891,1142,1560,1888,1139,1520,98,100,0,601,1924
tas1base2namd,309,41,1891,1140,1533,226,1,136498,10919,1892,1142,1557,1890,1139,1520,98,100,0,601,1918
tas1base2namd,309,42,1892,1140,1537,231,1,136469,10917,1892,1142,1579,1887,1139,1522,97,100,0,601,1932
tas1base2namd,309,43,1889,1142,1534,236,1,136466,10917,1892,1142,1554,1887,1139,1515,98,100,0,601,1924
tas1base2namd,309,44,1889,1141,1537,241,1,136465,10917,1889,1142,1555,1886,1140,1518,98,100,0,601,1924
tas1base2namd,309,45,1885,1140,1521,247,1,136461,10916,1891,1142,1558,1885,1139,1513,98,100,0,601,1910
tas1base2namd,309,46,1887,1141,1529,252,2,136461,10916,1888,1142,1556,1885,1139,1521,98,100,0,601,1918
tas1base2namd,309,47,1888,1140,1532,257,2,136460,10916,1889,1142,1555,1886,1140,1517,98,100,0,601,1918
tas1base2namd,309,48,1888,1141,1535,262,2,136456,10916,1888,1142,1557,1885,1139,1516,98,100,0,601,1921
tas1base2namd,309,49,1890,1141,1534,268,2,136457,10916,1890,1142,1558,1886,1139,1521,98,100,0,601,1924
tas1base2namd,309,50,1889,1141,1530,273,2,136453,10916,1890,1142,1555,1886,1140,1515,98,100,0,601,1918
tas1base2namd,309,51,1890,1141,1536,278,2,136480,10918,1890,1142,1556,1885,1140,1519,98,100,0,601,1924
tas1base2namd,309,52,1889,1141,1533,283,2,136478,10918,1891,1143,1554,1887,1140,1514,98,100,0,601,1927
tas1base2namd,309,53,1888,1142,1526,289,2,136452,10916,1890,1142,1556,1888,1140,1519,98,100,0,601,1913
tas1base2namd,309,54,1883,1142,1527,294,2,136443,10915,1888,1142,1556,1883,1140,1512,98,100,0,601,1907
tas1base2namd,309,55,1885,1141,1525,299,2,136441,10915,1887,1143,1557,1883,1140,1520,98,100,0,601,1913
tas1base2namd,309,56,1887,1141,1522,305,2,136443,10915,1891,1142,1558,1885,1140,1515,98,100,0,601,1907
tas1base2namd,309,57,1885,1139,1526,310,2,136442,10915,1890,1142,1564,1885,1139,1514,98,100,0,601,1907
tas1base2namd,309,58,1887,1141,1523,315,2,136443,10915,1890,1142,1557,1885,1139,1518,98,100,0,601,1910
tas1base2namd,309,59,1886,1141,1519,320,2,136440,10915,1888,1142,1553,1886,1139,1513,98,100,0,601,1910
tas1base2namd,309,60,1887,1141,1527,326,2,136440,10915,1889,1142,1549,1885,1140,1519,98,100,0,601,1915
tas1base2namd,309,61,1891,1141,1535,331,2,136445,10915,1891,1142,1556,1887,1139,1524,98,100,0,601,1927
tas1base2namd,309,62,1891,1140,1538,336,2,136449,10915,1892,1142,1556,1891,1140,1525,98,100,0,601,1924
tas1base2namd,309,63,1890,1141,1553,341,2,136471,10917,1892,1142,1555,1890,1140,1518,98,100,0,601,1918
tas1base2namd,309,64,1889,1142,1532,347,2,136449,10915,1890,1143,1553,1887,1140,1512,98,100,0,601,1927
tas1base2namd,309,65,1891,1141,1529,352,2,136452,10916,1891,1143,1559,1889,1140,1523,98,100,0,601,1924
tas1base2namd,309,66,1887,1143,1519,357,2,136449,10915,1891,1143,1553,1887,1141,1511,98,100,0,600,1907
tas1base2namd,309,67,1889,1142,1524,362,2,136452,10916,1891,1144,1554,1887,1141,1517,98,100,0,600,1913
tas1base2namd,309,68,1892,1141,1529,368,2,136456,10916,1892,1143,1555,1888,1141,1521,98,100,0,600,1924
tas1base2namd,309,69,1890,1142,1525,373,2,136457,10916,1892,1143,1548,1890,1140,1520,98,100,0,600,1915
tas1base2namd,309,70,1892,1142,1535,378,3,136461,10916,1892,1143,1559,1890,1141,1523,98,100,0,600,1924
tas1base2namd,309,71,1891,1143,1534,384,3,136462,10916,1892,1143,1556,1887,1141,1512,98,100,0,600,1927
tas1base2namd,309,72,1885,1142,1519,389,3,136456,10916,1891,1144,1547,1885,1141,1515,98,100,0,600,1910
tas1base2namd,309,73,1887,1142,1524,394,3,136456,10916,1889,1143,1555,1885,1141,1517,98,100,0,600,1910
tas1base2namd,309,74,1891,1142,1519,399,3,136460,10916,1892,1143,1556,1887,1140,1513,98,100,0,599,1915
tas1base2namd,309,75,1887,1142,1519,405,3,136459,10916,1891,1143,1552,1887,1141,1513,98,100,0,600,1910
tas1base2namd,309,76,1891,1141,1525,410,3,136480,10918,1892,1143,1557,1887,1141,1519,98,100,0,600,1918
tas1base2namd,309,77,1891,1144,1519,415,3,136467,10917,1893,1144,1556,1891,1141,1513,98,100,0,600,1915
tas1base2namd,309,78,1897,1142,1538,420,3,136475,10918,1897,1144,1560,1891,1141,1514,98,100,0,599,1935
tas1base2namd,309,79,1894,1143,1536,426,3,136478,10918,1897,1144,1554,1893,1141,1514,98,100,0,600,1924
tas1base2namd,309,80,1889,1142,1527,431,3,136476,10918,1894,1143,1549,1889,1141,1515,98,100,0,600,1918
tas1base2namd,309,81,1893,1141,1531,436,3,136481,10918,1893,1144,1556,1889,1140,1523,98,100,0,599,1921
tas1base2namd,309,82,1891,1142,1538,441,3,136482,10918,1893,1143,1551,1889,1140,1513,98,100,0,600,1924
tas1base2namd,309,83,1893,1140,1536,447,3,136484,10918,1893,1142,1561,1889,1137,1521,97,100,0,600,1932
tas1base2namd,309,84,1891,1142,1529,452,3,136484,10918,1893,1143,1561,1888,1138,1515,98,100,0,600,1924
tas1base2namd,309,85,1695,1144,1367,457,3,136342,10907,1891,1145,1555,1689,1142,1363,96,100,0,600,1765
tas1base2namd,309,86,1880,1143,1521,462,3,136329,10906,1881,1145,1563,1694,1142,1364,98,100,0,600,1910
tas1base2namd,309,87,1879,1142,1523,467,3,136307,10904,1880,1144,1541,1877,1140,1505,98,100,0,600,1910
tas1base2namd,309,88,1879,1142,1523,472,3,136299,10903,1880,1143,1544,1877,1141,1508,98,100,0,600,1910
tas1base2namd,309,89,1880,1141,1525,478,3,136293,10903,1880,1143,1544,1877,1140,1509,98,100,0,600,1915
tas1base2namd,309,90,1880,1142,1524,483,3,136287,10903,1880,1143,1551,1877,1140,1511,98,100,0,600,1913
tas1base2namd,309,91,1879,1141,1525,488,3,136281,10902,1880,1143,1550,1877,1140,1508,98,100,0,600,1913
tas1base2namd,309,92,1880,1142,1530,493,3,136276,10902,1880,1143,1565,1877,1140,1510,98,100,0,600,1915
tas1base2namd,309,93,1877,1143,1511,499,3,136284,10902,1882,1143,1533,1877,1141,1507,99,100,0,599,1895
tas1base2namd,309,94,1875,1141,1513,504,4,136262,10901,1880,1143,1553,1875,1141,1510,98,100,0,600,1898
tas1base2namd,309,95,1881,1142,1524,509,4,136260,10900,1881,1144,1551,1875,1140,1509,98,100,0,600,1915
tas1base2namd,309,96,1882,1141,1521,514,4,136257,10900,1882,1143,1555,1880,1139,1517,98,100,0,600,1913
tas1base2namd,309,97,1879,1141,1524,519,4,136251,10900,1882,1143,1564,1877,1139,1510,97,100,0,600,1918
tas1base2namd,309,98,1878,1141,1524,525,4,136244,10899,1880,1143,1553,1875,1140,1510,98,100,0,601,1913
tas1base2namd,309,99,1878,1142,1522,530,4,136237,10899,1879,1144,1554,1875,1141,1510,98,100,0,601,1915
tas1base2namd,309,100,1876,1142,1515,535,4,136231,10898,1879,1143,1542,1876,1140,1507,98,100,0,601,1904
tas1base2namd,309,101,1875,1142,1510,540,4,136237,10898,1878,1144,1541,1875,1141,1503,98,100,0,601,1898
tas1base2namd,309,102,1879,1141,1524,546,4,136220,10897,1879,1144,1553,1874,1141,1508,98,100,0,601,1910
tas1base2namd,309,103,1875,1143,1509,551,4,136213,10897,1879,1143,1555,1875,1140,1505,98,100,0,601,1898
tas1base2namd,309,104,1874,1141,1512,556,4,136206,10896,1877,1143,1540,1874,1140,1504,98,100,0,601,1895
tas1base2namd,309,105,1873,1141,1512,562,4,136199,10895,1876,1143,1542,1873,1140,1504,98,100,0,601,1895
tas1base2namd,309,106,1874,1142,1510,567,4,136192,10895,1876,1143,1545,1873,1140,1507,98,100,0,601,1898
tas1base2namd,309,107,1876,1143,1521,572,4,136185,10894,1876,1143,1550,1871,1141,1507,98,100,0,601,1910
tas1base2namd,309,108,1878,1141,1522,577,4,136180,10894,1878,1144,1568,1873,1140,1508,98,100,0,601,1915
tas1base2namd,309,109,1876,1143,1509,582,4,136174,10893,1880,1143,1562,1876,1140,1506,98,100,0,601,1898
tas1base2namd,309,110,1875,1142,1513,587,4,136169,10893,1879,1143,1553,1875,1141,1508,98,100,0,601,1898
tas1base2namd,309,111,1879,1141,1524,593,4,136166,10893,1879,1143,1551,1875,1140,1510,98,100,0,601,1910
tas1base2namd,309,112,1872,1141,1513,598,4,136157,10892,1879,1142,1544,1872,1139,1507,98,100,0,601,1895
tas1base2namd,309,113,1879,1142,1522,603,4,136167,10893,1879,1143,1553,1872,1140,1511,98,100,0,601,1910
tas1base2namd,309,114,1874,1143,1509,608,4,136148,10891,1879,1144,1546,1874,1140,1504,98,100,0,601,1895
tas1base2namd,309,115,1875,1144,1509,614,4,136155,10892,1878,1144,1563,1874,1141,1508,98,100,0,600,1895
tas1base2namd,309,116,1876,1142,1511,619,4,136139,10891,1879,1144,1552,1874,1141,1508,98,100,0,600,1898
tas1base2namd,309,117,1875,1143,1513,624,4,136146,10891,1879,1143,1552,1875,1140,1509,98,100,0,600,1898
tas1base2namd,309,118,1875,1141,1510,630,5,136130,10890,1879,1143,1552,1875,1141,1509,98,100,0,600,1898
tas1base2namd,309,119,1879,1142,1521,635,5,136128,10890,1879,1143,1553,1875,1141,1510,98,100,0,600,1910
tas1base2namd,309,120,1879,1143,1520,640,5,136124,10889,1879,1143,1543,1876,1141,1505,98,100,0,600,1913
tas1base2namd,309,121,1878,1143,1521,645,5,136119,10889,1879,1144,1553,1876,1141,1504,98,100,0,600,1910
tas1base2namd,309,122,1879,1141,1522,650,5,136116,10889,1879,1144,1541,1876,1141,1504,98,100,0,600,1913
tas1base2namd,309,123,1878,1142,1521,656,5,136112,10888,1879,1143,1544,1875,1140,1505,98,100,0,600,1913
tas1base2namd,309,124,1878,1141,1521,661,5,136108,10888,1879,1144,1543,1876,1140,1508,98,100,0,600,1910
tas1base2namd,309,125,1877,1142,1522,666,5,136104,10888,1879,1143,1541,1875,1140,1504,98,100,0,601,1910
tas1base2namd,309,126,1877,1142,1521,671,5,136099,10887,1877,1143,1544,1874,1140,1505,98,100,0,601,1910
tas1base2namd,309,127,1880,1142,1522,677,5,136098,10887,1880,1142,1559,1877,1140,1514,98,100,0,601,1910
tas1base2namd,309,128,1881,1141,1523,682,5,136096,10887,1881,1143,1552,1880,1140,1512,98,100,0,601,1910
tas1base2namd,309,129,1875,1143,1509,687,5,136092,10887,1881,1143,1550,1875,1140,1508,99,100,0,601,1893
tas1base2namd,309,130,1874,1142,1510,692,5,136087,10887,1878,1144,1551,1874,1141,1508,98,100,0,601,1898
tas1base2namd,309,131,1875,1142,1522,697,5,136082,10886,1875,1143,1523,1871,1141,1505,98,100,0,601,1910
tas1base2namd,309,132,1876,1142,1516,703,5,136078,10886,1876,1143,1561,1873,1141,1508,98,100,0,601,1910
tas1base2namd,309,133,1877,1142,1522,708,5,136074,10885,1878,1143,1552,1873,1141,1509,98,100,0,601,1915
tas1base2namd,309,134,1871,1142,1514,713,5,136076,10886,1877,1144,1523,1871,1141,1509,98,100,0,601,1898
tas1base2namd,309,135,1873,1142,1509,718,5,136063,10885,1876,1143,1544,1871,1140,1505,98,100,0,601,1901
tas1base2namd,309,136,1879,1142,1522,724,5,136061,10884,1879,1143,1554,1873,1141,1509,98,100,0,601,1907
tas1base2namd,309,137,1877,1142,1524,729,5,136067,10885,1879,1143,1553,1874,1141,1508,98,100,0,601,1915
tas1base2namd,309,138,1877,1143,1522,734,5,136053,10884,1877,1144,1557,1873,1141,1507,98,100,0,601,1913
tas1base2namd,309,139,1876,1143,1511,739,5,136050,10884,1878,1144,1547,1876,1141,1509,98,100,0,601,1895
tas1base2namd,309,140,1875,1143,1511,745,5,136046,10883,1878,1144,1544,1875,1141,1505,98,100,0,601,1901
tas1base2namd,309,141,1874,1142,1513,750,6,136042,10883,1877,1144,1541,1874,1141,1504,98,100,0,601,1898
tas1base2namd,309,142,1875,1143,1521,755,6,136038,10883,1875,1143,1551,1870,1141,1509,98,100,0,601,1910
tas1base2namd,309,143,1875,1142,1512,760,6,136034,10882,1878,1144,1541,1875,1141,1504,98,100,0,601,1895
tas1base2namd,309,144,1880,1142,1521,765,6,136033,10882,1880,1143,1561,1874,1140,1510,98,100,0,601,1910
tas1base2namd,309,145,1880,1141,1521,771,6,136032,10882,1880,1143,1546,1879,1141,1509,98,100,0,601,1913
tas1base2namd,309,146,1877,1142,1522,776,6,136037,10883,1880,1143,1552,1874,1141,1508,98,100,0,601,1910
tas1base2namd,309,147,1882,1142,1521,781,6,136028,10882,1882,1143,1554,1877,1141,1515,98,100,0,601,1913
tas1base2namd,309,148,1882,1141,1523,786,6,136028,10882,1883,1144,1552,1881,1141,1514,98,100,0,601,1910
tas1base2namd,309,149,1877,1143,1510,792,6,136033,10882,1882,1143,1543,1877,1141,1504,99,100,0,601,1895
tas1base2namd,309,150,1880,1142,1521,797,6,136023,10881,1880,1143,1557,1875,1141,1508,98,100,0,601,1913
tas1base2namd,309,151,1881,1143,1521,802,6,136031,10882,1881,1143,1552,1880,1141,1515,98,100,0,601,1910
tas1base2namd,309,152,1881,1143,1521,807,6,136022,10881,1881,1144,1549,1881,1141,1510,98,100,0,601,1910
tas1base2namd,309,153,1874,1144,1509,813,6,136016,10881,1881,1145,1539,1874,1142,1503,98,100,0,601,1895
tas1base2namd,309,154,1875,1143,1508,818,6,136013,10881,1878,1145,1551,1873,1141,1505,99,100,0,601,1893
tas1base2namd,309,155,1874,1142,1510,823,6,136010,10880,1878,1144,1551,1873,1141,1506,98,100,0,601,1895
tas1base2namd,309,156,1879,1142,1521,828,6,136018,10881,1879,1143,1555,1873,1140,1509,98,100,0,601,1910
tas1base2namd,309,157,1877,1143,1520,833,6,136006,10880,1879,1144,1540,1875,1141,1504,98,100,0,601,1910
tas1base2namd,309,158,1880,1142,1522,839,6,136005,10880,1880,1144,1552,1877,1141,1514,98,100,0,601,1910
tas1base2namd,309,159,1882,1142,1524,844,6,136014,10881,1882,1143,1553,1880,1141,1516,98,100,0,601,1913
tas1base2namd,309,160,1879,1142,1522,849,6,136003,10880,1883,1143,1544,1877,1140,1506,98,100,0,601,1913
tas1base2namd,309,161,1878,1142,1523,854,6,136009,10880,1879,1143,1546,1875,1140,1506,98,100,0,601,1910
tas1base2namd,309,162,1880,1142,1522,860,6,136000,10880,1881,1142,1556,1878,1140,1516,98,100,0,601,1910
tas1base2namd,309,163,1877,1141,1512,865,6,135998,10879,1882,1142,1552,1877,1140,1511,98,100,0,601,1898
tas1base2namd,309,164,1881,1141,1522,870,6,136005,10880,1881,1142,1555,1876,1141,1511,98,100,0,600,1910
tas1base2namd,309,165,1878,1143,1512,875,7,136004,10880,1883,1143,1553,1878,1141,1509,98,100,0,600,1898
tas1base2namd,309,166,1882,1141,1524,881,7,135996,10879,1882,1143,1553,1877,1140,1511,98,100,0,600,1913
tas1base2namd,309,167,1883,1142,1522,886,7,136005,10880,1884,1143,1557,1882,1140,1519,98,100,0,600,1913
tas1base2namd,309,168,1883,1142,1537,891,7,135998,10879,1885,1144,1555,1883,1141,1517,98,100,0,600,1913
tas1base2namd,309,169,1880,1142,1524,896,7,135996,10879,1884,1144,1537,1878,1141,1510,98,100,0,600,1915
tas1base2namd,309,170,1879,1142,1524,902,7,135994,10879,1881,1143,1544,1877,1140,1506,98,100,0,600,1913
tas1base2namd,309,171,1878,1143,1510,907,7,136001,10880,1882,1143,1554,1878,1141,1506,98,100,0,600,1904
tas1base2namd,309,172,1882,1142,1524,912,7,135993,10879,1882,1143,1526,1878,1141,1510,98,100,0,600,1913
tas1base2namd,309,173,1881,1142,1526,917,7,135992,10879,1883,1143,1554,1877,1140,1511,98,100,0,600,1918
tas1base2namd,309,174,1881,1141,1526,923,7,135990,10879,1881,1143,1570,1877,1141,1511,97,100,0,600,1921
tas1base2namd,309,175,1880,1142,1527,928,7,135989,10879,1882,1143,1554,1877,1140,1510,98,100,0,600,1915
tas1base2namd,309,176,1879,1142,1525,933,7,135987,10878,1880,1143,1553,1875,1140,1510,97,100,0,600,1918
tas1base2namd,309,177,1880,1141,1525,938,7,135985,10878,1880,1143,1553,1876,1141,1510,98,100,0,599,1913
tas1base2namd,309,178,1876,1142,1515,943,7,135982,10878,1880,1143,1546,1876,1140,1507,98,100,0,600,1904
tas1base2namd,309,179,1877,1142,1515,949,7,135981,10878,1879,1143,1543,1875,1140,1509,98,100,0,599,1901
tas1base2namd,309,180,1878,1143,1524,954,7,135978,10878,1878,1143,1551,1873,1141,1509,98,100,0,600,1915
tas1base2namd,309,181,1874,1142,1514,959,7,135975,10878,1879,1143,1544,1874,1140,1507,98,100,0,600,1901
tas1base2namd,309,182,1877,1142,1514,964,7,135973,10877,1878,1143,1544,1874,1141,1508,98,100,0,600,1901
tas1base2namd,309,183,1881,1142,1523,970,7,135974,10877,1881,1143,1553,1876,1140,1512,98,100,0,600,1913
tas1base2namd,309,184,1880,1143,1522,975,7,135979,10878,1882,1143,1554,1876,1141,1509,98,100,0,601,1913
tas1base2namd,309,185,1877,1144,1509,980,7,135970,10877,1881,1144,1542,1877,1141,1508,98,100,0,601,1898
tas1base2namd,309,186,1881,1143,1522,985,7,135970,10877,1881,1144,1552,1876,1142,1508,98,100,0,601,1913
tas1base2namd,309,187,1879,1144,1521,991,7,135968,10877,1881,1144,1554,1876,1141,1509,98,100,0,601,1913
tas1base2namd,309,188,1882,1143,1522,996,7,135969,10877,1882,1144,1549,1879,1141,1513,98,100,0,601,1913
tas1base2namd,309,189,1879,1143,1521,1001,8,135974,10877,1882,1144,1542,1877,1141,1506,98,100,0,601,1910
tas1base2namd,309,190,1878,1143,1521,1006,8,135965,10877,1880,1144,1543,1875,1141,1509,98,100,0,601,1910
tas1base2namd,309,191,1876,1142,1511,1011,8,135963,10877,1881,1144,1551,1876,1141,1508,98,100,0,601,1895
tas1base2namd,309,192,1880,1143,1523,1017,8,135969,10877,1880,1143,1552,1875,1141,1509,98,100,0,601,1913
tas1base2namd,309,193,1878,1143,1522,1022,8,135960,10876,1880,1144,1542,1875,1142,1504,98,100,0,601,1910
tas1base2namd,309,194,1877,1143,1511,1027,8,135959,10876,1880,1143,1552,1877,1141,1510,98,100,0,601,1898
tas1base2namd,309,195,1875,1143,1508,1033,8,135957,10876,1879,1144,1551,1875,1141,1508,98,100,0,601,1898
tas1base2namd,309,196,1875,1142,1511,1038,8,135962,10876,1878,1144,1552,1875,1142,1508,98,100,0,601,1895
tas1base2namd,309,197,1880,1144,1520,1043,8,135955,10876,1880,1145,1550,1875,1141,1510,98,100,0,601,1907
tas1base2namd,309,198,1878,1143,1510,1048,8,135953,10876,1882,1145,1550,1878,1142,1508,98,100,0,601,1898
tas1base2namd,309,199,1876,1144,1508,1053,8,135952,10876,1880,1145,1551,1876,1143,1506,98,100,0,601,1895
tas1base2namd,309,200,1879,1144,1521,1059,8,135958,10876,1879,1145,1549,1875,1143,1507,98,100,0,601,1910
tas1base2namd,309,201,1876,1144,1510,1064,8,135949,10875,1881,1144,1546,1876,1142,1508,98,100,0,601,1895
tas1base2namd,309,202,1880,1144,1520,1069,8,135949,10875,1880,1145,1552,1876,1142,1508,98,100,0,601,1910
tas1base2namd,309,203,1878,1144,1518,1074,8,135948,10875,1880,1145,1538,1876,1143,1507,98,100,0,601,1910
tas1base2namd,309,204,1879,1144,1521,1080,8,135946,10875,1879,1145,1550,1876,1141,1508,98,100,0,600,1913
tas1base2namd,309,205,1879,1143,1521,1085,8,135945,10875,1879,1144,1545,1876,1142,1505,98,100,0,600,1913
tas1base2namd,309,206,1875,1145,1511,1090,8,135942,10875,1880,1146,1550,1875,1142,1508,98,100,0,600,1901
tas1base2namd,309,207,1881,1143,1521,1095,8,135943,10875,1881,1145,1540,1875,1143,1503,98,100,0,600,1913
tas1base2namd,309,208,1880,1143,1521,1101,8,135948,10875,1882,1145,1545,1877,1143,1503,98,100,0,599,1913
tas1base2namd,309,209,1880,1145,1522,1106,8,135941,10875,1881,1145,1550,1877,1142,1509,98,100,0,600,1915
tas1base2namd,309,210,1878,1144,1511,1111,8,135940,10875,1883,1145,1523,1878,1143,1506,98,100,0,600,1901
tas1base2namd,309,211,1877,1143,1526,1116,8,135939,10875,1881,1145,1542,1877,1141,1503,98,100,0,600,1898
tas1base2namd,309,212,1883,1143,1522,1121,8,135946,10875,1883,1144,1551,1877,1142,1507,98,100,0,600,1918
tas1base2namd,309,213,1880,1144,1518,1127,9,135940,10875,1884,1145,1542,1880,1141,1505,98,100,0,600,1904
tas1base2namd,309,214,1878,1144,1513,1132,9,135939,10875,1882,1145,1538,1878,1142,1507,98,100,0,600,1904
tas1base2namd,309,215,1882,1144,1521,1137,9,135939,10875,1882,1145,1551,1878,1142,1511,98,100,0,600,1913
tas1base2namd,309,216,1880,1143,1522,1142,9,135938,10875,1882,1145,1553,1877,1143,1508,98,100,0,601,1918
tas1base2namd,309,217,1879,1144,1522,1148,9,135937,10874,1880,1145,1550,1876,1143,1508,98,100,0,600,1915
tas1base2namd,309,218,1880,1145,1521,1153,9,135936,10874,1881,1145,1550,1877,1143,1507,98,100,0,600,1913
tas1base2namd,309,219,1884,1144,1522,1158,9,135943,10875,1884,1145,1553,1880,1142,1515,98,100,0,600,1915
tas1base2namd,309,220,1880,1144,1511,1163,9,135936,10874,1884,1145,1538,1880,1143,1511,98,100,0,600,1904
tas1base2namd,309,221,1883,1143,1524,1169,9,135937,10875,1883,1145,1548,1879,1140,1509,98,100,0,600,1915
tas1base2namd,309,222,1881,1143,1524,1174,9,135936,10874,1883,1144,1554,1878,1141,1511,98,100,0,600,1915
tas1base2namd,309,223,1881,1145,1510,1179,9,135936,10874,1883,1145,1543,1881,1141,1506,98,100,0,600,1904
tas1base2namd,309,224,1879,1144,1510,1184,9,135936,10874,1882,1146,1551,1879,1143,1504,98,100,0,600,1901
tas1base2namd,309,225,1879,1144,1511,1190,9,135941,10875,1881,1145,1543,1878,1142,1505,98,100,0,600,1901
tas1base2namd,309,226,1881,1144,1520,1195,9,135935,10874,1882,1145,1548,1877,1142,1510,98,100,0,600,1910
tas1base2namd,309,227,1880,1144,1520,1200,9,135935,10874,1882,1146,1538,1878,1143,1502,98,100,0,600,1913
tas1base2namd,309,228,1880,1146,1519,1205,9,135940,10875,1881,1146,1551,1876,1143,1507,98,100,0,600,1915
tas1base2namd,309,229,1875,1145,1508,1211,9,135931,10874,1880,1146,1538,1875,1143,1503,98,100,0,600,1901
tas1base2namd,309,230,1877,1145,1508,1216,9,135930,10874,1879,1146,1550,1874,1143,1506,98,100,0,600,1901
tas1base2namd,309,231,1881,1145,1518,1221,9,135930,10874,1881,1146,1548,1876,1145,1507,98,100,0,600,1913
tas1base2namd,309,232,1880,1145,1517,1226,9,135929,10874,1882,1146,1535,1877,1144,1506,98,100,0,600,1913
tas1base2namd,309,233,1880,1146,1521,1231,9,135929,10874,1880,1146,1539,1877,1144,1501,98,100,0,600,1913
tas1base2namd,309,234,1876,1145,1507,1237,9,135926,10874,1880,1146,1540,1876,1144,1502,98,100,0,600,1898
tas1base2namd,309,235,1878,1144,1510,1242,9,135926,10874,1881,1146,1551,1875,1143,1507,98,100,0,600,1898
tas1base2namd,309,236,1879,1145,1510,1247,9,135926,10874,1882,1145,1552,1878,1143,1509,98,100,0,600,1904
tas1base2namd,309,237,1883,1146,1520,1253,10,135926,10874,1883,1146,1552,1878,1144,1509,98,100,0,599,1915
tas1base2namd,309,238,1881,1145,1520,1258,10,135932,10874,1883,1146,1535,1879,1144,1508,98,100,0,600,1913
tas1base2namd,309,239,1880,1145,1520,1263,10,135925,10874,1881,1146,1541,1878,1143,1503,98,100,0,600,1915
tas1base2namd,309,240,1882,1145,1520,1268,10,135925,10874,1882,1146,1576,1878,1143,1503,97,100,0,600,1921
tas1base2namd,309,241,1880,1144,1511,1274,10,135925,10874,1884,1146,1549,1880,1143,1508,98,100,0,600,1901
tas1base2namd,309,242,1878,1145,1508,1279,10,135924,10873,1882,1146,1552,1878,1143,1508,98,100,0,600,1898
tas1base2namd,309,243,1878,1146,1508,1284,10,135924,10873,1882,1146,1551,1878,1144,1508,98,100,0,600,1898
tas1base2namd,309,244,1877,1145,1508,1289,10,135923,10873,1881,1146,1545,1877,1143,1507,98,100,0,600,1898
tas1base2namd,309,245,1879,1145,1520,1294,10,135922,10873,1879,1146,1539,1875,1144,1503,98,100,0,600,1913
tas1base2namd,309,246,1880,1143,1522,1300,10,135921,10873,1880,1145,1541,1877,1143,1504,98,100,0,600,1915
tas1base2namd,309,247,1880,1146,1548,1305,10,135921,10873,1881,1146,1550,1878,1142,1508,98,100,0,600,1913
tas1base2namd,309,248,1883,1145,1520,1310,10,135922,10873,1883,1146,1548,1880,1143,1514,98,100,0,601,1913
tas1base2namd,309,249,1881,1145,1527,1315,10,135921,10873,1884,1146,1551,1879,1143,1508,98,100,0,601,1913
tas1base2namd,309,250,1880,1144,1521,1321,10,135920,10873,1882,1145,1550,1877,1143,1508,98,100,0,601,1918
tas1base2namd,309,251,1883,1144,1521,1326,10,135926,10874,1883,1146,1524,1880,1143,1515,98,100,0,601,1913
tas1base2namd,309,252,1881,1145,1521,1331,10,135920,10873,1884,1146,1551,1878,1144,1507,98,100,0,600,1913
tas1base2namd,309,253,1882,1144,1521,1336,10,135920,10873,1883,1146,1552,1879,1143,1508,98,100,0,600,1915
tas1base2namd,309,254,1881,1144,1522,1341,10,135920,10873,1882,1146,1552,1878,1143,1508,98,100,0,600,1918
tas1base2namd,309,255,1881,1145,1522,1347,10,135919,10873,1881,1146,1546,1877,1144,1506,98,100,0,600,1915
tas1base2namd,309,256,1880,1145,1519,1352,10,135919,10873,1882,1146,1549,1877,1143,1507,98,100,0,600,1915
tas1base2namd,309,257,1880,1144,1521,1357,10,135918,10873,1881,1146,1550,1877,1143,1507,98,100,0,600,1918
tas1base2namd,309,258,1881,1145,1522,1363,10,135917,10873,1882,1146,1551,1877,1144,1507,98,100,0,600,1918
tas1base2namd,309,259,1885,1145,1521,1368,10,135919,10873,1885,1146,1551,1881,1144,1515,98,100,0,600,1915
tas1base2namd,309,260,1881,1145,1519,1373,10,135923,10873,1885,1146,1551,1879,1144,1507,98,100,0,600,1915
tas1base2namd,309,261,1885,1145,1521,1378,11,135919,10873,1885,1146,1540,1881,1143,1514,98,100,0,600,1915
tas1base2namd,309,262,1881,1144,1521,1384,11,135919,10873,1885,1147,1548,1879,1144,1506,98,100,0,600,1915
tas1base2namd,309,263,1875,1146,1509,1389,11,135922,10873,1882,1147,1541,1875,1144,1503,98,100,0,599,1901
tas1base2namd,309,264,1883,1145,1522,1394,11,135917,10873,1883,1146,1551,1874,1144,1507,98,100,0,600,1918
tas1base2namd,309,265,1880,1146,1509,1399,11,135917,10873,1884,1146,1550,1880,1144,1508,98,100,0,600,1901
tas1base2namd,309,266,1879,1144,1509,1404,11,135921,10873,1882,1146,1543,1879,1143,1504,98,100,0,600,1898
tas1base2namd,309,267,1878,1145,1510,1410,11,135916,10873,1881,1146,1546,1878,1143,1508,98,100,0,600,1898
tas1base2namd,309,268,1878,1144,1509,1415,11,135915,10873,1881,1145,1550,1878,1143,1508,98,100,0,600,1901
tas1base2namd,309,269,1879,1144,1510,1420,11,135915,10873,1881,1145,1553,1878,1142,1509,98,100,0,600,1901
tas1base2namd,309,270,1880,1144,1508,1425,11,135914,10873,1880,1146,1587,1875,1143,1500,98,100,0,600,1915
tas1base2namd,309,271,1880,1144,1520,1431,11,135913,10873,1880,1146,1541,1877,1143,1505,98,100,0,600,1915
tas1base2namd,309,272,1879,1145,1509,1436,11,135913,10873,1883,1146,1551,1879,1143,1507,98,100,0,600,1898
tas1base2namd,309,273,1879,1145,1509,1441,11,135913,10873,1882,1146,1544,1878,1143,1507,98,100,0,599,1901
tas1base2namd,309,274,1879,1145,1510,1446,11,135912,10873,1882,1145,1551,1878,1143,1508,98,100,0,600,1901
tas1base2namd,309,275,1878,1144,1509,1452,11,135912,10872,1882,1145,1552,1878,1143,1508,98,100,0,600,1901
tas1base2namd,309,276,1884,1145,1520,1457,11,135913,10873,1884,1146,1550,1877,1144,1508,98,100,0,599,1915
tas1base2namd,309,277,1882,1146,1519,1462,11,135913,10873,1884,1147,1539,1880,1145,1501,98,100,0,600,1915
tas1base2namd,309,278,1885,1144,1521,1467,11,135914,10873,1885,1147,1550,1882,1144,1512,98,100,0,600,1915
tas1base2namd,309,279,1882,1146,1519,1473,11,135913,10873,1885,1146,1535,1880,1143,1509,98,100,0,600,1915
tas1base2namd,309,280,1881,1146,1521,1478,11,135913,10873,1883,1146,1545,1879,1144,1503,98,100,0,599,1915
tas1base2namd,309,281,1881,1145,1520,1483,11,135913,10873,1882,1146,1540,1879,1144,1503,98,100,0,600,1913
tas1base2namd,309,282,1881,1145,1509,1488,11,135913,10873,1884,1146,1551,1881,1144,1508,98,100,0,599,1901
tas1base2namd,309,283,1882,1145,1520,1494,11,135914,10873,1882,1147,1538,1880,1144,1508,98,100,0,599,1913
tas1base2namd,309,284,1882,1145,1520,1499,11,135913,10873,1883,1146,1551,1880,1143,1509,98,100,0,600,1913
tas1base2namd,309,285,1881,1145,1520,1504,12,135913,10873,1882,1146,1544,1879,1143,1507,98,100,0,600,1913
tas1base2namd,309,286,1879,1146,1508,1509,12,135913,10873,1883,1147,1544,1879,1144,1505,98,100,0,600,1898
tas1base2namd,309,287,1878,1145,1508,1515,12,135912,10873,1881,1146,1550,1878,1144,1506,98,100,0,599,1898
tas1base2namd,309,288,1882,1146,1517,1520,12,135917,10873,1882,1146,1548,1877,1143,1503,98,100,0,600,1918
tas1base2namd,309,289,1884,1144,1521,1525,12,135913,10873,1884,1146,1523,1882,1144,1513,98,100,0,600,1913
tas1base2namd,309,290,1885,1145,1522,1530,12,135919,10873,1885,1146,1551,1884,1143,1514,98,100,0,600,1915
tas1base2namd,309,291,1881,1144,1522,1536,12,135914,10873,1885,1146,1551,1879,1142,1508,98,100,0,600,1915
tas1base2namd,309,292,1879,1145,1525,1541,12,135913,10873,1881,1146,1551,1877,1143,1507,98,100,0,600,1913
tas1base2namd,309,293,1880,1146,1521,1546,12,135912,10873,1881,1146,1549,1877,1144,1507,98,100,0,600,1918
tas1base2namd,309,294,1880,1144,1511,1551,12,135912,10873,1883,1146,1543,1880,1143,1503,98,100,0,600,1904
tas1base2namd,309,295,1878,1144,1510,1556,12,135911,10872,1881,1146,1541,1878,1143,1503,98,100,0,600,1904
tas1base2namd,309,296,1879,1144,1512,1562,12,135911,10872,1881,1146,1534,1877,1143,1509,98,100,0,600,1901
tas1base2namd,309,297,1878,1145,1511,1567,12,135911,10872,1881,1146,1542,1878,1143,1507,98,100,0,601,1901
tas1base2namd,309,298,1879,1145,1521,1572,12,135910,10872,1879,1146,1552,1876,1144,1509,98,100,0,601,1915
tas1base2namd,309,299,1884,1143,1524,1577,12,135911,10872,1884,1145,1551,1879,1143,1515,98,100,0,601,1918
tas1base2namd,309,300,1881,1144,1511,1583,12,135911,10872,1885,1146,1541,1881,1143,1504,98,100,0,600,1904
tas1base2namd,309,301,1879,1144,1511,1588,12,135910,10872,1882,1145,1542,1879,1143,1506,98,100,0,600,1901
tas1base2namd,309,302,1879,1145,1510,1593,12,135910,10872,1882,1146,1541,1878,1143,1509,98,100,0,600,1901
tas1base2namd,309,303,1883,1145,1521,1599,12,135911,10872,1883,1146,1550,1878,1144,1507,98,100,0,600,1915
tas1base2namd,309,304,1885,1145,1519,1604,12,135911,10872,1885,1146,1551,1882,1144,1515,98,100,0,600,1915
tas1base2namd,309,305,1882,1146,1519,1609,12,135911,10872,1885,1147,1550,1879,1143,1507,98,100,0,600,1915
tas1base2namd,309,306,1876,1146,1509,1614,12,135909,10872,1882,1146,1539,1876,1144,1502,98,100,0,601,1898
tas1base2namd,309,307,1882,1146,1519,1619,12,135914,10873,1882,1147,1550,1875,1144,1507,98,100,0,601,1913
tas1base2namd,309,308,1691,1146,1363,1624,12,135891,10871,1882,1148,1555,1691,1145,1362,98,100,0,600,1714
Processed 309 lines from power meter
There were 0 errors in reading from the meter
