RunId,NumDataLines,SeqNum,Watts,Amps,WattHours,Cost,MoKWh,MoCost,MaxWatts,MaxVolts,MaxAmps,MinWatts,MinVolts,MinAmps,Factor,DutyCycle,PowerCycle
tas1base2mcf,241,0,2025,1140,1630,10,0,144962,11597,2025,1141,1661,2020,1139,1629,98,100,0,600,2066
tas1base2mcf,241,1,2033,1140,1648,16,0,145675,11654,2033,1141,1666,2025,1138,1629,98,100,0,600,2066
tas1base2mcf,241,2,2038,1141,1640,22,0,146130,11690,2040,1141,1665,2033,1138,1638,98,100,0,600,2060
tas1base2mcf,241,3,2041,1140,1647,27,0,146420,11713,2042,1141,1659,2038,1139,1640,98,100,0,600,2072
tas1base2mcf,241,4,2031,1140,1639,33,0,146441,11715,2041,1141,1655,2031,1138,1621,98,100,0,600,2060
tas1base2mcf,241,5,2031,1139,1640,39,0,146473,11717,2031,1141,1655,2029,1137,1626,98,100,0,599,2063
tas1base2mcf,241,6,2023,1138,1637,44,0,146395,11711,2031,1141,1666,2023,1138,1617,98,100,0,600,2055
tas1base2mcf,241,7,2025,1140,1637,50,0,146386,11710,2025,1140,1649,2023,1138,1634,98,100,0,600,2055
tas1base2mcf,241,8,2026,1139,1639,55,0,146384,11710,2026,1140,1641,2025,1138,1635,98,100,0,600,2058
tas1base2mcf,241,9,2027,1140,1637,61,0,146388,11711,2027,1141,1641,2026,1138,1636,98,100,0,599,2060
tas1base2mcf,241,10,2027,1138,1642,67,0,146395,11711,2027,1140,1644,2027,1137,1636,98,100,0,600,2058
tas1base2mcf,241,11,2028,1139,1641,72,0,146404,11712,2028,1140,1645,2027,1136,1638,98,100,0,600,2058
tas1base2mcf,241,12,2029,1139,1640,78,0,146416,11713,2029,1140,1643,2028,1138,1638,98,100,0,600,2058
tas1base2mcf,241,13,2028,1140,1639,84,0,146422,11713,2029,1140,1645,2028,1138,1635,98,100,0,599,2058
tas1base2mcf,241,14,2036,1139,1639,89,0,146481,11718,2038,1140,1655,2028,1138,1638,98,100,0,600,2060
tas1base2mcf,241,15,2037,1139,1642,95,0,146528,11722,2040,1140,1656,2036,1138,1637,98,100,0,599,2058
tas1base2mcf,241,16,2040,1139,1642,101,0,146582,11726,2042,1140,1656,2037,1137,1634,99,100,0,600,2058
tas1base2mcf,241,17,2033,1139,1643,106,0,146587,11726,2040,1140,1644,2033,1138,1639,98,100,0,600,2058
tas1base2mcf,241,18,2032,1140,1641,112,0,146592,11727,2033,1140,1645,2032,1137,1638,98,100,0,600,2063
tas1base2mcf,241,19,2032,1139,1640,118,0,146600,11728,2032,1140,1649,2031,1138,1639,98,100,0,599,2060
tas1base2mcf,241,20,2032,1138,1642,123,0,146672,11733,2032,1140,1645,2032,1138,1636,98,100,0,599,2060
tas1base2mcf,241,21,2031,1140,1641,129,1,146675,11734,2032,1141,1645,2031,1138,1637,98,100,0,600,2063
tas1base2mcf,241,22,2032,1139,1641,135,1,146617,11729,2032,1140,1645,2031,1138,1638,98,100,0,600,2060
tas1base2mcf,241,23,2031,1140,1640,140,1,146620,11729,2032,1140,1646,2031,1138,1638,98,100,0,600,2060
tas1base2mcf,241,24,2031,1139,1641,146,1,146680,11734,2032,1140,1645,2031,1138,1639,98,100,0,600,2060
tas1base2mcf,241,25,2030,1137,1643,152,1,146623,11729,2031,1139,1650,2030,1137,1638,98,100,0,600,2060
tas1base2mcf,241,26,2029,1139,1641,157,1,146620,11729,2030,1140,1643,2029,1137,1638,98,100,0,600,2058
tas1base2mcf,241,27,2029,1139,1641,163,1,146618,11729,2029,1140,1643,2029,1137,1639,98,100,0,600,2058
tas1base2mcf,241,28,2029,1139,1641,169,1,146616,11729,2029,1141,1643,2029,1138,1638,98,100,0,600,2058
tas1base2mcf,241,29,2026,1139,1637,174,1,146607,11728,2029,1141,1675,2025,1139,1622,98,100,0,600,2060
tas1base2mcf,241,30,2037,1140,1629,180,1,146635,11730,2037,1141,1687,2026,1138,1629,98,100,0,600,2069
tas1base2mcf,241,31,2009,1140,1612,186,1,146576,11726,2037,1142,1647,2009,1138,1593,99,100,0,600,2026
tas1base2mcf,241,32,2022,1140,1628,191,1,146566,11725,2022,1141,1677,2009,1139,1612,98,100,0,601,2055
tas1base2mcf,241,33,2021,1140,1637,197,1,146547,11723,2022,1141,1638,2020,1139,1623,98,100,0,601,2049
tas1base2mcf,241,34,2021,1140,1633,203,1,146531,11722,2022,1141,1645,2021,1139,1631,98,100,0,601,2049
tas1base2mcf,241,35,2023,1141,1635,208,1,146522,11721,2023,1141,1667,2021,1139,1630,98,100,0,601,2055
tas1base2mcf,241,36,2024,1139,1635,214,1,146553,11724,2025,1141,1644,2023,1138,1632,98,100,0,601,2055
tas1base2mcf,241,37,2031,1141,1647,219,1,146521,11721,2031,1141,1651,2024,1139,1634,98,100,0,601,2069
tas1base2mcf,241,38,2029,1140,1637,225,1,146524,11721,2033,1142,1651,2029,1139,1632,98,100,0,601,2055
tas1base2mcf,241,39,2028,1141,1638,231,1,146520,11721,2029,1141,1649,2028,1139,1634,98,100,0,601,2058
tas1base2mcf,241,40,2027,1141,1639,236,1,146554,11724,2028,1141,1643,2027,1139,1633,98,100,0,601,2058
tas1base2mcf,241,41,2029,1140,1643,242,1,146519,11721,2029,1142,1643,2027,1139,1637,98,100,0,601,2060
tas1base2mcf,241,42,2030,1140,1641,248,1,146522,11721,2030,1141,1649,2029,1138,1638,98,100,0,601,2058
tas1base2mcf,241,43,2030,1140,1642,253,2,146524,11721,2030,1141,1645,2030,1138,1636,98,100,0,601,2058
tas1base2mcf,241,44,2031,1140,1642,259,2,146527,11722,2031,1141,1645,2030,1138,1638,98,100,0,601,2058
tas1base2mcf,241,45,2031,1139,1642,265,2,146561,11724,2031,1141,1646,2030,1138,1636,98,100,0,601,2060
tas1base2mcf,241,46,2031,1140,1642,270,2,146563,11725,2031,1141,1644,2030,1138,1639,98,100,0,601,2060
tas1base2mcf,241,47,2038,1139,1654,276,2,146546,11723,2038,1140,1657,2031,1138,1639,98,100,0,601,2075
tas1base2mcf,241,48,2033,1139,1644,282,2,146550,11724,2039,1140,1654,2033,1138,1639,98,100,0,601,2060
tas1base2mcf,241,49,2032,1139,1644,287,2,146553,11724,2033,1141,1648,2032,1136,1640,98,100,0,601,2060
tas1base2mcf,241,50,2032,1140,1643,293,2,146555,11724,2032,1140,1646,2031,1137,1639,98,100,0,601,2060
tas1base2mcf,241,51,2031,1139,1641,299,2,146558,11724,2032,1140,1649,2031,1138,1637,98,100,0,601,2060
tas1base2mcf,241,52,2030,1140,1641,304,2,146559,11724,2031,1140,1644,2030,1138,1639,98,100,0,601,2060
tas1base2mcf,241,53,2031,1140,1641,310,2,146561,11724,2031,1140,1644,2030,1138,1637,98,100,0,601,2058
tas1base2mcf,241,54,2030,1140,1641,316,2,146589,11727,2031,1140,1644,2030,1138,1638,98,100,0,601,2060
tas1base2mcf,241,55,2037,1138,1654,321,2,146573,11725,2037,1140,1656,2030,1137,1640,98,100,0,600,2075
tas1base2mcf,241,56,2034,1140,1641,327,2,146577,11726,2039,1141,1656,2034,1136,1640,98,100,0,600,2060
tas1base2mcf,241,57,2032,1139,1642,333,2,146580,11726,2034,1141,1645,2032,1138,1640,98,100,0,600,2060
tas1base2mcf,241,58,2028,1139,1638,338,2,146576,11726,2032,1140,1681,2028,1138,1624,98,100,0,600,2058
tas1base2mcf,241,59,2029,1139,1617,344,2,146580,11726,2036,1140,1682,2028,1138,1614,99,100,0,600,2043
tas1base2mcf,241,60,2016,1139,1638,350,2,146555,11724,2029,1140,1682,2011,1137,1602,97,100,0,600,2063
tas1base2mcf,241,61,2025,1138,1641,355,2,146556,11724,2025,1140,1658,2016,1137,1636,98,100,0,600,2055
tas1base2mcf,241,62,2027,1139,1640,361,2,146555,11724,2027,1139,1651,2025,1137,1638,98,100,0,600,2058
tas1base2mcf,241,63,2029,1138,1643,367,2,146555,11724,2029,1140,1649,2027,1137,1639,98,100,0,600,2058
tas1base2mcf,241,64,2031,1138,1643,372,2,146557,11724,2031,1139,1647,2029,1137,1640,98,100,0,600,2063
tas1base2mcf,241,65,2033,1138,1644,378,3,146562,11724,2033,1139,1691,2031,1137,1641,98,100,0,600,2063
tas1base2mcf,241,66,2034,1139,1645,384,3,146567,11725,2034,1139,1684,2033,1137,1642,98,100,0,600,2063
tas1base2mcf,241,67,2044,1139,1654,389,3,146586,11726,2044,1139,1663,2034,1137,1644,98,100,0,599,2075
tas1base2mcf,241,68,2045,1138,1659,395,3,146603,11728,2045,1139,1662,2043,1137,1643,98,100,0,600,2080
tas1base2mcf,241,69,2036,1139,1644,401,3,146606,11728,2046,1140,1659,2036,1137,1640,98,100,0,600,2060
tas1base2mcf,241,70,2032,1138,1642,406,3,146608,11728,2036,1139,1646,2032,1137,1641,98,100,0,599,2060
tas1base2mcf,241,71,2031,1138,1642,412,3,146608,11728,2032,1140,1648,2031,1137,1640,98,100,0,600,2060
tas1base2mcf,241,72,2031,1139,1643,418,3,146609,11728,2031,1140,1649,2031,1137,1640,98,100,0,600,2060
tas1base2mcf,241,73,2027,1140,1634,423,3,146626,11730,2031,1140,1674,2027,1137,1625,98,100,0,600,2049
tas1base2mcf,241,74,2029,1139,1645,429,3,146607,11728,2031,1140,1681,2027,1137,1616,98,100,0,600,2060
tas1base2mcf,241,75,2011,1139,1618,434,3,146582,11726,2029,1140,1645,2011,1137,1602,98,100,0,600,2032
tas1base2mcf,241,76,2027,1138,1652,440,3,146584,11726,2027,1140,1680,2011,1137,1618,97,100,0,600,2069
tas1base2mcf,241,77,2030,1139,1640,446,3,146586,11726,2033,1139,1652,2027,1138,1636,98,100,0,600,2058
tas1base2mcf,241,78,2027,1139,1641,451,3,146584,11726,2030,1139,1642,2027,1136,1637,98,100,0,600,2055
tas1base2mcf,241,79,2030,1139,1644,457,3,146585,11726,2030,1139,1645,2027,1137,1637,98,100,0,600,2060
tas1base2mcf,241,80,2032,1138,1644,463,3,146587,11727,2032,1139,1647,2030,1137,1641,98,100,0,600,2063
tas1base2mcf,241,81,2033,1138,1644,468,3,146590,11727,2033,1140,1648,2032,1137,1642,98,100,0,600,2060
tas1base2mcf,241,82,2038,1137,1656,474,3,146597,11727,2038,1139,1658,2032,1136,1641,98,100,0,600,2075
tas1base2mcf,241,83,2033,1139,1642,480,3,146599,11727,2039,1139,1657,2033,1136,1641,98,100,0,600,2063
tas1base2mcf,241,84,2038,1139,1655,485,3,146605,11728,2038,1140,1661,2032,1137,1641,98,100,0,600,2077
tas1base2mcf,241,85,2033,1139,1643,491,3,146623,11729,2039,1140,1655,2033,1137,1640,98,100,0,600,2060
tas1base2mcf,241,86,2031,1138,1643,497,3,146607,11728,2033,1139,1645,2031,1137,1641,98,100,0,600,2058
tas1base2mcf,241,87,2031,1138,1642,502,4,146607,11728,2031,1139,1645,2031,1137,1640,98,100,0,600,2060
tas1base2mcf,241,88,2030,1138,1642,508,4,146607,11728,2031,1139,1644,2030,1137,1641,98,100,0,600,2058
tas1base2mcf,241,89,2030,1138,1644,514,4,146607,11728,2030,1139,1646,2030,1136,1641,98,100,0,601,2060
tas1base2mcf,241,90,2027,1138,1633,519,4,146605,11728,2030,1139,1680,2027,1137,1604,99,100,0,601,2046
tas1base2mcf,241,91,2006,1139,1626,525,4,146584,11726,2029,1140,1672,2004,1137,1580,98,100,0,600,2043
tas1base2mcf,241,92,2021,1139,1640,531,4,146581,11726,2021,1140,1680,2006,1137,1626,98,100,0,600,2058
tas1base2mcf,241,93,2028,1138,1644,536,4,146582,11726,2028,1140,1650,2021,1137,1639,98,100,0,600,2060
tas1base2mcf,241,94,2032,1138,1646,542,4,146585,11726,2032,1140,1654,2028,1137,1641,98,100,0,600,2063
tas1base2mcf,241,95,2032,1139,1640,548,4,146601,11728,2033,1140,1651,2032,1137,1638,98,100,0,599,2060
tas1base2mcf,241,96,2032,1138,1647,553,4,146588,11727,2032,1139,1654,2031,1137,1637,98,100,0,600,2066
tas1base2mcf,241,97,2024,1139,1632,559,4,146583,11726,2033,1141,1647,2024,1137,1632,98,100,0,600,2049
tas1base2mcf,241,98,2021,1139,1634,565,4,146577,11726,2024,1141,1643,2021,1139,1631,98,100,0,600,2052
tas1base2mcf,241,99,2020,1140,1629,570,4,146571,11725,2023,1140,1681,2020,1138,1624,98,100,0,600,2041
tas1base2mcf,241,100,1692,1141,1371,575,4,146457,11716,2020,1142,1685,1692,1138,1369,98,100,0,600,1714
tas1base2mcf,241,101,2016,1140,1622,580,4,146307,11704,2019,1142,1636,1691,1138,1368,98,100,0,600,2038
tas1base2mcf,241,102,2008,1140,1621,586,4,146292,11703,2016,1141,1633,2008,1139,1618,98,100,0,600,2035
tas1base2mcf,241,103,2012,1140,1634,592,4,146283,11702,2012,1141,1649,2006,1138,1619,98,100,0,600,2049
tas1base2mcf,241,104,1954,1141,1596,597,4,146259,11700,2016,1141,1637,1954,1138,1565,98,100,0,600,1978
tas1base2mcf,241,105,1990,1140,1607,603,4,146256,11700,1990,1141,1637,1954,1138,1576,97,100,0,600,2032
tas1base2mcf,241,106,1993,1139,1620,608,4,146235,11698,1993,1141,1623,1990,1138,1599,98,100,0,600,2021
tas1base2mcf,241,107,1994,1139,1609,614,4,146202,11696,1994,1140,1624,1993,1137,1602,98,100,0,600,2026
tas1base2mcf,241,108,1996,1139,1632,619,4,146184,11694,1996,1140,1637,1992,1138,1589,98,100,0,600,2032
tas1base2mcf,241,109,1999,1138,1621,625,5,146169,11693,2000,1140,1632,1996,1138,1602,98,100,0,600,2032
tas1base2mcf,241,110,2014,1138,1647,630,5,146166,11693,2014,1140,1675,1999,1137,1613,97,100,0,600,2063
tas1base2mcf,241,111,2016,1138,1633,636,5,146175,11694,2019,1140,1679,2014,1138,1617,98,100,0,600,2049
tas1base2mcf,241,112,2009,1140,1619,642,5,146152,11692,2017,1141,1634,2009,1137,1618,98,100,0,600,2035
tas1base2mcf,241,113,2010,1139,1622,647,5,146145,11691,2014,1140,1636,2008,1137,1617,98,100,0,600,2032
tas1base2mcf,241,114,2006,1139,1621,653,5,146133,11690,2010,1140,1624,2006,1138,1618,98,100,0,600,2035
tas1base2mcf,241,115,2005,1139,1621,658,5,146122,11689,2006,1140,1627,2005,1138,1619,98,100,0,600,2038
tas1base2mcf,241,116,2006,1139,1623,664,5,146111,11688,2006,1141,1625,2005,1139,1619,98,100,0,600,2035
tas1base2mcf,241,117,2006,1139,1622,670,5,146101,11688,2007,1141,1626,2006,1138,1620,98,100,0,600,2035
tas1base2mcf,241,118,2006,1140,1623,675,5,146092,11687,2007,1140,1626,2006,1138,1620,98,100,0,600,2038
tas1base2mcf,241,119,2007,1139,1624,681,5,146083,11686,2007,1141,1625,2006,1139,1621,98,100,0,600,2038
tas1base2mcf,241,120,2007,1139,1623,686,5,146086,11686,2007,1141,1624,2007,1139,1620,98,100,0,601,2035
tas1base2mcf,241,121,2008,1139,1624,692,5,146065,11685,2008,1140,1630,2007,1138,1621,98,100,0,601,2038
tas1base2mcf,241,122,2007,1139,1624,698,5,146056,11684,2008,1141,1641,2007,1138,1619,98,100,0,601,2035
tas1base2mcf,241,123,2006,1139,1625,703,5,146046,11683,2007,1140,1627,2006,1138,1620,98,100,0,601,2038
tas1base2mcf,241,124,2007,1139,1623,709,5,146050,11684,2007,1141,1634,2006,1138,1621,98,100,0,601,2035
tas1base2mcf,241,125,2008,1140,1623,714,5,146030,11682,2008,1141,1632,2007,1138,1620,98,100,0,601,2038
tas1base2mcf,241,126,2008,1139,1622,720,5,146022,11681,2008,1141,1630,2007,1138,1620,98,100,0,601,2038
tas1base2mcf,241,127,2008,1138,1625,726,5,146014,11681,2008,1140,1638,2008,1136,1622,98,100,0,601,2038
tas1base2mcf,241,128,2008,1139,1626,731,5,146018,11681,2008,1140,1637,2008,1137,1622,98,100,0,601,2038
tas1base2mcf,241,129,2007,1138,1626,737,5,145999,11679,2008,1140,1631,2007,1138,1621,98,100,0,601,2035
tas1base2mcf,241,130,2006,1140,1623,743,5,145990,11679,2007,1141,1627,2006,1137,1618,98,100,0,601,2035
tas1base2mcf,241,131,2005,1140,1624,748,5,145982,11678,2006,1141,1647,2005,1138,1619,98,100,0,601,2035
tas1base2mcf,241,132,2006,1141,1620,754,6,145974,11677,2006,1141,1626,2005,1139,1618,98,100,0,601,2035
tas1base2mcf,241,133,2005,1140,1622,759,6,145966,11677,2006,1141,1632,2005,1139,1618,98,100,0,601,2032
tas1base2mcf,241,134,2004,1140,1620,765,6,145957,11676,2007,1141,1635,2004,1138,1617,98,100,0,601,2032
tas1base2mcf,241,135,2003,1140,1618,770,6,145948,11675,2004,1141,1632,2003,1138,1616,98,100,0,601,2032
tas1base2mcf,241,136,2003,1139,1622,776,6,145938,11675,2003,1141,1627,2002,1137,1616,98,100,0,601,2035
tas1base2mcf,241,137,2008,1140,1617,782,6,145934,11674,2011,1141,1636,2003,1138,1617,98,100,0,600,2032
tas1base2mcf,241,138,2003,1138,1619,787,6,145934,11674,2008,1141,1622,2003,1138,1616,98,100,0,600,2029
tas1base2mcf,241,139,2002,1139,1618,793,6,145914,11673,2003,1141,1620,2001,1138,1616,98,100,0,600,2029
tas1base2mcf,241,140,2001,1141,1617,798,6,145904,11672,2002,1141,1620,2001,1139,1615,98,100,0,599,2029
tas1base2mcf,241,141,2001,1140,1616,804,6,145894,11671,2001,1142,1619,2001,1139,1615,98,100,0,600,2029
tas1base2mcf,241,142,2001,1139,1620,809,6,145885,11670,2001,1142,1620,2001,1138,1615,98,100,0,600,2029
tas1base2mcf,241,143,2034,1140,1666,815,6,145897,11671,2034,1141,1676,2001,1138,1620,96,100,0,599,2097
tas1base2mcf,241,144,1973,1141,1585,821,6,145888,11671,2038,1142,1674,1973,1138,1568,99,100,0,600,1975
tas1base2mcf,241,145,1963,1140,1571,826,6,145849,11667,1973,1142,1613,1963,1139,1568,99,100,0,600,1972
tas1base2mcf,241,146,1957,1140,1592,832,6,145828,11666,1963,1142,1603,1957,1138,1567,98,100,0,600,1984
tas1base2mcf,241,147,1966,1140,1634,837,6,145794,11663,1966,1141,1657,1957,1138,1573,97,100,0,600,2018
tas1base2mcf,241,148,2004,1139,1615,843,6,145785,11662,2021,1141,1665,1966,1138,1609,98,100,0,600,2026
tas1base2mcf,241,149,2000,1140,1616,848,6,145785,11662,2004,1141,1619,2000,1138,1613,98,100,0,600,2026
tas1base2mcf,241,150,1999,1140,1618,854,6,145767,11661,2000,1141,1620,1999,1139,1612,98,100,0,600,2029
tas1base2mcf,241,151,2001,1138,1623,859,6,145759,11660,2001,1140,1623,1999,1137,1614,98,100,0,600,2032
tas1base2mcf,241,152,2002,1140,1617,865,6,145761,11660,2002,1141,1636,2001,1136,1616,98,100,0,600,2029
tas1base2mcf,241,153,2007,1140,1618,870,6,145748,11659,2009,1141,1634,2001,1139,1615,98,100,0,599,2029
tas1base2mcf,241,154,2003,1140,1619,876,7,145741,11659,2007,1141,1622,2003,1138,1615,98,100,0,600,2032
tas1base2mcf,241,155,2004,1140,1621,882,7,145734,11658,2004,1141,1629,2003,1138,1616,98,100,0,599,2032
tas1base2mcf,241,156,2010,1140,1618,887,7,145742,11659,2012,1140,1640,2004,1138,1617,98,100,0,600,2035
tas1base2mcf,241,157,2005,1140,1619,893,7,145727,11658,2010,1141,1622,2005,1138,1615,98,100,0,600,2032
tas1base2mcf,241,158,2005,1140,1622,898,7,145730,11658,2005,1141,1632,2005,1139,1617,98,100,0,600,2038
tas1base2mcf,241,159,2006,1140,1622,904,7,145716,11657,2006,1141,1630,2005,1138,1619,98,100,0,600,2035
tas1base2mcf,241,160,2006,1140,1622,910,7,145711,11656,2007,1141,1626,2006,1137,1618,98,100,0,600,2035
tas1base2mcf,241,161,2007,1140,1621,915,7,145707,11656,2007,1141,1630,2006,1138,1618,98,100,0,600,2038
tas1base2mcf,241,162,2006,1139,1622,921,7,145702,11656,2007,1141,1626,2006,1138,1620,98,100,0,600,2035
tas1base2mcf,241,163,2006,1140,1620,926,7,145697,11655,2006,1142,1624,2006,1138,1618,98,100,0,600,2035
tas1base2mcf,241,164,2006,1141,1621,932,7,145692,11655,2006,1142,1625,2005,1138,1617,98,100,0,600,2035
tas1base2mcf,241,165,2005,1140,1620,937,7,145696,11655,2006,1141,1625,2005,1137,1619,98,100,0,599,2032
tas1base2mcf,241,166,2005,1141,1621,943,7,145682,11654,2006,1141,1624,2005,1138,1617,98,100,0,600,2035
tas1base2mcf,241,167,2011,1139,1633,949,7,145679,11654,2011,1142,1635,2005,1138,1619,98,100,0,600,2052
tas1base2mcf,241,168,2011,1139,1619,954,7,145678,11654,2015,1141,1634,2011,1138,1618,98,100,0,600,2032
tas1base2mcf,241,169,2012,1138,1635,960,7,145675,11654,2012,1140,1637,2008,1137,1619,98,100,0,600,2049
tas1base2mcf,241,170,2016,1138,1631,966,7,145676,11654,2016,1140,1636,2012,1137,1629,98,100,0,600,2043
tas1base2mcf,241,171,2014,1140,1632,971,7,145682,11654,2016,1141,1635,2011,1137,1618,98,100,0,600,2052
tas1base2mcf,241,172,2011,1141,1619,977,7,145672,11653,2016,1142,1634,2011,1139,1616,98,100,0,600,2035
tas1base2mcf,241,173,2006,1141,1616,983,7,145667,11653,2011,1143,1623,2006,1139,1614,98,100,0,600,2032
tas1base2mcf,241,174,2003,1141,1617,988,7,145660,11652,2006,1142,1622,2003,1139,1614,98,100,0,600,2032
tas1base2mcf,241,175,2002,1142,1617,994,7,145654,11652,2003,1142,1621,2002,1139,1614,98,100,0,600,2029
tas1base2mcf,241,176,2001,1141,1616,999,7,145648,11651,2002,1142,1619,2001,1140,1613,98,100,0,600,2032
tas1base2mcf,241,177,2009,1141,1618,1005,8,145646,11651,2009,1142,1631,2000,1139,1614,98,100,0,600,2043
tas1base2mcf,241,178,2002,1142,1615,1010,8,145639,11651,2009,1142,1618,2002,1140,1614,98,100,0,600,2029
tas1base2mcf,241,179,2000,1140,1618,1016,8,145641,11651,2002,1142,1618,2000,1139,1613,98,100,0,600,2029
tas1base2mcf,241,180,2000,1140,1618,1022,8,145626,11650,2001,1141,1619,2000,1138,1615,98,100,0,600,2029
tas1base2mcf,241,181,2000,1141,1615,1027,8,145620,11649,2000,1142,1619,2000,1138,1614,98,100,0,600,2029
tas1base2mcf,241,182,2006,1141,1665,1033,8,145616,11649,2006,1142,1665,1999,1140,1614,98,100,0,600,2043
tas1base2mcf,241,183,2031,1140,1655,1038,8,145633,11650,2031,1142,1677,2006,1139,1611,97,100,0,600,2083
tas1base2mcf,241,184,1973,1140,1604,1044,8,145612,11648,2035,1142,1666,1972,1139,1565,98,100,0,599,1995
tas1base2mcf,241,185,1960,1140,1572,1049,8,145589,11647,1973,1142,1604,1960,1138,1570,99,100,0,600,1978
tas1base2mcf,241,186,2018,1139,1621,1055,8,145578,11646,2028,1141,1673,1957,1137,1571,99,100,0,600,2032
tas1base2mcf,241,187,2007,1138,1621,1060,8,145573,11645,2018,1141,1635,2007,1136,1615,98,100,0,600,2032
tas1base2mcf,241,188,2005,1137,1622,1066,8,145569,11645,2007,1140,1632,2005,1137,1619,98,100,0,600,2035
tas1base2mcf,241,189,2005,1140,1622,1072,8,145565,11645,2005,1141,1634,2004,1136,1617,98,100,0,600,2035
tas1base2mcf,241,190,2005,1141,1620,1077,8,145561,11644,2005,1142,1623,2004,1138,1618,98,100,0,600,2035
tas1base2mcf,241,191,2006,1141,1620,1083,8,145558,11644,2006,1142,1623,2005,1140,1617,98,100,0,600,2035
tas1base2mcf,241,192,2007,1140,1624,1088,8,145555,11644,2007,1141,1625,2006,1139,1619,98,100,0,600,2038
tas1base2mcf,241,193,2017,1140,1623,1094,8,145557,11644,2017,1141,1638,2007,1139,1622,98,100,0,600,2049
tas1base2mcf,241,194,2016,1140,1631,1100,8,145556,11644,2017,1141,1638,2012,1139,1620,98,100,0,600,2049
tas1base2mcf,241,195,2020,1140,1624,1105,8,145559,11644,2020,1141,1640,2016,1138,1621,98,100,0,600,2046
tas1base2mcf,241,196,2020,1142,1631,1111,8,145560,11644,2020,1142,1636,2018,1139,1621,98,100,0,600,2049
tas1base2mcf,241,197,2020,1141,1628,1116,8,145570,11645,2021,1142,1651,2020,1140,1628,98,100,0,600,2049
tas1base2mcf,241,198,2012,1141,1620,1122,8,145560,11644,2020,1142,1633,2012,1139,1617,98,100,0,600,2035
tas1base2mcf,241,199,2006,1141,1619,1128,9,145557,11644,2012,1143,1628,2006,1140,1615,98,100,0,600,2035
tas1base2mcf,241,200,2004,1142,1616,1133,9,145552,11644,2006,1143,1625,2003,1140,1614,98,100,0,600,2035
tas1base2mcf,241,201,2008,1142,1618,1139,9,145550,11644,2010,1143,1632,2004,1140,1615,98,100,0,600,2035
tas1base2mcf,241,202,2004,1140,1619,1144,9,145546,11643,2008,1143,1621,2004,1139,1616,98,100,0,600,2032
tas1base2mcf,241,203,2011,1141,1620,1150,9,145544,11643,2011,1143,1664,2003,1139,1615,97,100,0,600,2063
tas1base2mcf,241,204,1980,1141,1583,1156,9,145551,11644,2036,1142,1672,1980,1140,1573,97,100,0,600,2021
tas1base2mcf,241,205,1966,1142,1584,1161,9,145539,11643,1980,1142,1604,1966,1140,1561,98,100,0,600,1992
tas1base2mcf,241,206,1965,1142,1589,1167,9,145522,11641,1966,1142,1605,1961,1140,1564,98,100,0,599,2001
tas1base2mcf,241,207,2017,1141,1613,1172,9,145505,11640,2026,1142,1669,1964,1140,1572,99,100,0,600,2026
tas1base2mcf,241,208,2012,1142,1619,1178,9,145504,11640,2017,1142,1631,2012,1139,1613,98,100,0,600,2035
tas1base2mcf,241,209,2016,1142,1629,1183,9,145505,11640,2016,1142,1632,2011,1140,1615,98,100,0,600,2046
tas1base2mcf,241,210,2008,1143,1617,1189,9,145502,11640,2016,1143,1630,2008,1141,1613,98,100,0,600,2032
tas1base2mcf,241,211,2007,1143,1618,1195,9,145499,11639,2008,1143,1622,2006,1140,1615,98,100,0,600,2038
tas1base2mcf,241,212,2008,1140,1623,1200,9,145497,11639,2008,1143,1639,2007,1140,1618,98,100,0,599,2038
tas1base2mcf,241,213,2007,1140,1620,1206,9,145501,11640,2008,1142,1625,2007,1139,1619,98,100,0,600,2035
tas1base2mcf,241,214,2012,1140,1632,1211,9,145493,11639,2012,1141,1636,2006,1138,1617,98,100,0,600,2049
tas1base2mcf,241,215,2016,1140,1628,1217,9,145494,11639,2016,1141,1639,2012,1138,1627,98,100,0,600,2043
tas1base2mcf,241,216,2007,1139,1620,1223,9,145491,11639,2016,1141,1630,2007,1139,1617,98,100,0,601,2029
tas1base2mcf,241,217,2012,1139,1629,1228,9,145491,11639,2012,1141,1645,2007,1138,1618,98,100,0,601,2041
tas1base2mcf,241,218,2006,1138,1622,1234,9,145488,11639,2013,1141,1632,2006,1137,1618,98,100,0,601,2029
tas1base2mcf,241,219,2003,1139,1619,1239,9,145484,11638,2006,1140,1626,2003,1137,1618,98,100,0,601,2029
tas1base2mcf,241,220,2002,1140,1618,1245,9,145480,11638,2003,1142,1621,2002,1138,1616,98,100,0,601,2029
tas1base2mcf,241,221,2001,1139,1619,1251,10,145476,11638,2002,1141,1621,2001,1138,1617,98,100,0,601,2032
tas1base2mcf,241,222,2002,1138,1620,1256,10,145472,11637,2002,1140,1621,2001,1138,1618,98,100,0,601,2029
tas1base2mcf,241,223,2001,1140,1619,1262,10,145468,11637,2002,1140,1621,2001,1138,1618,98,100,0,601,2029
tas1base2mcf,241,224,2002,1139,1619,1267,10,145464,11637,2002,1141,1623,2001,1138,1617,98,100,0,601,2032
tas1base2mcf,241,225,2001,1139,1618,1273,10,145460,11636,2002,1140,1624,2001,1138,1618,98,100,0,601,2029
tas1base2mcf,241,226,2001,1139,1619,1278,10,145456,11636,2001,1140,1621,2001,1137,1618,98,100,0,601,2032
tas1base2mcf,241,227,2049,1138,1658,1284,10,145463,11637,2063,1140,1689,2001,1137,1596,98,100,0,601,2083
tas1base2mcf,241,228,1954,1139,1568,1290,10,145455,11636,2049,1141,1673,1954,1138,1557,99,100,0,601,1964
tas1base2mcf,241,229,2010,1140,1620,1295,10,145444,11635,2024,1142,1672,1951,1138,1566,98,100,0,601,2032
tas1base2mcf,241,230,2005,1141,1619,1301,10,145441,11635,2010,1142,1623,2005,1138,1618,98,100,0,601,2035
tas1base2mcf,241,231,2006,1140,1623,1306,10,145439,11635,2006,1142,1628,2005,1139,1617,98,100,0,601,2038
tas1base2mcf,241,232,2008,1139,1625,1312,10,145438,11635,2008,1141,1627,2006,1138,1620,98,100,0,601,2038
tas1base2mcf,241,233,2006,1140,1622,1318,10,145435,11634,2008,1141,1626,2006,1138,1619,98,100,0,601,2032
tas1base2mcf,241,234,2005,1140,1620,1323,10,145433,11634,2006,1141,1625,2005,1138,1618,98,100,0,601,2032
tas1base2mcf,241,235,2009,1138,1632,1329,10,145437,11635,2009,1140,1635,2004,1138,1619,98,100,0,600,2046
tas1base2mcf,241,236,2015,1139,1629,1334,10,145438,11635,2015,1141,1635,2009,1138,1628,98,100,0,600,2046
tas1base2mcf,241,237,2006,1141,1620,1340,10,145429,11634,2015,1141,1629,2006,1139,1617,98,100,0,601,2032
tas1base2mcf,241,238,2004,1141,1619,1345,10,145426,11634,2006,1142,1620,2004,1140,1617,98,100,0,600,2032
tas1base2mcf,241,239,2008,1141,1590,1351,10,145431,11634,2015,1142,1674,2004,1139,1589,100,100,0,600,2008
tas1base2mcf,241,240,1707,1142,1368,1356,10,145363,11629,2008,1144,1670,1707,1140,1367,99,100,0,600,1714
Processed 241 lines from power meter
There were 0 errors in reading from the meter
