RunId,NumDataLines,SeqNum,Watts,Amps,WattHours,Cost,MoKWh,MoCost,MaxWatts,MaxVolts,MaxAmps,MinWatts,MinVolts,MinAmps,Factor,DutyCycle,PowerCycle
tas1base2libquantum,597,0,2018,1137,1639,10,0,140887,11270,2018,1138,1681,2011,1135,1629,98,100,0,601,2058
tas1base2libquantum,597,1,2020,1138,1650,16,0,142142,11371,2021,1138,1683,2018,1135,1630,98,100,0,600,2052
tas1base2libquantum,597,2,2024,1136,1634,21,0,143180,11454,2024,1138,1696,2020,1135,1631,98,100,0,600,2058
tas1base2libquantum,597,3,2026,1138,1641,27,0,143818,11505,2026,1138,1688,2023,1135,1633,98,100,0,600,2060
tas1base2libquantum,597,4,2028,1138,1640,32,0,144543,11563,2032,1138,1697,2026,1136,1632,98,100,0,600,2055
tas1base2libquantum,597,5,2027,1138,1639,38,0,144809,11584,2028,1138,1686,2026,1136,1633,98,100,0,600,2063
tas1base2libquantum,597,6,2027,1138,1684,44,0,144837,11587,2028,1138,1694,2027,1136,1634,98,100,0,600,2055
tas1base2libquantum,597,7,2027,1138,1644,49,0,145015,11601,2028,1139,1687,2027,1136,1633,98,100,0,600,2055
tas1base2libquantum,597,8,2028,1138,1638,55,0,145166,11613,2028,1140,1688,2027,1136,1634,98,100,0,600,2058
tas1base2libquantum,597,9,2030,1139,1642,61,0,145302,11624,2030,1140,1687,2028,1138,1635,98,100,0,600,2060
tas1base2libquantum,597,10,2031,1138,1643,66,0,145417,11633,2031,1139,1689,2029,1136,1635,98,100,0,600,2066
tas1base2libquantum,597,11,2032,1138,1644,72,0,145521,11641,2032,1139,1691,2030,1136,1638,98,100,0,600,2066
tas1base2libquantum,597,12,2033,1138,1640,78,0,145615,11649,2033,1139,1688,2031,1136,1636,98,100,0,600,2069
tas1base2libquantum,597,13,2033,1139,1649,83,0,145797,11663,2033,1139,1692,2032,1136,1637,98,100,0,600,2066
tas1base2libquantum,597,14,2033,1137,1647,89,0,145772,11661,2034,1139,1693,2033,1135,1638,98,100,0,600,2063
tas1base2libquantum,597,15,2034,1138,1640,95,0,145842,11667,2034,1139,1690,2033,1136,1636,98,100,0,600,2069
tas1base2libquantum,597,16,2034,1137,1691,100,0,145908,11672,2035,1139,1692,2034,1136,1638,98,100,0,599,2060
tas1base2libquantum,597,17,2043,1137,1652,106,0,146010,11680,2045,1138,1704,2034,1136,1641,98,100,0,600,2066
tas1base2libquantum,597,18,2037,1138,1649,112,0,146060,11684,2043,1138,1690,2037,1136,1638,98,100,0,599,2058
tas1base2libquantum,597,19,2037,1137,1645,117,0,146104,11688,2038,1139,1694,2035,1136,1639,98,100,0,600,2069
tas1base2libquantum,597,20,2035,1137,1647,123,0,146142,11691,2037,1138,1692,2035,1136,1639,98,100,0,600,2069
tas1base2libquantum,597,21,2035,1137,1642,129,1,146176,11694,2036,1139,1692,2033,1136,1640,98,100,0,600,2069
tas1base2libquantum,597,22,2035,1137,1645,134,1,146273,11701,2036,1138,1695,2034,1135,1640,98,100,0,600,2072
tas1base2libquantum,597,23,2036,1137,1644,140,1,146245,11699,2036,1138,1696,2035,1136,1640,98,100,0,599,2066
tas1base2libquantum,597,24,2036,1139,1646,146,1,146278,11702,2036,1139,1691,2035,1136,1640,98,100,0,600,2072
tas1base2libquantum,597,25,2037,1137,1643,152,1,146309,11704,2038,1139,1695,2036,1136,1641,98,100,0,599,2066
tas1base2libquantum,597,26,2039,1136,1655,157,1,146347,11707,2039,1138,1699,2036,1136,1642,98,100,0,600,2080
tas1base2libquantum,597,27,2050,1137,1702,163,1,146420,11713,2051,1138,1712,2039,1136,1652,98,100,0,600,2080
tas1base2libquantum,597,28,2046,1137,1664,169,1,146512,11720,2051,1139,1704,2045,1136,1643,98,100,0,601,2075
tas1base2libquantum,597,29,2044,1138,1646,174,1,146546,11723,2047,1138,1704,2044,1136,1644,99,100,0,600,2063
tas1base2libquantum,597,30,2047,1138,1660,180,1,146543,11723,2047,1138,1706,2044,1136,1645,98,100,0,600,2083
tas1base2libquantum,597,31,2047,1137,1645,186,1,146581,11726,2048,1138,1710,2045,1136,1644,98,100,0,600,2080
tas1base2libquantum,597,32,2046,1137,1653,191,1,146611,11728,2047,1138,1708,2043,1133,1644,97,100,0,600,2092
tas1base2libquantum,597,33,2047,1137,1646,197,1,146648,11731,2048,1138,1705,2045,1136,1646,98,100,0,600,2075
tas1base2libquantum,597,34,2046,1138,1668,203,1,146683,11734,2049,1139,1706,2045,1136,1643,98,100,0,600,2083
tas1base2libquantum,597,35,2049,1138,1645,209,1,146719,11737,2049,1139,1709,2046,1136,1644,97,100,0,600,2092
tas1base2libquantum,597,36,2046,1137,1650,214,1,146783,11742,2049,1139,1709,2045,1136,1642,98,100,0,600,2072
tas1base2libquantum,597,37,2053,1137,1691,220,1,146788,11743,2053,1138,1719,2045,1136,1645,97,100,0,600,2095
tas1base2libquantum,597,38,2056,1138,1652,226,1,146835,11746,2060,1138,1717,2053,1136,1646,99,100,0,601,2066
tas1base2libquantum,597,39,2055,1139,1665,231,1,146868,11749,2056,1139,1718,2050,1136,1643,98,100,0,601,2095
tas1base2libquantum,597,40,2049,1138,1649,237,1,146925,11754,2055,1139,1703,2049,1137,1645,98,100,0,601,2080
tas1base2libquantum,597,41,2053,1138,1662,243,1,146923,11753,2053,1139,1707,2046,1136,1644,98,100,0,601,2092
tas1base2libquantum,597,42,2052,1138,1658,248,1,146953,11756,2056,1139,1715,2052,1137,1646,98,100,0,601,2080
tas1base2libquantum,597,43,2046,1138,1645,254,2,146968,11757,2052,1140,1708,2046,1137,1642,98,100,0,600,2072
tas1base2libquantum,597,44,2053,1139,1665,260,2,146998,11759,2053,1140,1715,2046,1136,1644,97,100,0,600,2095
tas1base2libquantum,597,45,2048,1140,1652,266,2,147017,11761,2054,1140,1710,2048,1137,1643,98,100,0,600,2077
tas1base2libquantum,597,46,2045,1139,1692,271,2,147031,11762,2048,1140,1701,2045,1137,1643,98,100,0,600,2080
tas1base2libquantum,597,47,2046,1138,1661,277,2,147047,11763,2046,1140,1700,2045,1137,1644,98,100,0,601,2075
tas1base2libquantum,597,48,2044,1139,1654,283,2,147058,11764,2046,1139,1703,2044,1136,1644,98,100,0,600,2066
tas1base2libquantum,597,49,2048,1139,1674,288,2,147076,11766,2048,1139,1704,2044,1138,1642,97,100,0,601,2092
tas1base2libquantum,597,50,2046,1140,1647,294,2,147087,11766,2048,1140,1702,2045,1137,1642,98,100,0,601,2072
tas1base2libquantum,597,51,2046,1139,1650,300,2,147099,11767,2047,1140,1713,2044,1138,1642,98,100,0,601,2077
tas1base2libquantum,597,52,2046,1139,1646,305,2,147110,11768,2046,1140,1705,2044,1137,1642,98,100,0,601,2080
tas1base2libquantum,597,53,2043,1139,1655,311,2,147118,11769,2046,1140,1703,2043,1137,1644,98,100,0,601,2075
tas1base2libquantum,597,54,2045,1139,1652,317,2,147129,11770,2045,1140,1703,2043,1138,1645,98,100,0,601,2083
tas1base2libquantum,597,55,2043,1139,1647,323,2,147137,11770,2046,1140,1700,2043,1138,1643,98,100,0,601,2075
tas1base2libquantum,597,56,2044,1138,1678,328,2,147148,11771,2045,1139,1705,2043,1137,1645,98,100,0,601,2077
tas1base2libquantum,597,57,2051,1138,1680,334,2,147190,11775,2051,1140,1717,2044,1137,1644,98,100,0,601,2080
tas1base2libquantum,597,58,2048,1138,1653,340,2,147179,11774,2052,1140,1711,2048,1137,1645,98,100,0,601,2077
tas1base2libquantum,597,59,2053,1139,1648,345,2,147223,11777,2054,1139,1715,2048,1137,1646,99,100,0,601,2072
tas1base2libquantum,597,60,2046,1138,1657,351,2,147207,11776,2053,1140,1703,2046,1137,1642,98,100,0,601,2072
tas1base2libquantum,597,61,2052,1138,1656,357,2,147228,11778,2054,1140,1722,2046,1136,1645,98,100,0,601,2083
tas1base2libquantum,597,62,2047,1139,1648,363,2,147236,11778,2052,1139,1708,2047,1137,1645,98,100,0,601,2072
tas1base2libquantum,597,63,2047,1139,1648,368,2,147245,11779,2049,1140,1712,2046,1136,1644,98,100,0,601,2083
tas1base2libquantum,597,64,2051,1139,1646,374,2,147262,11781,2053,1140,1714,2047,1137,1646,98,100,0,601,2077
tas1base2libquantum,597,65,2046,1138,1656,380,3,147290,11783,2051,1140,1700,2046,1137,1643,98,100,0,601,2077
tas1base2libquantum,597,66,2054,1138,1689,385,3,147289,11783,2056,1139,1714,2046,1137,1645,98,100,0,601,2080
tas1base2libquantum,597,67,2046,1138,1658,391,3,147293,11783,2054,1139,1700,2046,1137,1645,99,100,0,601,2066
tas1base2libquantum,597,68,2045,1139,1648,397,3,147299,11783,2047,1140,1702,2044,1137,1642,98,100,0,601,2077
tas1base2libquantum,597,69,2046,1139,1649,403,3,147305,11784,2046,1140,1704,2045,1137,1644,98,100,0,601,2075
tas1base2libquantum,597,70,2045,1140,1656,408,3,147311,11784,2047,1140,1701,2044,1137,1644,98,100,0,601,2075
tas1base2libquantum,597,71,2046,1139,1653,414,3,147338,11787,2047,1140,1701,2045,1137,1644,98,100,0,601,2080
tas1base2libquantum,597,72,2050,1139,1647,420,3,147330,11786,2053,1140,1715,2046,1138,1644,98,100,0,601,2075
tas1base2libquantum,597,73,2053,1139,1659,425,3,147346,11787,2056,1141,1716,2049,1138,1644,98,100,0,600,2083
tas1base2libquantum,597,74,2049,1139,1647,431,3,147353,11788,2053,1141,1701,2049,1138,1643,98,100,0,600,2080
tas1base2libquantum,597,75,2046,1140,1655,437,3,147358,11788,2049,1141,1703,2046,1138,1642,98,100,0,600,2080
tas1base2libquantum,597,76,2047,1140,1647,443,3,147364,11789,2048,1141,1701,2045,1138,1643,98,100,0,600,2077
tas1base2libquantum,597,77,2046,1138,1660,448,3,147369,11789,2048,1140,1709,2045,1135,1644,98,100,0,600,2077
tas1base2libquantum,597,78,2048,1137,1649,454,3,147395,11791,2049,1139,1704,2046,1136,1645,97,100,0,600,2092
tas1base2libquantum,597,79,2045,1138,1695,460,3,147382,11790,2048,1139,1701,2045,1136,1645,98,100,0,600,2069
tas1base2libquantum,597,80,2045,1138,1673,465,3,147386,11790,2046,1139,1700,2044,1137,1645,98,100,0,600,2072
tas1base2libquantum,597,81,2047,1139,1651,471,3,147392,11791,2048,1139,1704,2045,1137,1645,98,100,0,600,2069
tas1base2libquantum,597,82,2048,1139,1653,477,3,147400,11792,2050,1139,1704,2047,1137,1647,98,100,0,600,2086
tas1base2libquantum,597,83,2049,1139,1648,483,3,147424,11793,2049,1139,1705,2047,1136,1647,98,100,0,600,2083
tas1base2libquantum,597,84,2048,1137,1665,488,3,147412,11793,2049,1139,1708,2047,1137,1646,98,100,0,599,2080
tas1base2libquantum,597,85,2050,1139,1650,494,3,147420,11793,2051,1140,1706,2048,1137,1647,98,100,0,600,2086
tas1base2libquantum,597,86,2048,1139,1654,500,4,147425,11794,2050,1140,1705,2048,1137,1645,98,100,0,600,2077
tas1base2libquantum,597,87,2049,1139,1663,505,4,147449,11795,2050,1140,1705,2047,1137,1646,98,100,0,599,2086
tas1base2libquantum,597,88,2054,1138,1673,511,4,147445,11795,2056,1140,1714,2049,1137,1647,99,100,0,600,2072
tas1base2libquantum,597,89,2049,1140,1670,517,4,147451,11796,2054,1140,1702,2049,1137,1645,98,100,0,600,2077
tas1base2libquantum,597,90,2049,1138,1659,522,4,147456,11796,2050,1140,1707,2048,1137,1646,98,100,0,600,2077
tas1base2libquantum,597,91,2047,1139,1652,528,4,147476,11798,2049,1140,1702,2047,1137,1645,98,100,0,600,2072
tas1base2libquantum,597,92,2048,1139,1646,534,4,147465,11797,2049,1140,1703,2047,1137,1644,98,100,0,600,2083
tas1base2libquantum,597,93,2046,1139,1650,539,4,147468,11797,2048,1140,1704,2046,1137,1642,98,100,0,601,2077
tas1base2libquantum,597,94,2047,1139,1653,545,4,147473,11797,2048,1140,1702,2046,1136,1642,98,100,0,601,2086
tas1base2libquantum,597,95,2049,1139,1650,551,4,147478,11798,2049,1140,1705,2046,1138,1641,98,100,0,601,2083
tas1base2libquantum,597,96,2046,1138,1657,557,4,147482,11798,2049,1140,1704,2046,1137,1646,98,100,0,601,2077
tas1base2libquantum,597,97,2058,1138,1670,562,4,147496,11799,2058,1140,1714,2046,1137,1656,98,100,0,601,2097
tas1base2libquantum,597,98,2052,1139,1650,568,4,147504,11800,2059,1140,1713,2052,1137,1644,99,100,0,601,2072
tas1base2libquantum,597,99,2048,1139,1673,574,4,147508,11800,2052,1140,1703,2048,1138,1643,98,100,0,601,2075
tas1base2libquantum,597,100,2046,1141,1649,579,4,147511,11800,2049,1141,1704,2046,1138,1644,98,100,0,601,2069
tas1base2libquantum,597,101,2046,1141,1654,585,4,147512,11801,2047,1142,1698,2045,1139,1641,98,100,0,601,2080
tas1base2libquantum,597,102,2046,1140,1645,591,4,147514,11801,2047,1142,1699,2045,1139,1642,98,100,0,601,2077
tas1base2libquantum,597,103,2045,1140,1647,597,4,147516,11801,2046,1141,1700,2044,1138,1641,98,100,0,601,2083
tas1base2libquantum,597,104,2046,1140,1646,602,4,147518,11801,2046,1141,1700,2044,1139,1643,98,100,0,601,2077
tas1base2libquantum,597,105,2046,1141,1655,608,4,147535,11802,2048,1141,1703,2044,1138,1644,98,100,0,601,2075
tas1base2libquantum,597,106,2046,1141,1648,614,4,147537,11803,2047,1141,1701,2045,1138,1643,98,100,0,601,2083
tas1base2libquantum,597,107,2045,1140,1650,619,4,147525,11802,2047,1142,1700,2045,1139,1643,98,100,0,601,2072
tas1base2libquantum,597,108,2047,1139,1670,625,5,147529,11802,2048,1141,1704,2044,1138,1643,98,100,0,601,2077
tas1base2libquantum,597,109,2046,1140,1668,631,5,147532,11802,2048,1141,1702,2046,1138,1644,98,100,0,601,2072
tas1base2libquantum,597,110,2043,1140,1657,637,5,147546,11803,2047,1141,1700,2043,1139,1643,98,100,0,601,2066
tas1base2libquantum,597,111,2046,1141,1644,642,5,147535,11802,2046,1142,1697,2043,1140,1641,98,100,0,601,2077
tas1base2libquantum,597,112,2045,1140,1664,648,5,147536,11802,2047,1141,1700,2044,1138,1642,98,100,0,601,2072
tas1base2libquantum,597,113,2048,1139,1647,654,5,147539,11803,2048,1141,1700,2045,1139,1643,98,100,0,600,2089
tas1base2libquantum,597,114,2048,1140,1650,659,5,147542,11803,2048,1140,1703,2046,1138,1644,98,100,0,600,2089
tas1base2libquantum,597,115,2048,1139,1652,665,5,147546,11803,2050,1141,1702,2047,1138,1644,98,100,0,600,2077
tas1base2libquantum,597,116,2046,1141,1651,671,5,147548,11803,2048,1141,1699,2045,1138,1642,98,100,0,600,2080
tas1base2libquantum,597,117,2047,1139,1647,676,5,147551,11804,2048,1141,1703,2045,1138,1644,98,100,0,600,2080
tas1base2libquantum,597,118,2048,1140,1662,682,5,147555,11804,2050,1141,1700,2046,1138,1643,98,100,0,600,2080
tas1base2libquantum,597,119,2046,1140,1658,688,5,147557,11804,2049,1141,1699,2046,1138,1641,98,100,0,600,2069
tas1base2libquantum,597,120,2046,1140,1649,694,5,147559,11804,2047,1141,1701,2045,1138,1640,98,100,0,600,2080
tas1base2libquantum,597,121,2045,1140,1648,699,5,147560,11804,2047,1141,1696,2044,1138,1640,98,100,0,600,2077
tas1base2libquantum,597,122,2046,1139,1650,705,5,147562,11804,2046,1141,1697,2044,1138,1641,98,100,0,600,2083
tas1base2libquantum,597,123,2045,1140,1653,711,5,147563,11805,2047,1141,1697,2045,1138,1642,98,100,0,600,2080
tas1base2libquantum,597,124,2053,1139,1649,716,5,147571,11805,2054,1141,1716,2045,1137,1645,98,100,0,600,2086
tas1base2libquantum,597,125,2048,1140,1646,722,5,147572,11805,2053,1141,1698,2048,1139,1642,98,100,0,599,2077
tas1base2libquantum,597,126,2054,1139,1671,728,5,147581,11806,2055,1141,1708,2048,1139,1644,98,100,0,600,2083
tas1base2libquantum,597,127,2048,1139,1659,734,5,147583,11806,2054,1141,1699,2048,1138,1643,98,100,0,600,2077
tas1base2libquantum,597,128,2049,1139,1683,739,5,147586,11806,2051,1140,1703,2047,1138,1642,98,100,0,600,2077
tas1base2libquantum,597,129,2046,1138,1673,745,5,147588,11807,2049,1140,1705,2046,1137,1644,98,100,0,600,2072
tas1base2libquantum,597,130,2048,1139,1665,751,6,147591,11807,2049,1141,1703,2046,1137,1644,98,100,0,599,2075
tas1base2libquantum,597,131,2047,1141,1642,756,6,147592,11807,2048,1141,1700,2046,1138,1641,98,100,0,599,2072
tas1base2libquantum,597,132,2047,1139,1645,762,6,147593,11807,2047,1141,1702,2044,1138,1640,98,100,0,599,2086
tas1base2libquantum,597,133,2045,1140,1651,768,6,147594,11807,2047,1140,1705,2044,1137,1642,98,100,0,600,2083
tas1base2libquantum,597,134,2045,1139,1643,774,6,147594,11807,2046,1140,1697,2043,1137,1641,98,100,0,600,2072
tas1base2libquantum,597,135,2045,1140,1646,779,6,147605,11808,2045,1140,1698,2043,1137,1641,98,100,0,599,2083
tas1base2libquantum,597,136,2047,1139,1646,785,6,147597,11807,2047,1140,1701,2045,1137,1643,98,100,0,600,2080
tas1base2libquantum,597,137,2044,1140,1651,791,6,147596,11807,2047,1140,1699,2043,1138,1642,98,100,0,600,2077
tas1base2libquantum,597,138,2045,1139,1649,796,6,147597,11807,2045,1140,1697,2043,1137,1642,98,100,0,599,2083
tas1base2libquantum,597,139,2043,1139,1673,802,6,147597,11807,2045,1140,1699,2043,1137,1640,98,100,0,600,2069
tas1base2libquantum,597,140,2044,1139,1652,808,6,147598,11807,2044,1140,1699,2042,1137,1641,98,100,0,600,2072
tas1base2libquantum,597,141,2042,1139,1642,813,6,147596,11807,2044,1140,1696,2041,1137,1640,98,100,0,600,2063
tas1base2libquantum,597,142,2043,1139,1651,819,6,147596,11807,2043,1140,1701,2041,1138,1639,98,100,0,599,2080
tas1base2libquantum,597,143,2044,1139,1643,825,6,147606,11808,2044,1141,1700,2041,1138,1639,98,100,0,600,2069
tas1base2libquantum,597,144,2043,1138,1653,830,6,147596,11807,2045,1140,1697,2042,1138,1638,98,100,0,600,2077
tas1base2libquantum,597,145,2045,1138,1645,836,6,147596,11807,2045,1141,1702,2042,1137,1639,98,100,0,600,2086
tas1base2libquantum,597,146,2042,1140,1640,842,6,147595,11807,2045,1141,1698,2042,1137,1639,98,100,0,600,2072
tas1base2libquantum,597,147,2041,1141,1648,847,6,147594,11807,2044,1141,1698,2040,1139,1637,98,100,0,599,2075
tas1base2libquantum,597,148,2039,1140,1657,853,6,147592,11807,2041,1141,1695,2039,1138,1638,98,100,0,600,2066
tas1base2libquantum,597,149,2041,1139,1675,859,6,147592,11807,2042,1140,1701,2039,1138,1639,98,100,0,600,2069
tas1base2libquantum,597,150,2041,1141,1643,864,6,147591,11807,2043,1142,1694,2041,1138,1638,98,100,0,600,2063
tas1base2libquantum,597,151,2041,1141,1649,870,6,147590,11807,2042,1141,1696,2040,1139,1637,98,100,0,601,2077
tas1base2libquantum,597,152,2041,1140,1641,876,7,147598,11807,2042,1141,1701,2040,1138,1639,98,100,0,601,2072
tas1base2libquantum,597,153,2040,1140,1647,882,7,147587,11806,2041,1141,1696,2039,1138,1638,98,100,0,601,2080
tas1base2libquantum,597,154,2052,1141,1641,887,7,147592,11807,2052,1141,1709,2040,1139,1641,97,100,0,601,2095
tas1base2libquantum,597,155,2042,1140,1642,893,7,147589,11807,2052,1141,1698,2042,1139,1636,98,100,0,601,2069
tas1base2libquantum,597,156,2041,1141,1642,899,7,147589,11807,2043,1142,1693,2040,1139,1637,98,100,0,601,2077
tas1base2libquantum,597,157,2040,1140,1641,904,7,147587,11807,2042,1141,1695,2040,1139,1638,98,100,0,601,2069
tas1base2libquantum,597,158,2039,1140,1694,910,7,147586,11806,2041,1141,1697,2039,1139,1639,98,100,0,601,2075
tas1base2libquantum,597,159,2047,1141,1666,916,7,147588,11807,2047,1141,1706,2039,1139,1638,98,100,0,601,2077
tas1base2libquantum,597,160,2041,1140,1649,921,7,147587,11806,2047,1141,1696,2041,1139,1637,98,100,0,601,2063
tas1base2libquantum,597,161,2040,1140,1648,927,7,147585,11806,2042,1141,1698,2039,1139,1638,98,100,0,601,2072
tas1base2libquantum,597,162,2038,1140,1645,933,7,147582,11806,2040,1141,1697,2037,1138,1636,98,100,0,601,2069
tas1base2libquantum,597,163,2038,1140,1644,938,7,147580,11806,2039,1141,1695,2037,1139,1636,98,100,0,601,2077
tas1base2libquantum,597,164,2039,1140,1636,944,7,147578,11806,2039,1141,1692,2037,1139,1635,98,100,0,601,2069
tas1base2libquantum,597,165,2037,1142,1646,950,7,147575,11806,2039,1142,1692,2036,1139,1634,98,100,0,601,2069
tas1base2libquantum,597,166,2038,1141,1649,956,7,147573,11805,2039,1142,1694,2037,1140,1637,98,100,0,601,2072
tas1base2libquantum,597,167,2042,1141,1643,961,7,147574,11805,2046,1142,1704,2038,1140,1635,98,100,0,601,2066
tas1base2libquantum,597,168,2039,1140,1675,967,7,147572,11805,2042,1142,1692,2038,1139,1633,98,100,0,601,2072
tas1base2libquantum,597,169,2037,1140,1658,973,7,147570,11805,2040,1142,1693,2037,1140,1636,98,100,0,601,2060
tas1base2libquantum,597,170,2039,1141,1647,978,7,147577,11806,2040,1142,1695,2037,1140,1634,98,100,0,600,2072
tas1base2libquantum,597,171,2046,1141,1649,984,7,147579,11806,2046,1142,1704,2039,1140,1637,98,100,0,600,2086
tas1base2libquantum,597,172,2043,1141,1650,990,7,147570,11805,2046,1142,1699,2043,1140,1636,98,100,0,599,2069
tas1base2libquantum,597,173,2042,1143,1637,995,7,147569,11805,2043,1143,1692,2040,1140,1634,98,100,0,600,2080
tas1base2libquantum,597,174,2039,1142,1640,1001,8,147566,11805,2042,1143,1694,2039,1140,1634,98,100,0,600,2066
tas1base2libquantum,597,175,2039,1142,1647,1007,8,147565,11805,2040,1143,1691,2038,1140,1633,98,100,0,600,2075
tas1base2libquantum,597,176,2038,1141,1635,1012,8,147563,11805,2040,1143,1694,2037,1140,1633,98,100,0,600,2069
tas1base2libquantum,597,177,2037,1141,1644,1018,8,147561,11804,2039,1143,1692,2037,1139,1635,98,100,0,600,2072
tas1base2libquantum,597,178,2037,1139,1683,1024,8,147559,11804,2039,1142,1688,2036,1139,1634,98,100,0,599,2060
tas1base2libquantum,597,179,2037,1142,1652,1029,8,147557,11804,2039,1142,1691,2037,1139,1634,98,100,0,600,2069
tas1base2libquantum,597,180,2037,1141,1640,1035,8,147554,11804,2038,1142,1691,2037,1140,1635,98,100,0,600,2060
tas1base2libquantum,597,181,2040,1141,1646,1041,8,147553,11804,2040,1142,1694,2037,1140,1633,98,100,0,600,2072
tas1base2libquantum,597,182,2039,1141,1638,1047,8,147552,11804,2040,1142,1696,2037,1139,1635,98,100,0,600,2069
tas1base2libquantum,597,183,2042,1140,1640,1052,8,147559,11804,2042,1142,1696,2038,1140,1634,98,100,0,600,2083
tas1base2libquantum,597,184,2040,1140,1637,1058,8,147549,11803,2042,1142,1692,2039,1139,1635,98,100,0,600,2077
tas1base2libquantum,597,185,2039,1141,1648,1064,8,147548,11803,2040,1142,1694,2038,1139,1635,98,100,0,600,2075
tas1base2libquantum,597,186,2050,1141,1652,1069,8,147560,11804,2050,1142,1704,2039,1139,1641,98,100,0,599,2086
tas1base2libquantum,597,187,2045,1142,1646,1075,8,147552,11804,2051,1142,1702,2045,1139,1636,98,100,0,600,2072
tas1base2libquantum,597,188,2045,1141,1686,1081,8,147562,11805,2048,1142,1705,2045,1140,1637,98,100,0,600,2069
tas1base2libquantum,597,189,2037,1142,1643,1086,8,147551,11804,2045,1142,1691,2037,1140,1634,98,100,0,600,2060
tas1base2libquantum,597,190,2039,1141,1645,1092,8,147550,11804,2039,1142,1693,2037,1138,1634,98,100,0,600,2069
tas1base2libquantum,597,191,2045,1141,1639,1098,8,147552,11804,2046,1142,1704,2039,1140,1636,98,100,0,600,2069
tas1base2libquantum,597,192,2040,1142,1646,1103,8,147550,11804,2045,1143,1690,2039,1141,1634,98,100,0,599,2080
tas1base2libquantum,597,193,2039,1143,1647,1109,8,147548,11803,2041,1143,1691,2038,1140,1632,98,100,0,600,2075
tas1base2libquantum,597,194,2037,1141,1636,1115,8,147546,11803,2039,1143,1693,2037,1140,1634,98,100,0,600,2066
tas1base2libquantum,597,195,2038,1141,1648,1120,8,147545,11803,2039,1142,1692,2037,1140,1634,98,100,0,599,2075
tas1base2libquantum,597,196,2038,1141,1641,1126,9,147543,11803,2039,1142,1693,2037,1139,1634,98,100,0,600,2066
tas1base2libquantum,597,197,2038,1140,1665,1132,9,147549,11803,2039,1141,1694,2037,1139,1635,98,100,0,599,2077
tas1base2libquantum,597,198,2038,1140,1657,1138,9,147547,11803,2040,1141,1695,2037,1139,1636,98,100,0,600,2069
tas1base2libquantum,597,199,2036,1141,1652,1143,9,147538,11803,2039,1141,1696,2036,1139,1636,98,100,0,600,2060
tas1base2libquantum,597,200,2039,1140,1656,1149,9,147537,11802,2039,1141,1693,2036,1138,1635,98,100,0,600,2075
tas1base2libquantum,597,201,2038,1141,1639,1155,9,147535,11802,2040,1141,1694,2037,1139,1636,98,100,0,600,2066
tas1base2libquantum,597,202,2039,1140,1647,1160,9,147533,11802,2040,1142,1694,2037,1139,1634,98,100,0,600,2075
tas1base2libquantum,597,203,2038,1141,1637,1166,9,147531,11802,2039,1142,1693,2037,1139,1636,98,100,0,600,2069
tas1base2libquantum,597,204,2037,1141,1644,1172,9,147529,11802,2038,1142,1695,2036,1139,1634,98,100,0,600,2072
tas1base2libquantum,597,205,2038,1139,1643,1177,9,147528,11802,2038,1141,1695,2036,1137,1636,98,100,0,600,2077
tas1base2libquantum,597,206,2036,1141,1649,1183,9,147526,11802,2038,1141,1695,2036,1139,1636,98,100,0,600,2066
tas1base2libquantum,597,207,2038,1141,1687,1189,9,147525,11802,2039,1141,1694,2036,1139,1636,98,100,0,601,2072
tas1base2libquantum,597,208,2038,1141,1643,1194,9,147530,11802,2039,1141,1695,2037,1139,1634,99,100,0,600,2058
tas1base2libquantum,597,209,2040,1140,1648,1200,9,147522,11801,2041,1141,1695,2037,1139,1636,98,100,0,600,2077
tas1base2libquantum,597,210,2041,1141,1638,1206,9,147528,11802,2041,1142,1694,2038,1139,1636,98,100,0,599,2072
tas1base2libquantum,597,211,2039,1141,1647,1211,9,147520,11801,2041,1142,1692,2038,1140,1634,98,100,0,600,2075
tas1base2libquantum,597,212,2040,1140,1649,1217,9,147526,11802,2040,1142,1694,2038,1140,1634,98,100,0,600,2075
tas1base2libquantum,597,213,2038,1140,1638,1223,9,147517,11801,2040,1142,1696,2038,1139,1634,98,100,0,600,2066
tas1base2libquantum,597,214,2037,1140,1640,1228,9,147516,11801,2039,1142,1693,2036,1136,1633,98,100,0,600,2075
tas1base2libquantum,597,215,2037,1140,1641,1234,9,147514,11801,2038,1141,1695,2036,1138,1634,98,100,0,600,2063
tas1base2libquantum,597,216,2047,1142,1655,1240,9,147516,11801,2047,1142,1707,2036,1138,1635,97,100,0,600,2089
tas1base2libquantum,597,217,2042,1140,1638,1245,9,147516,11801,2048,1142,1700,2042,1138,1634,98,100,0,600,2077
tas1base2libquantum,597,218,2042,1138,1687,1251,10,147516,11801,2047,1142,1708,2041,1137,1634,98,100,0,600,2063
tas1base2libquantum,597,219,2038,1141,1649,1257,10,147515,11801,2042,1142,1692,2038,1138,1633,98,100,0,600,2063
tas1base2libquantum,597,220,2047,1141,1682,1262,10,147517,11801,2048,1142,1706,2038,1140,1644,98,100,0,600,2077
tas1base2libquantum,597,221,2050,1142,1670,1268,10,147520,11801,2051,1142,1706,2047,1140,1646,98,100,0,600,2083
tas1base2libquantum,597,222,2041,1141,1638,1274,10,147519,11801,2051,1142,1701,2041,1138,1633,98,100,0,601,2063
tas1base2libquantum,597,223,2038,1140,1646,1279,10,147517,11801,2041,1141,1697,2038,1139,1635,98,100,0,601,2069
tas1base2libquantum,597,224,2038,1141,1645,1285,10,147515,11801,2038,1141,1695,2036,1138,1634,98,100,0,600,2075
tas1base2libquantum,597,225,2037,1140,1637,1291,10,147513,11801,2038,1142,1692,2036,1139,1634,98,100,0,600,2066
tas1base2libquantum,597,226,2043,1140,1661,1297,10,147514,11801,2043,1141,1706,2036,1139,1635,97,100,0,600,2092
tas1base2libquantum,597,227,2041,1141,1636,1302,10,147513,11801,2046,1141,1703,2041,1139,1635,98,100,0,600,2069
tas1base2libquantum,597,228,2037,1140,1645,1308,10,147511,11800,2041,1141,1696,2037,1140,1634,98,100,0,600,2072
tas1base2libquantum,597,229,2039,1141,1646,1314,10,147511,11800,2039,1142,1696,2037,1139,1633,97,100,0,599,2083
tas1base2libquantum,597,230,2036,1140,1665,1319,10,147515,11801,2039,1142,1693,2036,1140,1634,98,100,0,600,2060
tas1base2libquantum,597,231,2036,1141,1660,1325,10,147507,11800,2038,1141,1691,2036,1139,1635,98,100,0,600,2066
tas1base2libquantum,597,232,2035,1140,1640,1331,10,147505,11800,2038,1141,1692,2035,1139,1635,99,100,0,600,2055
tas1base2libquantum,597,233,2037,1140,1651,1336,10,147503,11800,2037,1141,1694,2035,1139,1635,98,100,0,600,2069
tas1base2libquantum,597,234,2038,1141,1641,1342,10,147508,11800,2038,1141,1693,2036,1139,1635,98,100,0,600,2077
tas1base2libquantum,597,235,2036,1140,1638,1348,10,147500,11800,2038,1141,1693,2036,1139,1633,98,100,0,600,2063
tas1base2libquantum,597,236,2038,1140,1639,1353,10,147499,11799,2038,1141,1692,2035,1139,1634,98,100,0,600,2077
tas1base2libquantum,597,237,2039,1141,1636,1359,10,147498,11799,2040,1143,1695,2036,1139,1634,98,100,0,599,2066
tas1base2libquantum,597,238,2038,1141,1641,1365,10,147496,11799,2039,1142,1689,2036,1140,1634,98,100,0,600,2077
tas1base2libquantum,597,239,2039,1141,1641,1370,10,147496,11799,2040,1143,1693,2037,1139,1634,98,100,0,600,2080
tas1base2libquantum,597,240,2037,1141,1661,1376,11,147494,11799,2039,1142,1693,2037,1139,1634,98,100,0,600,2060
tas1base2libquantum,597,241,2037,1141,1655,1382,11,147493,11799,2039,1141,1694,2036,1139,1632,98,100,0,600,2066
tas1base2libquantum,597,242,2047,1140,1649,1387,11,147495,11799,2047,1141,1701,2037,1139,1640,98,100,0,600,2075
tas1base2libquantum,597,243,2046,1141,1638,1393,11,147496,11799,2049,1141,1704,2046,1139,1635,98,100,0,600,2077
tas1base2libquantum,597,244,2041,1142,1634,1399,11,147495,11799,2046,1142,1693,2041,1139,1634,98,100,0,600,2066
tas1base2libquantum,597,245,2037,1140,1646,1405,11,147494,11799,2041,1142,1691,2037,1139,1633,98,100,0,600,2069
tas1base2libquantum,597,246,2036,1140,1638,1410,11,147492,11799,2038,1142,1690,2035,1140,1634,98,100,0,599,2072
tas1base2libquantum,597,247,2034,1141,1649,1416,11,147489,11799,2036,1142,1687,2034,1140,1631,98,100,0,600,2063
tas1base2libquantum,597,248,2036,1141,1655,1422,11,147494,11799,2037,1142,1690,2034,1140,1634,98,100,0,600,2072
tas1base2libquantum,597,249,2036,1141,1682,1427,11,147486,11798,2038,1142,1691,2035,1140,1633,98,100,0,600,2060
tas1base2libquantum,597,250,2043,1140,1648,1433,11,147488,11799,2044,1142,1702,2035,1140,1634,98,100,0,600,2075
tas1base2libquantum,597,251,2040,1142,1645,1439,11,147487,11798,2043,1142,1692,2039,1140,1633,98,100,0,600,2066
tas1base2libquantum,597,252,2043,1141,1649,1444,11,147487,11799,2045,1142,1697,2039,1140,1632,98,100,0,600,2072
tas1base2libquantum,597,253,2039,1142,1635,1450,11,147486,11798,2043,1143,1690,2038,1141,1631,98,100,0,601,2075
tas1base2libquantum,597,254,2037,1141,1635,1456,11,147484,11798,2039,1143,1688,2036,1141,1632,98,100,0,601,2069
tas1base2libquantum,597,255,2037,1142,1649,1461,11,147483,11798,2038,1144,1689,2036,1141,1631,98,100,0,600,2075
tas1base2libquantum,597,256,2038,1143,1635,1467,11,147481,11798,2038,1144,1688,2035,1141,1632,98,100,0,600,2066
tas1base2libquantum,597,257,2036,1143,1640,1473,11,147479,11798,2038,1144,1688,2035,1141,1630,98,100,0,600,2075
tas1base2libquantum,597,258,2037,1142,1645,1478,11,147478,11798,2038,1143,1686,2035,1140,1632,98,100,0,601,2069
tas1base2libquantum,597,259,2034,1143,1666,1484,11,147476,11798,2037,1144,1688,2034,1141,1629,98,100,0,600,2060
tas1base2libquantum,597,260,2035,1142,1653,1490,11,147475,11798,2037,1143,1689,2034,1141,1631,98,100,0,601,2066
tas1base2libquantum,597,261,2036,1143,1632,1495,11,147473,11797,2037,1144,1690,2034,1141,1630,98,100,0,601,2063
tas1base2libquantum,597,262,2037,1141,1650,1501,12,147472,11797,2038,1144,1690,2035,1140,1628,98,100,0,601,2072
tas1base2libquantum,597,263,2039,1142,1638,1507,12,147471,11797,2039,1143,1692,2036,1139,1634,98,100,0,601,2077
tas1base2libquantum,597,264,2036,1142,1649,1512,12,147469,11797,2039,1143,1687,2036,1140,1633,98,100,0,601,2063
tas1base2libquantum,597,265,2048,1143,1654,1518,12,147472,11797,2048,1143,1702,2036,1140,1639,97,100,0,601,2092
tas1base2libquantum,597,266,2048,1142,1645,1524,12,147474,11797,2051,1143,1700,2047,1141,1642,98,100,0,601,2077
tas1base2libquantum,597,267,2051,1143,1654,1530,12,147477,11798,2051,1143,1701,2048,1141,1642,98,100,0,601,2089
tas1base2libquantum,597,268,2050,1142,1647,1535,12,147484,11798,2052,1144,1698,2049,1141,1639,98,100,0,601,2083
tas1base2libquantum,597,269,2042,1142,1662,1541,12,147478,11798,2050,1143,1691,2042,1141,1632,98,100,0,600,2072
tas1base2libquantum,597,270,2038,1142,1652,1547,12,147477,11798,2042,1144,1686,2038,1141,1632,98,100,0,600,2060
tas1base2libquantum,597,271,2037,1142,1649,1552,12,147475,11798,2039,1144,1688,2037,1141,1632,98,100,0,600,2075
tas1base2libquantum,597,272,2039,1143,1635,1558,12,147475,11798,2040,1144,1689,2037,1141,1633,98,100,0,600,2072
tas1base2libquantum,597,273,2037,1143,1646,1564,12,147473,11797,2039,1144,1686,2037,1142,1631,98,100,0,600,2066
tas1base2libquantum,597,274,2044,1143,1640,1569,12,147480,11798,2045,1144,1698,2037,1141,1636,98,100,0,600,2077
tas1base2libquantum,597,275,2041,1143,1634,1575,12,147474,11797,2044,1144,1689,2040,1141,1630,98,100,0,600,2075
tas1base2libquantum,597,276,2039,1143,1637,1581,12,147473,11797,2041,1144,1687,2037,1141,1632,98,100,0,600,2080
tas1base2libquantum,597,277,2039,1142,1635,1586,12,147472,11797,2039,1144,1689,2037,1141,1633,98,100,0,600,2075
tas1base2libquantum,597,278,2038,1142,1651,1592,12,147471,11797,2039,1144,1686,2036,1142,1632,97,100,0,600,2080
tas1base2libquantum,597,279,2039,1142,1666,1598,12,147470,11797,2040,1145,1686,2037,1142,1631,98,100,0,600,2063
tas1base2libquantum,597,280,2039,1144,1659,1604,12,147475,11798,2040,1145,1686,2037,1142,1631,98,100,0,600,2075
tas1base2libquantum,597,281,2039,1143,1638,1609,12,147469,11797,2041,1145,1685,2038,1142,1631,99,100,0,600,2058
tas1base2libquantum,597,282,2040,1144,1642,1615,12,147469,11797,2041,1144,1689,2038,1141,1632,98,100,0,600,2075
tas1base2libquantum,597,283,2039,1142,1634,1621,12,147468,11797,2040,1145,1688,2037,1142,1630,98,100,0,600,2066
tas1base2libquantum,597,284,2039,1144,1637,1626,13,147467,11797,2039,1145,1688,2036,1142,1630,98,100,0,600,2077
tas1base2libquantum,597,285,2037,1143,1652,1632,13,147466,11797,2040,1145,1682,2037,1143,1629,98,100,0,601,2066
tas1base2libquantum,597,286,2039,1144,1635,1638,13,147465,11797,2040,1145,1688,2037,1142,1630,98,100,0,601,2072
tas1base2libquantum,597,287,2036,1144,1637,1643,13,147464,11797,2039,1144,1687,2036,1143,1629,98,100,0,601,2075
tas1base2libquantum,597,288,2035,1144,1611,1649,13,147467,11797,2037,1145,1683,2035,1142,1568,98,100,0,601,2066
tas1base2libquantum,597,289,1989,1144,1632,1655,13,147450,11796,2035,1145,1664,1966,1142,1566,96,100,0,601,2060
tas1base2libquantum,597,290,1693,1145,1370,1660,13,147430,11794,2024,1147,1696,1693,1142,1369,98,100,0,601,1719
tas1base2libquantum,597,291,2002,1144,1604,1665,13,147368,11789,2003,1146,1685,1693,1143,1368,98,100,0,601,2038
tas1base2libquantum,597,292,2038,1144,1655,1671,13,147366,11789,2038,1145,1702,2002,1141,1574,97,100,0,601,2095
tas1base2libquantum,597,293,2048,1143,1654,1676,13,147369,11789,2048,1145,1701,2038,1142,1574,98,100,0,601,2086
tas1base2libquantum,597,294,2053,1143,1649,1682,13,147372,11789,2054,1145,1720,2048,1142,1575,98,100,0,601,2077
tas1base2libquantum,597,295,2054,1143,1654,1688,13,147376,11790,2055,1144,1706,2053,1141,1576,98,100,0,601,2092
tas1base2libquantum,597,296,2053,1143,1689,1693,13,147379,11790,2055,1144,1701,2052,1142,1575,98,100,0,601,2083
tas1base2libquantum,597,297,2055,1143,1665,1699,13,147383,11790,2056,1144,1706,2053,1142,1577,98,100,0,601,2089
tas1base2libquantum,597,298,2056,1143,1652,1705,13,147386,11790,2058,1144,1705,2054,1142,1576,98,100,0,601,2083
tas1base2libquantum,597,299,2055,1143,1647,1711,13,147390,11791,2057,1144,1706,2054,1142,1576,98,100,0,601,2092
tas1base2libquantum,597,300,2056,1142,1662,1716,13,147393,11791,2057,1144,1707,2053,1141,1578,98,100,0,601,2095
tas1base2libquantum,597,301,2054,1142,1651,1722,13,147397,11791,2057,1144,1706,2054,1141,1577,98,100,0,600,2089
tas1base2libquantum,597,302,2055,1143,1654,1728,13,147400,11792,2057,1143,1704,2054,1141,1579,98,100,0,600,2086
tas1base2libquantum,597,303,2055,1143,1656,1734,13,147404,11792,2058,1144,1706,2053,1141,1579,99,100,0,600,2072
tas1base2libquantum,597,304,2057,1143,1653,1739,13,147408,11792,2058,1144,1703,2055,1141,1577,98,100,0,600,2095
tas1base2libquantum,597,305,2056,1143,1652,1745,13,147411,11792,2058,1144,1704,2056,1141,1579,98,100,0,600,2089
tas1base2libquantum,597,306,2057,1144,1580,1751,14,147415,11793,2058,1144,1708,2053,1142,1577,98,100,0,600,2097
tas1base2libquantum,597,307,2055,1144,1655,1757,14,147418,11793,2057,1144,1705,2054,1142,1579,98,100,0,600,2086
tas1base2libquantum,597,308,2063,1143,1686,1762,14,147424,11793,2063,1145,1721,2055,1142,1576,98,100,0,600,2095
tas1base2libquantum,597,309,2057,1143,1669,1768,14,147432,11794,2063,1145,1705,2057,1142,1577,98,100,0,600,2080
tas1base2libquantum,597,310,2058,1145,1592,1774,14,147431,11794,2060,1146,1703,2055,1143,1577,98,100,0,600,2089
tas1base2libquantum,597,311,2056,1144,1650,1779,14,147434,11794,2058,1146,1698,2055,1143,1578,98,100,0,600,2086
tas1base2libquantum,597,312,2057,1144,1662,1785,14,147437,11795,2057,1146,1704,2054,1143,1578,98,100,0,600,2089
tas1base2libquantum,597,313,2055,1143,1653,1791,14,147440,11795,2057,1145,1702,2053,1143,1575,98,100,0,601,2086
tas1base2libquantum,597,314,2062,1143,1665,1797,14,147445,11795,2062,1145,1707,2054,1142,1589,98,100,0,601,2092
tas1base2libquantum,597,315,2057,1144,1660,1802,14,147448,11795,2062,1144,1703,2057,1142,1578,98,100,0,601,2092
tas1base2libquantum,597,316,2056,1144,1654,1808,14,147452,11796,2059,1144,1707,2056,1142,1577,99,100,0,601,2072
tas1base2libquantum,597,317,2057,1143,1663,1814,14,147455,11796,2058,1145,1705,2056,1142,1577,98,100,0,601,2092
tas1base2libquantum,597,318,2056,1144,1654,1819,14,147464,11797,2059,1145,1703,2056,1142,1577,99,100,0,601,2072
tas1base2libquantum,597,319,2056,1145,1651,1825,14,147462,11797,2058,1145,1701,2055,1143,1578,98,100,0,601,2095
tas1base2libquantum,597,320,2060,1144,1665,1831,14,147467,11797,2060,1145,1702,2056,1142,1577,98,100,0,601,2100
tas1base2libquantum,597,321,2057,1143,1655,1837,14,147470,11797,2060,1145,1706,2057,1142,1578,98,100,0,601,2092
tas1base2libquantum,597,322,2070,1144,1693,1842,14,147477,11798,2070,1144,1722,2057,1142,1592,98,100,0,601,2103
tas1base2libquantum,597,323,2074,1144,1698,1848,14,147489,11799,2076,1144,1719,2070,1141,1586,98,100,0,601,2100
tas1base2libquantum,597,324,2077,1142,1679,1854,14,147493,11799,2081,1145,1714,2074,1141,1590,99,100,0,601,2097
tas1base2libquantum,597,325,2074,1143,1601,1860,14,147499,11799,2077,1144,1713,2072,1141,1589,98,100,0,601,2103
tas1base2libquantum,597,326,2064,1143,1651,1866,14,147508,11800,2074,1145,1700,2064,1142,1580,98,100,0,601,2089
tas1base2libquantum,597,327,2070,1144,1670,1871,14,147510,11800,2070,1145,1712,2063,1143,1579,97,100,0,601,2120
tas1base2libquantum,597,328,2065,1144,1667,1877,15,147514,11801,2073,1145,1715,2065,1142,1578,99,100,0,601,2072
tas1base2libquantum,597,329,2063,1143,1655,1883,15,147519,11801,2067,1144,1709,2062,1141,1580,98,100,0,601,2095
tas1base2libquantum,597,330,2064,1143,1669,1889,15,147524,11801,2068,1144,1706,2063,1142,1583,98,100,0,601,2103
tas1base2libquantum,597,331,2062,1143,1655,1894,15,147528,11802,2066,1145,1705,2061,1142,1578,99,100,0,601,2080
tas1base2libquantum,597,332,2063,1145,1665,1900,15,147533,11802,2063,1145,1711,2060,1142,1585,97,100,0,601,2106
tas1base2libquantum,597,333,2066,1144,1656,1906,15,147538,11803,2074,1145,1712,2063,1143,1579,98,100,0,600,2100
tas1base2libquantum,597,334,2064,1144,1654,1912,15,147542,11803,2067,1145,1705,2059,1142,1579,99,100,0,600,2075
tas1base2libquantum,597,335,2059,1143,1659,1917,15,147546,11803,2064,1144,1694,2059,1142,1579,98,100,0,600,2086
tas1base2libquantum,597,336,2062,1144,1670,1923,15,147550,11804,2062,1145,1701,2059,1142,1579,98,100,0,600,2103
tas1base2libquantum,597,337,2076,1145,1669,1929,15,147558,11804,2077,1145,1718,2062,1143,1591,98,100,0,599,2106
tas1base2libquantum,597,338,2068,1145,1666,1935,15,147563,11805,2077,1145,1715,2068,1143,1579,99,100,0,600,2086
tas1base2libquantum,597,339,2066,1143,1681,1940,15,147568,11805,2068,1145,1700,2063,1141,1580,98,100,0,600,2103
tas1base2libquantum,597,340,2069,1143,1676,1946,15,147578,11806,2069,1144,1707,2065,1141,1583,98,100,0,599,2106
tas1base2libquantum,597,341,2066,1142,1663,1952,15,147582,11806,2069,1144,1703,2066,1141,1581,98,100,0,600,2095
tas1base2libquantum,597,342,2063,1144,1685,1958,15,147582,11806,2067,1144,1702,2063,1142,1581,98,100,0,600,2089
tas1base2libquantum,597,343,2067,1144,1661,1963,15,147587,11807,2067,1145,1708,2063,1142,1579,97,100,0,599,2114
tas1base2libquantum,597,344,2064,1143,1664,1969,15,147592,11807,2069,1145,1702,2064,1143,1578,98,100,0,600,2086
tas1base2libquantum,597,345,2065,1144,1655,1975,15,147596,11807,2070,1145,1704,2063,1142,1579,98,100,0,600,2103
tas1base2libquantum,597,346,2059,1144,1657,1981,15,147599,11807,2065,1145,1702,2058,1143,1578,98,100,0,600,2086
tas1base2libquantum,597,347,2062,1144,1687,1986,15,147603,11808,2065,1146,1703,2057,1144,1576,99,100,0,600,2069
tas1base2libquantum,597,348,2070,1144,1678,1992,15,147610,11808,2075,1145,1710,2062,1142,1592,98,100,0,600,2092
tas1base2libquantum,597,349,2079,1145,1686,1998,15,147621,11809,2079,1145,1714,2070,1143,1587,98,100,0,600,2114
tas1base2libquantum,597,350,2079,1144,1675,2004,16,147625,11810,2083,1145,1716,2076,1140,1590,98,100,0,600,2103
tas1base2libquantum,597,351,2081,1144,1691,2010,16,147633,11810,2084,1145,1718,2078,1142,1590,98,100,0,600,2117
tas1base2libquantum,597,352,2075,1144,1670,2015,16,147639,11811,2083,1145,1711,2075,1143,1580,100,100,0,600,2075
tas1base2libquantum,597,353,2068,1144,1678,2021,16,147644,11811,2075,1145,1704,2068,1143,1579,98,100,0,600,2095
tas1base2libquantum,597,354,2071,1145,1677,2027,16,147649,11811,2073,1145,1699,2068,1142,1579,98,100,0,600,2112
tas1base2libquantum,597,355,2070,1144,1666,2033,16,147654,11812,2073,1146,1700,2068,1143,1581,98,100,0,601,2092
tas1base2libquantum,597,356,2068,1144,1669,2039,16,147659,11812,2072,1145,1706,2067,1143,1579,98,100,0,601,2103
tas1base2libquantum,597,357,2075,1144,1674,2044,16,147666,11813,2075,1145,1706,2068,1142,1581,97,100,0,601,2120
tas1base2libquantum,597,358,2069,1144,1655,2050,16,147670,11813,2075,1145,1707,2069,1143,1580,98,100,0,601,2095
tas1base2libquantum,597,359,2069,1144,1663,2056,16,147675,11814,2073,1145,1703,2068,1143,1581,98,100,0,601,2106
tas1base2libquantum,597,360,2068,1144,1654,2062,16,147679,11814,2070,1145,1703,2065,1143,1579,99,100,0,601,2086
tas1base2libquantum,597,361,2071,1144,1665,2067,16,147684,11814,2071,1145,1714,2065,1142,1589,97,100,0,601,2129
tas1base2libquantum,597,362,2077,1143,1677,2073,16,147691,11815,2077,1145,1719,2071,1142,1587,97,100,0,601,2126
tas1base2libquantum,597,363,2070,1144,1660,2079,16,147696,11815,2079,1145,1712,2070,1143,1580,99,100,0,601,2080
tas1base2libquantum,597,364,2067,1145,1656,2085,16,147700,11816,2072,1146,1704,2067,1144,1578,98,100,0,601,2095
tas1base2libquantum,597,365,2075,1145,1668,2090,16,147707,11816,2075,1146,1710,2067,1143,1591,98,100,0,601,2106
tas1base2libquantum,597,366,2066,1144,1654,2096,16,147710,11816,2075,1146,1702,2066,1143,1578,98,100,0,601,2092
tas1base2libquantum,597,367,2065,1145,1674,2102,16,147714,11817,2070,1146,1706,2065,1143,1579,98,100,0,601,2092
tas1base2libquantum,597,368,2078,1145,1677,2108,16,147726,11818,2078,1146,1717,2065,1143,1586,98,100,0,601,2117
tas1base2libquantum,597,369,2071,1145,1657,2113,16,147726,11818,2078,1146,1698,2071,1143,1578,99,100,0,601,2089
tas1base2libquantum,597,370,2068,1145,1673,2119,16,147731,11818,2072,1146,1702,2067,1142,1578,98,100,0,601,2106
tas1base2libquantum,597,371,2066,1145,1657,2125,17,147734,11818,2070,1146,1701,2066,1144,1577,99,100,0,601,2072
tas1base2libquantum,597,372,2066,1145,1670,2131,17,147739,11819,2070,1147,1699,2065,1144,1576,98,100,0,600,2095
tas1base2libquantum,597,373,2069,1146,1683,2137,17,147747,11819,2070,1147,1700,2065,1145,1576,98,100,0,599,2109
tas1base2libquantum,597,374,2065,1146,1657,2142,17,147746,11819,2069,1147,1699,2065,1145,1575,98,100,0,600,2092
tas1base2libquantum,597,375,2073,1146,1662,2148,17,147752,11820,2073,1147,1715,2064,1144,1587,98,100,0,600,2114
tas1base2libquantum,597,376,2066,1145,1656,2154,17,147756,11820,2075,1147,1705,2066,1144,1576,99,100,0,600,2075
tas1base2libquantum,597,377,2063,1145,1690,2160,17,147759,11820,2068,1147,1698,2063,1144,1576,98,100,0,599,2086
tas1base2libquantum,597,378,2067,1145,1677,2165,17,147764,11821,2068,1146,1698,2063,1144,1576,98,100,0,600,2100
tas1base2libquantum,597,379,2066,1146,1661,2171,17,147768,11821,2070,1147,1697,2066,1143,1576,98,100,0,600,2089
tas1base2libquantum,597,380,2067,1144,1669,2177,17,147772,11821,2071,1146,1699,2065,1143,1580,98,100,0,599,2103
tas1base2libquantum,597,381,2065,1145,1684,2183,17,147775,11822,2069,1146,1699,2064,1142,1577,99,100,0,600,2077
tas1base2libquantum,597,382,2069,1145,1690,2188,17,147780,11822,2069,1146,1708,2064,1143,1586,98,100,0,599,2100
tas1base2libquantum,597,383,2077,1144,1698,2194,17,147787,11822,2079,1146,1711,2069,1143,1577,97,100,0,600,2123
tas1base2libquantum,597,384,2072,1145,1654,2200,17,147791,11823,2082,1146,1708,2072,1144,1577,99,100,0,600,2083
tas1base2libquantum,597,385,2068,1143,1668,2206,17,147795,11823,2072,1145,1697,2068,1142,1580,98,100,0,600,2089
tas1base2libquantum,597,386,2070,1144,1675,2212,17,147799,11823,2070,1145,1698,2065,1142,1579,98,100,0,600,2109
tas1base2libquantum,597,387,2067,1145,1666,2217,17,147807,11824,2071,1145,1702,2066,1142,1579,98,100,0,600,2095
tas1base2libquantum,597,388,2069,1144,1670,2223,17,147807,11824,2071,1145,1702,2066,1142,1578,97,100,0,600,2114
tas1base2libquantum,597,389,2078,1145,1648,2229,17,147813,11825,2078,1145,1715,2069,1142,1590,98,100,0,600,2114
tas1base2libquantum,597,390,2069,1143,1670,2234,17,147817,11825,2078,1145,1702,2067,1143,1578,97,100,0,600,2114
tas1base2libquantum,597,391,2076,1144,1676,2240,17,147823,11825,2076,1146,1713,2068,1143,1590,97,100,0,600,2120
tas1base2libquantum,597,392,2070,1144,1651,2246,17,147826,11826,2078,1146,1699,2069,1143,1576,98,100,0,600,2109
tas1base2libquantum,597,393,2070,1144,1695,2252,18,147830,11826,2070,1145,1709,2066,1143,1587,98,100,0,600,2103
tas1base2libquantum,597,394,2079,1145,1690,2258,18,147837,11826,2079,1146,1709,2070,1143,1589,98,100,0,600,2117
tas1base2libquantum,597,395,2069,1145,1657,2263,18,147840,11827,2081,1146,1697,2069,1143,1578,98,100,0,600,2092
tas1base2libquantum,597,396,2068,1144,1675,2269,18,147844,11827,2071,1145,1701,2067,1143,1581,98,100,0,600,2103
tas1base2libquantum,597,397,2066,1144,1655,2275,18,147847,11827,2070,1146,1707,2065,1143,1577,98,100,0,600,2089
tas1base2libquantum,597,398,2069,1145,1664,2281,18,147855,11828,2069,1147,1709,2065,1142,1585,98,100,0,600,2106
tas1base2libquantum,597,399,2074,1145,1664,2286,18,147857,11828,2074,1146,1715,2069,1143,1589,98,100,0,601,2109
tas1base2libquantum,597,400,2069,1145,1666,2292,18,147864,11829,2074,1147,1709,2067,1144,1577,98,100,0,601,2109
tas1base2libquantum,597,401,2068,1145,1668,2298,18,147865,11829,2077,1147,1704,2068,1143,1576,98,100,0,601,2100
tas1base2libquantum,597,402,2067,1144,1668,2304,18,147871,11829,2070,1146,1702,2064,1143,1576,98,100,0,601,2100
tas1base2libquantum,597,403,2061,1145,1662,2310,18,147870,11829,2067,1146,1699,2061,1144,1577,98,100,0,601,2086
tas1base2libquantum,597,404,2064,1144,1672,2315,18,147873,11829,2065,1146,1698,2061,1143,1575,98,100,0,601,2095
tas1base2libquantum,597,405,2063,1145,1663,2321,18,147876,11830,2066,1146,1699,2062,1144,1576,98,100,0,601,2086
tas1base2libquantum,597,406,2060,1145,1658,2327,18,147879,11830,2065,1146,1698,2060,1144,1574,98,100,0,601,2083
tas1base2libquantum,597,407,2065,1145,1665,2333,18,147885,11830,2065,1147,1702,2060,1144,1576,98,100,0,601,2097
tas1base2libquantum,597,408,2067,1145,1665,2338,18,147885,11830,2067,1147,1712,2060,1144,1575,98,100,0,601,2103
tas1base2libquantum,597,409,2072,1146,1682,2344,18,147890,11831,2074,1146,1715,2066,1144,1584,98,100,0,601,2103
tas1base2libquantum,597,410,2067,1146,1652,2350,18,147893,11831,2072,1147,1701,2067,1144,1578,98,100,0,601,2095
tas1base2libquantum,597,411,2072,1145,1688,2356,18,147897,11831,2074,1147,1705,2067,1144,1579,97,100,0,601,2117
tas1base2libquantum,597,412,2068,1145,1656,2361,18,147900,11832,2073,1146,1704,2068,1144,1578,98,100,0,601,2097
tas1base2libquantum,597,413,2074,1145,1670,2367,18,147905,11832,2076,1146,1717,2067,1144,1588,97,100,0,601,2120
tas1base2libquantum,597,414,2067,1146,1652,2373,18,147908,11832,2074,1146,1708,2067,1144,1577,98,100,0,601,2095
tas1base2libquantum,597,415,2067,1145,1695,2379,19,147912,11832,2070,1147,1700,2064,1144,1577,98,100,0,601,2103
tas1base2libquantum,597,416,2065,1144,1670,2384,19,147914,11833,2067,1146,1708,2062,1143,1573,98,100,0,601,2100
tas1base2libquantum,597,417,2064,1145,1660,2390,19,147917,11833,2072,1146,1712,2063,1144,1575,98,100,0,601,2097
tas1base2libquantum,597,418,2059,1144,1661,2396,19,147922,11833,2064,1146,1702,2059,1144,1575,98,100,0,601,2083
tas1base2libquantum,597,419,2063,1145,1666,2402,19,147922,11833,2063,1146,1699,2059,1143,1575,98,100,0,601,2097
tas1base2libquantum,597,420,2063,1144,1658,2407,19,147924,11833,2065,1146,1703,2059,1143,1576,98,100,0,601,2089
tas1base2libquantum,597,421,2063,1144,1675,2413,19,147927,11834,2067,1147,1710,2061,1143,1575,98,100,0,601,2103
tas1base2libquantum,597,422,2062,1146,1652,2419,19,147933,11834,2066,1146,1702,2061,1142,1577,98,100,0,600,2083
tas1base2libquantum,597,423,2062,1145,1676,2425,19,147932,11834,2064,1147,1699,2060,1144,1576,98,100,0,600,2095
tas1base2libquantum,597,424,2064,1146,1654,2430,19,147938,11835,2066,1147,1698,2061,1144,1574,98,100,0,600,2092
tas1base2libquantum,597,425,2064,1147,1650,2436,19,147937,11834,2066,1148,1698,2062,1145,1575,98,100,0,600,2095
tas1base2libquantum,597,426,2065,1145,1671,2442,19,147940,11835,2068,1148,1695,2063,1144,1573,98,100,0,600,2106
tas1base2libquantum,597,427,2063,1146,1651,2448,19,147942,11835,2067,1147,1701,2062,1145,1572,98,100,0,600,2089
tas1base2libquantum,597,428,2065,1146,1709,2453,19,147945,11835,2065,1147,1709,2062,1144,1573,98,100,0,601,2106
tas1base2libquantum,597,429,2061,1146,1659,2459,19,147947,11835,2069,1147,1715,2061,1144,1572,99,100,0,601,2080
tas1base2libquantum,597,430,2069,1144,1682,2465,19,147951,11836,2070,1146,1710,2060,1143,1584,98,100,0,601,2097
tas1base2libquantum,597,431,2061,1145,1657,2471,19,147953,11836,2071,1146,1706,2061,1143,1573,99,100,0,600,2080
tas1base2libquantum,597,432,2061,1146,1666,2476,19,147959,11836,2063,1147,1700,2059,1144,1573,98,100,0,600,2095
tas1base2libquantum,597,433,2064,1145,1673,2482,19,147958,11836,2068,1147,1708,2060,1145,1575,99,100,0,600,2077
tas1base2libquantum,597,434,2061,1144,1663,2488,19,147960,11836,2068,1146,1706,2061,1143,1574,98,100,0,600,2083
tas1base2libquantum,597,435,2062,1146,1663,2494,19,147962,11837,2063,1147,1697,2058,1144,1572,98,100,0,600,2095
tas1base2libquantum,597,436,2059,1144,1650,2499,19,147964,11837,2062,1146,1695,2057,1144,1572,98,100,0,601,2092
tas1base2libquantum,597,437,2060,1146,1653,2505,20,147966,11837,2064,1147,1699,2058,1144,1575,98,100,0,601,2100
tas1base2libquantum,597,438,2064,1146,1661,2511,20,147969,11837,2067,1147,1706,2060,1144,1572,99,100,0,601,2075
tas1base2libquantum,597,439,2060,1144,1651,2517,20,147974,11837,2064,1146,1696,2059,1143,1576,98,100,0,601,2092
tas1base2libquantum,597,440,2062,1145,1674,2522,20,147973,11837,2063,1146,1701,2059,1144,1573,98,100,0,601,2103
tas1base2libquantum,597,441,2060,1146,1653,2528,20,147974,11837,2064,1147,1694,2059,1143,1571,98,100,0,601,2086
tas1base2libquantum,597,442,2064,1145,1663,2534,20,147977,11838,2069,1147,1704,2058,1144,1584,98,100,0,601,2092
tas1base2libquantum,597,443,2063,1145,1667,2539,20,147983,11838,2067,1147,1698,2061,1144,1574,98,100,0,601,2097
tas1base2libquantum,597,444,2061,1144,1668,2545,20,147981,11838,2063,1146,1698,2059,1143,1574,98,100,0,601,2100
tas1base2libquantum,597,445,2069,1145,1689,2551,20,147985,11838,2069,1146,1712,2061,1143,1584,98,100,0,601,2106
tas1base2libquantum,597,446,2068,1144,1698,2557,20,147991,11839,2070,1146,1711,2067,1144,1579,98,100,0,601,2103
tas1base2libquantum,597,447,2062,1144,1676,2563,20,147990,11839,2070,1147,1705,2062,1144,1571,98,100,0,601,2092
tas1base2libquantum,597,448,2062,1144,1668,2568,20,147992,11839,2064,1146,1695,2059,1143,1574,98,100,0,601,2097
tas1base2libquantum,597,449,2058,1143,1656,2574,20,147997,11839,2062,1146,1700,2057,1141,1574,98,100,0,601,2083
tas1base2libquantum,597,450,2061,1144,1678,2580,20,147995,11839,2061,1146,1699,2058,1143,1573,98,100,0,601,2100
tas1base2libquantum,597,451,2058,1146,1649,2586,20,148000,11840,2062,1147,1696,2057,1144,1570,99,100,0,601,2075
tas1base2libquantum,597,452,2068,1146,1669,2591,20,148000,11840,2068,1147,1712,2057,1143,1584,98,100,0,601,2106
tas1base2libquantum,597,453,2072,1145,1668,2597,20,148007,11840,2073,1147,1706,2068,1144,1583,98,100,0,601,2100
tas1base2libquantum,597,454,2065,1146,1656,2603,20,148006,11840,2072,1147,1707,2065,1144,1571,99,100,0,601,2075
tas1base2libquantum,597,455,2059,1146,1661,2609,20,148011,11840,2065,1147,1707,2059,1144,1571,98,100,0,601,2089
tas1base2libquantum,597,456,2067,1147,1677,2614,20,148010,11840,2067,1148,1706,2058,1145,1569,97,100,0,601,2126
tas1base2libquantum,597,457,2063,1146,1647,2620,20,148012,11840,2068,1148,1705,2063,1145,1571,98,100,0,601,2089
tas1base2libquantum,597,458,2060,1145,1663,2626,21,148014,11841,2065,1148,1697,2059,1145,1571,97,100,0,600,2103
tas1base2libquantum,597,459,2070,1145,1659,2632,21,148017,11841,2070,1147,1710,2060,1144,1582,97,100,0,599,2120
tas1base2libquantum,597,460,2062,1146,1681,2637,21,148019,11841,2070,1147,1702,2062,1144,1571,98,100,0,600,2089
tas1base2libquantum,597,461,2058,1146,1687,2643,21,148020,11841,2062,1147,1694,2058,1145,1571,98,100,0,600,2089
tas1base2libquantum,597,462,2058,1146,1664,2649,21,148022,11841,2061,1147,1695,2055,1145,1573,98,100,0,600,2080
tas1base2libquantum,597,463,2057,1147,1673,2655,21,148023,11841,2063,1148,1703,2057,1144,1570,98,100,0,600,2083
tas1base2libquantum,597,464,2058,1146,1663,2660,21,148025,11842,2061,1147,1696,2056,1145,1569,98,100,0,600,2095
tas1base2libquantum,597,465,2062,1145,1662,2666,21,148030,11842,2066,1147,1705,2056,1144,1570,99,100,0,600,2080
tas1base2libquantum,597,466,2064,1146,1657,2672,21,148029,11842,2066,1146,1707,2061,1144,1582,98,100,0,600,2095
tas1base2libquantum,597,467,2061,1146,1652,2678,21,148031,11842,2065,1146,1696,2059,1144,1571,99,100,0,600,2072
tas1base2libquantum,597,468,2068,1146,1645,2683,21,148033,11842,2068,1147,1708,2059,1144,1582,98,100,0,600,2109
tas1base2libquantum,597,469,2064,1147,1654,2689,21,148036,11842,2068,1148,1700,2062,1145,1573,98,100,0,600,2103
tas1base2libquantum,597,470,2066,1146,1652,2695,21,148041,11843,2069,1147,1704,2062,1145,1570,99,100,0,600,2077
tas1base2libquantum,597,471,2059,1145,1661,2700,21,148039,11843,2066,1147,1691,2059,1145,1570,98,100,0,600,2089
tas1base2libquantum,597,472,2061,1146,1662,2706,21,148041,11843,2061,1147,1694,2058,1144,1570,98,100,0,600,2100
tas1base2libquantum,597,473,2066,1145,1650,2712,21,148044,11843,2069,1147,1707,2058,1145,1572,98,100,0,599,2097
tas1base2libquantum,597,474,2066,1148,1657,2718,21,148049,11843,2069,1148,1702,2064,1145,1581,98,100,0,600,2095
tas1base2libquantum,597,475,2061,1147,1659,2723,21,148048,11843,2067,1148,1694,2060,1145,1568,98,100,0,600,2100
tas1base2libquantum,597,476,2063,1146,1655,2729,21,148049,11843,2064,1148,1703,2056,1146,1569,98,100,0,600,2100
tas1base2libquantum,597,477,2058,1147,1647,2735,21,148051,11844,2066,1148,1706,2058,1145,1570,98,100,0,600,2089
tas1base2libquantum,597,478,2055,1146,1658,2741,21,148054,11844,2058,1148,1690,2054,1145,1570,98,100,0,600,2092
tas1base2libquantum,597,479,2057,1146,1675,2746,21,148053,11844,2057,1147,1695,2054,1145,1570,98,100,0,600,2095
tas1base2libquantum,597,480,2056,1145,1651,2752,22,148053,11844,2060,1147,1695,2054,1145,1569,98,100,0,600,2080
tas1base2libquantum,597,481,2069,1146,1660,2758,22,148057,11844,2069,1147,1705,2055,1144,1581,97,100,0,600,2117
tas1base2libquantum,597,482,2065,1145,1656,2764,22,148059,11844,2072,1147,1701,2065,1145,1576,98,100,0,600,2089
tas1base2libquantum,597,483,2058,1145,1650,2769,22,148060,11844,2065,1147,1698,2058,1144,1569,98,100,0,600,2089
tas1base2libquantum,597,484,2058,1146,1662,2775,22,148061,11844,2060,1147,1693,2056,1145,1575,98,100,0,600,2092
tas1base2libquantum,597,485,2055,1145,1651,2781,22,148065,11845,2059,1147,1693,2055,1145,1570,98,100,0,600,2086
tas1base2libquantum,597,486,2057,1145,1653,2787,22,148063,11845,2057,1147,1695,2054,1144,1571,97,100,0,600,2100
tas1base2libquantum,597,487,2065,1148,1574,2792,22,148065,11845,2065,1148,1707,2057,1144,1574,98,100,0,600,2097
tas1base2libquantum,597,488,2056,1146,1651,2798,22,148066,11845,2065,1148,1694,2056,1145,1568,98,100,0,600,2089
tas1base2libquantum,597,489,2064,1145,1658,2804,22,148068,11845,2064,1146,1706,2056,1145,1581,97,100,0,600,2109
tas1base2libquantum,597,490,2058,1146,1648,2810,22,148069,11845,2066,1147,1704,2058,1145,1570,99,100,0,601,2075
tas1base2libquantum,597,491,2060,1146,1666,2815,22,148071,11845,2060,1147,1702,2057,1144,1570,97,100,0,600,2103
tas1base2libquantum,597,492,2067,1146,1678,2821,22,148077,11846,2069,1148,1704,2060,1146,1580,98,100,0,600,2097
tas1base2libquantum,597,493,2060,1146,1649,2827,22,148078,11846,2067,1148,1694,2060,1145,1568,99,100,0,600,2063
tas1base2libquantum,597,494,2057,1146,1664,2833,22,148076,11846,2061,1147,1693,2057,1145,1569,98,100,0,601,2083
tas1base2libquantum,597,495,2070,1146,1676,2838,22,148079,11846,2070,1147,1705,2057,1145,1581,98,100,0,601,2112
tas1base2libquantum,597,496,2067,1146,1664,2844,22,148081,11846,2071,1147,1699,2066,1144,1577,98,100,0,601,2097
tas1base2libquantum,597,497,2071,1146,1670,2850,22,148085,11846,2073,1147,1707,2067,1145,1576,98,100,0,601,2095
tas1base2libquantum,597,498,2073,1147,1587,2856,22,148087,11847,2073,1148,1707,2069,1146,1575,98,100,0,601,2114
tas1base2libquantum,597,499,2060,1147,1657,2861,22,148089,11847,2073,1148,1702,2060,1145,1567,98,100,0,601,2086
tas1base2libquantum,597,500,2059,1147,1659,2867,22,148090,11847,2061,1147,1693,2056,1145,1570,98,100,0,601,2100
tas1base2libquantum,597,501,2057,1146,1643,2873,22,148091,11847,2060,1148,1692,2056,1145,1567,99,100,0,601,2077
tas1base2libquantum,597,502,2062,1147,1660,2879,23,148093,11847,2063,1148,1703,2055,1146,1580,98,100,0,601,2089
tas1base2libquantum,597,503,2057,1147,1658,2884,23,148093,11847,2062,1148,1694,2056,1145,1568,98,100,0,601,2097
tas1base2libquantum,597,504,2056,1146,1685,2890,23,148097,11847,2059,1148,1703,2054,1145,1568,98,100,0,601,2095
tas1base2libquantum,597,505,2067,1146,1670,2896,23,148097,11847,2067,1147,1708,2056,1145,1580,97,100,0,601,2112
tas1base2libquantum,597,506,2071,1148,1576,2902,23,148100,11848,2071,1148,1703,2067,1144,1576,98,100,0,601,2109
tas1base2libquantum,597,507,2069,1146,1662,2907,23,148102,11848,2072,1148,1705,2066,1145,1576,98,100,0,601,2103
tas1base2libquantum,597,508,2065,1146,1659,2913,23,148104,11848,2072,1148,1709,2063,1145,1569,98,100,0,601,2103
tas1base2libquantum,597,509,2059,1146,1650,2919,23,148105,11848,2065,1147,1691,2059,1145,1569,99,100,0,601,2077
tas1base2libquantum,597,510,2057,1145,1657,2925,23,148106,11848,2060,1148,1692,2057,1145,1568,98,100,0,601,2089
tas1base2libquantum,597,511,2061,1146,1668,2930,23,148108,11848,2061,1148,1691,2057,1145,1568,98,100,0,601,2103
tas1base2libquantum,597,512,2059,1148,1644,2936,23,148109,11848,2063,1149,1692,2057,1146,1567,99,100,0,601,2069
tas1base2libquantum,597,513,2057,1148,1654,2942,23,148113,11849,2060,1149,1697,2056,1146,1568,97,100,0,601,2100
tas1base2libquantum,597,514,2062,1148,1656,2948,23,148112,11848,2067,1149,1702,2057,1147,1576,98,100,0,601,2100
tas1base2libquantum,597,515,2057,1148,1653,2953,23,148115,11849,2063,1149,1696,2057,1145,1568,98,100,0,601,2086
tas1base2libquantum,597,516,2058,1148,1660,2959,23,148113,11849,2060,1149,1692,2056,1146,1568,97,100,0,601,2103
tas1base2libquantum,597,517,2062,1147,1618,2965,23,148115,11849,2062,1149,1695,2058,1146,1578,98,100,0,601,2103
tas1base2libquantum,597,518,2056,1147,1657,2971,23,148116,11849,2062,1148,1693,2056,1145,1569,98,100,0,601,2086
tas1base2libquantum,597,519,2056,1147,1671,2976,23,148119,11849,2058,1149,1694,2054,1146,1567,98,100,0,601,2086
tas1base2libquantum,597,520,2059,1148,1661,2982,23,148118,11849,2059,1149,1694,2054,1146,1571,98,100,0,600,2095
tas1base2libquantum,597,521,2060,1148,1659,2988,23,148119,11849,2060,1149,1698,2055,1146,1567,97,100,0,600,2103
tas1base2libquantum,597,522,2069,1148,1657,2994,23,148121,11849,2069,1149,1700,2060,1146,1578,97,100,0,600,2112
tas1base2libquantum,597,523,2067,1147,1647,2999,23,148127,11850,2072,1149,1704,2066,1146,1567,99,100,0,600,2072
tas1base2libquantum,597,524,2060,1148,1645,3005,24,148125,11850,2067,1149,1690,2060,1146,1572,98,100,0,600,2089
tas1base2libquantum,597,525,2061,1147,1654,3011,24,148126,11850,2063,1149,1693,2058,1146,1568,98,100,0,600,2097
tas1base2libquantum,597,526,2062,1148,1655,3017,24,148127,11850,2062,1149,1702,2057,1147,1567,98,100,0,600,2089
tas1base2libquantum,597,527,2063,1147,1643,3022,24,148129,11850,2068,1149,1701,2062,1145,1568,98,100,0,600,2089
tas1base2libquantum,597,528,2069,1147,1667,3028,24,148132,11850,2069,1149,1701,2063,1145,1578,97,100,0,600,2112
tas1base2libquantum,597,529,2062,1147,1649,3034,24,148136,11850,2071,1149,1701,2062,1146,1567,99,100,0,599,2080
tas1base2libquantum,597,530,2058,1147,1665,3039,24,148134,11850,2063,1148,1687,2058,1145,1570,98,100,0,599,2092
tas1base2libquantum,597,531,2059,1145,1686,3045,24,148135,11850,2062,1148,1693,2057,1145,1570,98,100,0,600,2095
tas1base2libquantum,597,532,2057,1147,1665,3051,24,148136,11850,2061,1148,1704,2056,1145,1569,98,100,0,600,2095
tas1base2libquantum,597,533,2060,1147,1663,3057,24,148138,11851,2064,1148,1705,2057,1145,1568,98,100,0,600,2097
tas1base2libquantum,597,534,2060,1146,1658,3062,24,148139,11851,2062,1148,1693,2057,1145,1570,98,100,0,600,2097
tas1base2libquantum,597,535,2060,1147,1657,3068,24,148140,11851,2060,1148,1699,2056,1145,1568,97,100,0,600,2103
tas1base2libquantum,597,536,2061,1147,1659,3074,24,148141,11851,2067,1148,1704,2060,1145,1576,98,100,0,600,2095
tas1base2libquantum,597,537,2059,1147,1660,3080,24,148142,11851,2062,1148,1690,2056,1146,1569,98,100,0,600,2095
tas1base2libquantum,597,538,2054,1147,1653,3085,24,148142,11851,2059,1148,1687,2054,1145,1569,98,100,0,600,2086
tas1base2libquantum,597,539,2061,1148,1656,3091,24,148144,11851,2061,1149,1700,2054,1146,1579,98,100,0,600,2097
tas1base2libquantum,597,540,2060,1149,1654,3097,24,148145,11851,2062,1149,1688,2057,1147,1571,98,100,0,600,2100
tas1base2libquantum,597,541,2056,1148,1653,3103,24,148145,11851,2060,1149,1687,2056,1147,1566,98,100,0,600,2092
tas1base2libquantum,597,542,2055,1147,1656,3108,24,148146,11851,2059,1149,1688,2055,1146,1569,98,100,0,600,2092
tas1base2libquantum,597,543,2061,1149,1591,3114,24,148147,11851,2061,1149,1693,2054,1146,1571,97,100,0,600,2112
tas1base2libquantum,597,544,2063,1147,1645,3120,24,148149,11851,2067,1149,1699,2059,1146,1580,98,100,0,600,2086
tas1base2libquantum,597,545,2062,1146,1668,3126,25,148150,11852,2063,1149,1695,2058,1146,1573,97,100,0,600,2114
tas1base2libquantum,597,546,2064,1148,1644,3131,25,148152,11852,2069,1149,1707,2062,1146,1567,99,100,0,600,2066
tas1base2libquantum,597,547,2056,1148,1645,3137,25,148153,11852,2064,1148,1691,2056,1146,1571,98,100,0,600,2083
tas1base2libquantum,597,548,2054,1147,1652,3143,25,148153,11852,2057,1148,1691,2053,1146,1568,98,100,0,601,2095
tas1base2libquantum,597,549,2051,1148,1645,3148,25,148153,11852,2054,1148,1694,2051,1146,1566,99,100,0,601,2066
tas1base2libquantum,597,550,2052,1148,1655,3154,25,148153,11852,2055,1149,1691,2051,1146,1568,98,100,0,601,2083
tas1base2libquantum,597,551,2055,1149,1672,3160,25,148154,11852,2056,1149,1688,2052,1147,1569,98,100,0,601,2092
tas1base2libquantum,597,552,2053,1148,1647,3166,25,148154,11852,2057,1150,1687,2053,1147,1567,99,100,0,601,2063
tas1base2libquantum,597,553,2054,1149,1641,3171,25,148155,11852,2057,1150,1690,2053,1148,1567,98,100,0,601,2080
tas1base2libquantum,597,554,2059,1148,1664,3177,25,148156,11852,2059,1150,1692,2052,1147,1568,97,100,0,601,2112
tas1base2libquantum,597,555,2057,1148,1652,3183,25,148159,11852,2060,1150,1698,2057,1147,1567,98,100,0,601,2086
tas1base2libquantum,597,556,2056,1149,1641,3189,25,148157,11852,2058,1150,1690,2055,1146,1566,98,100,0,601,2089
tas1base2libquantum,597,557,2056,1147,1658,3194,25,148158,11852,2059,1150,1688,2054,1146,1567,98,100,0,601,2095
tas1base2libquantum,597,558,2053,1149,1649,3200,25,148158,11852,2057,1150,1683,2053,1146,1567,99,100,0,601,2069
tas1base2libquantum,597,559,2052,1149,1651,3206,25,148158,11852,2055,1150,1685,2052,1147,1567,98,100,0,600,2089
tas1base2libquantum,597,560,2062,1149,1657,3212,25,148160,11852,2062,1150,1701,2052,1147,1577,98,100,0,600,2097
tas1base2libquantum,597,561,2054,1148,1641,3217,25,148160,11852,2062,1150,1688,2054,1147,1566,98,100,0,600,2089
tas1base2libquantum,597,562,2054,1149,1654,3223,25,148163,11853,2057,1150,1686,2053,1147,1568,98,100,0,600,2092
tas1base2libquantum,597,563,2062,1148,1672,3229,25,148162,11852,2062,1150,1700,2054,1147,1576,98,100,0,600,2103
tas1base2libquantum,597,564,2056,1147,1678,3234,25,148165,11853,2064,1150,1690,2056,1147,1567,99,100,0,600,2060
tas1base2libquantum,597,565,2057,1148,1663,3240,25,148163,11853,2059,1150,1695,2055,1147,1565,98,100,0,600,2092
tas1base2libquantum,597,566,2059,1149,1654,3246,25,148164,11853,2064,1150,1699,2057,1147,1568,98,100,0,600,2086
tas1base2libquantum,597,567,2053,1150,1638,3251,26,148164,11853,2059,1151,1686,2053,1148,1564,98,100,0,600,2086
tas1base2libquantum,597,568,2055,1149,1669,3257,26,148165,11853,2056,1150,1692,2052,1147,1567,97,100,0,600,2100
tas1base2libquantum,597,569,2064,1148,1659,3263,26,148169,11853,2064,1150,1696,2055,1147,1574,98,100,0,600,2097
tas1base2libquantum,597,570,2061,1149,1638,3269,26,148168,11853,2067,1150,1703,2059,1146,1565,98,100,0,600,2086
tas1base2libquantum,597,571,2057,1149,1651,3274,26,148169,11853,2061,1150,1690,2056,1147,1568,98,100,0,600,2095
tas1base2libquantum,597,572,2057,1149,1633,3280,26,148169,11853,2059,1150,1690,2054,1147,1566,98,100,0,600,2097
tas1base2libquantum,597,573,2053,1147,1665,3286,26,148172,11853,2057,1149,1688,2053,1145,1570,98,100,0,600,2086
tas1base2libquantum,597,574,2059,1148,1692,3292,26,148173,11853,2059,1149,1696,2052,1146,1570,97,100,0,600,2114
tas1base2libquantum,597,575,2058,1149,1653,3297,26,148171,11853,2064,1150,1699,2058,1146,1566,99,100,0,600,2060
tas1base2libquantum,597,576,2064,1149,1651,3303,26,148173,11853,2064,1149,1700,2057,1146,1579,98,100,0,600,2097
tas1base2libquantum,597,577,2062,1149,1665,3309,26,148176,11854,2064,1150,1695,2057,1147,1568,97,100,0,600,2106
tas1base2libquantum,597,578,2058,1148,1641,3315,26,148175,11854,2063,1150,1700,2058,1147,1566,99,100,0,600,2075
tas1base2libquantum,597,579,2056,1149,1644,3320,26,148175,11854,2059,1149,1692,2055,1147,1567,98,100,0,600,2089
tas1base2libquantum,597,580,2064,1149,1663,3326,26,148177,11854,2064,1149,1702,2055,1146,1578,97,100,0,600,2109
tas1base2libquantum,597,581,2057,1147,1646,3332,26,148177,11854,2065,1149,1694,2057,1144,1568,98,100,0,600,2089
tas1base2libquantum,597,582,2058,1147,1660,3338,26,148178,11854,2058,1148,1699,2055,1146,1569,97,100,0,599,2109
tas1base2libquantum,597,583,2057,1148,1646,3343,26,148181,11854,2063,1148,1697,2057,1146,1575,99,100,0,600,2075
tas1base2libquantum,597,584,2063,1147,1672,3349,26,148181,11854,2063,1148,1699,2055,1145,1580,97,100,0,600,2109
tas1base2libquantum,597,585,2058,1147,1643,3355,26,148181,11854,2067,1149,1699,2058,1146,1569,99,100,0,600,2063
tas1base2libquantum,597,586,2056,1147,1685,3361,26,148185,11854,2060,1149,1694,2056,1147,1566,98,100,0,601,2083
tas1base2libquantum,597,587,2058,1147,1648,3366,26,148186,11854,2059,1149,1690,2055,1146,1573,98,100,0,601,2095
tas1base2libquantum,597,588,2052,1147,1673,3372,26,148183,11854,2058,1149,1690,2052,1146,1567,98,100,0,601,2083
tas1base2libquantum,597,589,2054,1149,1600,3378,27,148183,11854,2054,1149,1689,2051,1146,1567,98,100,0,601,2092
tas1base2libquantum,597,590,2057,1148,1648,3384,27,148184,11854,2057,1150,1699,2050,1145,1576,98,100,0,601,2083
tas1base2libquantum,597,591,2054,1149,1617,3389,27,148183,11854,2057,1149,1690,2052,1147,1566,98,100,0,601,2095
tas1base2libquantum,597,592,1925,1150,1589,3395,27,148181,11854,2054,1151,1694,1925,1146,1530,98,100,0,601,1958
tas1base2libquantum,597,593,1929,1150,1535,3400,27,148166,11853,1929,1150,1608,1925,1148,1530,98,100,0,601,1958
tas1base2libquantum,597,594,2019,1149,1591,3406,27,148154,11852,2019,1150,1659,1929,1147,1516,99,100,0,601,2038
tas1base2libquantum,597,595,2033,1148,1591,3411,27,148152,11852,2033,1149,1694,2017,1146,1584,97,100,0,601,2080
tas1base2libquantum,597,596,1696,1149,1363,3416,27,148115,11849,2033,1151,1677,1692,1147,1360,96,100,0,601,1750
Processed 597 lines from power meter
There were 0 errors in reading from the meter
