RunId,NumDataLines,SeqNum,Watts,Amps,WattHours,Cost,MoKWh,MoCost,MaxWatts,MaxVolts,MaxAmps,MinWatts,MinVolts,MinAmps,Factor,DutyCycle,PowerCycle
tas1base2hmmer,484,0,1909,1143,1533,9,0,136613,10929,1910,1144,1619,1898,1142,1526,98,100,0,600,1930
tas1base2hmmer,484,1,1911,1144,1540,15,0,137083,10966,1911,1145,1598,1905,1143,1523,96,100,0,600,1972
tas1base2hmmer,484,2,1921,1146,1549,20,0,137516,11001,1921,1146,1613,1910,1143,1524,97,100,0,600,1961
tas1base2hmmer,484,3,1922,1146,1534,25,0,138047,11043,1922,1147,1619,1915,1144,1523,97,100,0,600,1969
tas1base2hmmer,484,4,1912,1146,1529,31,0,137766,11021,1922,1147,1611,1911,1144,1523,97,100,0,600,1952
tas1base2hmmer,484,5,1910,1147,1543,36,0,137785,11022,1913,1148,1591,1905,1145,1520,97,100,0,600,1952
tas1base2hmmer,484,6,1905,1145,1528,42,0,137781,11022,1914,1147,1595,1905,1144,1522,98,100,0,600,1927
tas1base2hmmer,484,7,1912,1144,1618,47,0,138005,11040,1912,1147,1619,1904,1144,1522,98,100,0,600,1938
tas1base2hmmer,484,8,1904,1146,1526,52,0,137830,11026,1969,1147,1619,1902,1144,1519,97,100,0,600,1944
tas1base2hmmer,484,9,1908,1146,1544,57,0,137898,11031,1966,1147,1613,1900,1144,1523,97,100,0,600,1952
tas1base2hmmer,484,10,1907,1146,1541,63,0,137879,11030,1908,1148,1573,1903,1144,1521,98,100,0,600,1941
tas1base2hmmer,484,11,1907,1147,1554,68,0,137875,11030,1908,1148,1580,1906,1145,1520,98,100,0,600,1938
tas1base2hmmer,484,12,1910,1147,1536,73,0,137877,11030,1910,1148,1601,1906,1145,1522,97,100,0,601,1950
tas1base2hmmer,484,13,1909,1147,1535,79,0,137962,11036,1910,1148,1585,1906,1145,1520,98,100,0,601,1947
tas1base2hmmer,484,14,1918,1147,1533,84,0,137930,11034,1918,1148,1616,1909,1146,1532,98,100,0,601,1955
tas1base2hmmer,484,15,1921,1148,1534,89,0,137968,11037,1921,1148,1624,1913,1145,1531,97,100,0,601,1972
tas1base2hmmer,484,16,1909,1147,1524,95,0,137955,11036,1922,1148,1601,1909,1146,1519,99,100,0,601,1927
tas1base2hmmer,484,17,1963,1146,1547,100,0,138003,11040,1964,1148,1614,1907,1144,1519,98,100,0,601,1995
tas1base2hmmer,484,18,1927,1144,1543,105,0,138030,11042,1963,1146,1610,1927,1143,1526,99,100,0,601,1930
tas1base2hmmer,484,19,1919,1145,1552,111,0,138042,11043,1927,1146,1589,1918,1144,1528,98,100,0,601,1952
tas1base2hmmer,484,20,1916,1145,1529,116,0,138059,11044,1922,1146,1625,1916,1143,1525,99,100,0,601,1927
tas1base2hmmer,484,21,1934,1144,1537,121,0,138169,11053,1996,1146,1618,1915,1143,1525,98,100,0,601,1972
tas1base2hmmer,484,22,1916,1146,1526,127,1,138218,11057,1934,1146,1594,1914,1144,1523,98,100,0,601,1955
tas1base2hmmer,484,23,1904,1146,1527,132,1,138126,11050,1916,1147,1584,1904,1144,1524,98,100,0,601,1927
tas1base2hmmer,484,24,1905,1146,1568,138,1,138116,11049,1910,1146,1604,1903,1144,1525,98,100,0,600,1932
tas1base2hmmer,484,25,1927,1146,1538,143,1,138162,11052,1994,1147,1622,1905,1144,1525,99,100,0,601,1935
tas1base2hmmer,484,26,1923,1147,1551,148,1,138191,11055,1927,1147,1625,1922,1145,1531,98,100,0,601,1952
tas1base2hmmer,484,27,1912,1147,1526,154,1,138183,11054,1924,1147,1609,1912,1145,1522,99,100,0,601,1924
tas1base2hmmer,484,28,1902,1146,1594,159,1,138201,11056,1912,1148,1594,1902,1145,1521,98,100,0,601,1927
tas1base2hmmer,484,29,1907,1147,1526,164,1,138141,11051,1907,1148,1598,1902,1145,1521,98,100,0,601,1941
tas1base2hmmer,484,30,1905,1147,1522,169,1,138126,11050,1908,1148,1594,1905,1145,1519,98,100,0,601,1941
tas1base2hmmer,484,31,1906,1145,1527,175,1,138152,11052,1906,1148,1590,1901,1144,1522,98,100,0,601,1944
tas1base2hmmer,484,32,1907,1148,1540,180,1,138101,11048,1910,1148,1592,1905,1145,1521,98,100,0,600,1930
tas1base2hmmer,484,33,1910,1146,1538,185,1,138134,11050,1910,1148,1575,1904,1145,1522,97,100,0,600,1958
tas1base2hmmer,484,34,1906,1147,1537,191,1,138122,11049,1911,1148,1596,1906,1145,1522,98,100,0,600,1932
tas1base2hmmer,484,35,1907,1145,1530,196,1,138112,11049,1907,1148,1574,1905,1145,1521,98,100,0,600,1941
tas1base2hmmer,484,36,1913,1146,1531,201,1,138083,11046,1914,1148,1602,1907,1144,1521,98,100,0,600,1935
tas1base2hmmer,484,37,1900,1146,1531,207,1,138052,11044,1913,1148,1536,1900,1145,1518,98,100,0,600,1930
tas1base2hmmer,484,38,1895,1147,1520,212,1,138021,11041,1900,1148,1538,1895,1146,1519,98,100,0,600,1915
tas1base2hmmer,484,39,1894,1147,1519,217,1,137993,11039,1897,1148,1547,1894,1146,1517,98,100,0,600,1918
tas1base2hmmer,484,40,1893,1147,1519,223,1,137966,11037,1897,1148,1534,1893,1145,1517,98,100,0,601,1918
tas1base2hmmer,484,41,1892,1147,1519,228,1,137938,11035,1896,1148,1532,1892,1145,1518,98,100,0,601,1915
tas1base2hmmer,484,42,1893,1147,1519,233,1,137913,11033,1896,1148,1573,1891,1146,1516,98,100,0,601,1915
tas1base2hmmer,484,43,1898,1147,1527,238,1,137899,11031,1898,1148,1546,1892,1145,1519,98,100,0,601,1930
tas1base2hmmer,484,44,1898,1146,1535,244,1,137912,11032,1898,1148,1535,1897,1145,1523,98,100,0,601,1930
tas1base2hmmer,484,45,1895,1147,1529,249,1,137858,11028,1898,1148,1545,1893,1146,1518,98,100,0,601,1930
tas1base2hmmer,484,46,1888,1147,1519,254,2,137825,11026,1896,1148,1530,1888,1146,1517,98,100,0,601,1913
tas1base2hmmer,484,47,1891,1147,1519,259,2,137803,11024,1893,1148,1532,1888,1146,1517,98,100,0,601,1915
tas1base2hmmer,484,48,1893,1147,1530,265,2,137809,11024,1893,1148,1541,1888,1146,1516,98,100,0,601,1930
tas1base2hmmer,484,49,1894,1147,1530,270,2,137761,11020,1894,1147,1533,1890,1145,1518,98,100,0,601,1930
tas1base2hmmer,484,50,1894,1147,1530,275,2,137740,11019,1894,1147,1532,1890,1145,1518,98,100,0,601,1930
tas1base2hmmer,484,51,1893,1147,1520,281,2,137723,11017,1897,1147,1543,1893,1145,1519,98,100,0,601,1915
tas1base2hmmer,484,52,1892,1146,1520,286,2,137705,11016,1896,1147,1539,1892,1145,1518,98,100,0,600,1915
tas1base2hmmer,484,53,1893,1146,1531,291,2,137686,11014,1893,1147,1532,1888,1145,1518,98,100,0,600,1927
tas1base2hmmer,484,54,1897,1146,1531,296,2,137677,11014,1897,1147,1534,1893,1145,1525,98,100,0,599,1930
tas1base2hmmer,484,55,1895,1147,1530,302,2,137661,11012,1898,1147,1533,1892,1145,1518,98,100,0,600,1930
tas1base2hmmer,484,56,1894,1147,1529,307,2,137645,11011,1896,1148,1532,1891,1145,1518,98,100,0,600,1930
tas1base2hmmer,484,57,1894,1147,1530,312,2,137630,11010,1895,1148,1532,1890,1146,1518,98,100,0,600,1930
tas1base2hmmer,484,58,1894,1147,1529,317,2,137614,11009,1895,1148,1531,1890,1146,1516,98,100,0,600,1927
tas1base2hmmer,484,59,1894,1146,1529,323,2,137622,11009,1894,1148,1530,1890,1145,1516,98,100,0,600,1930
tas1base2hmmer,484,60,1894,1147,1529,328,2,137585,11006,1894,1147,1532,1890,1145,1517,98,100,0,600,1927
tas1base2hmmer,484,61,1894,1146,1530,333,2,137593,11007,1894,1148,1531,1890,1145,1517,98,100,0,600,1930
tas1base2hmmer,484,62,1896,1146,1530,339,2,137563,11005,1896,1147,1532,1894,1145,1523,98,100,0,600,1927
tas1base2hmmer,484,63,1898,1145,1531,344,2,137558,11004,1898,1147,1533,1896,1144,1525,98,100,0,600,1930
tas1base2hmmer,484,64,1896,1146,1532,349,2,137546,11003,1898,1148,1533,1893,1145,1516,98,100,0,600,1930
tas1base2hmmer,484,65,1896,1147,1530,354,2,137537,11002,1897,1148,1533,1893,1144,1518,98,100,0,599,1930
tas1base2hmmer,484,66,1896,1146,1531,360,2,137526,11002,1897,1148,1532,1892,1146,1518,98,100,0,600,1932
tas1base2hmmer,484,67,1898,1147,1530,365,2,137540,11003,1898,1147,1535,1896,1145,1524,98,100,0,599,1930
tas1base2hmmer,484,68,1896,1147,1530,370,2,137511,11000,1898,1147,1533,1894,1145,1518,98,100,0,600,1930
tas1base2hmmer,484,69,1895,1147,1531,375,3,137501,11000,1897,1148,1533,1892,1145,1518,98,100,0,600,1930
tas1base2hmmer,484,70,1895,1147,1529,381,3,137491,10999,1896,1148,1532,1892,1146,1516,98,100,0,600,1930
tas1base2hmmer,484,71,1896,1147,1530,386,3,137502,11000,1896,1148,1532,1892,1145,1517,98,100,0,600,1927
tas1base2hmmer,484,72,1895,1146,1530,391,3,137475,10998,1896,1148,1553,1892,1145,1513,98,100,0,600,1930
tas1base2hmmer,484,73,1898,1146,1531,397,3,137470,10997,1898,1147,1549,1895,1145,1523,98,100,0,600,1930
tas1base2hmmer,484,74,1890,1145,1522,402,3,137456,10996,1898,1147,1531,1890,1144,1518,98,100,0,600,1915
tas1base2hmmer,484,75,1897,1146,1532,407,3,137452,10996,1897,1147,1542,1890,1145,1520,98,100,0,600,1930
tas1base2hmmer,484,76,1894,1146,1520,412,3,137445,10995,1899,1147,1538,1894,1145,1518,98,100,0,600,1915
tas1base2hmmer,484,77,1897,1147,1531,418,3,137440,10995,1897,1149,1532,1893,1145,1519,98,100,0,599,1930
tas1base2hmmer,484,78,1896,1147,1530,423,3,137432,10994,1897,1148,1532,1893,1145,1515,98,100,0,600,1930
tas1base2hmmer,484,79,1895,1147,1529,428,3,137424,10993,1896,1148,1544,1891,1146,1517,98,100,0,600,1927
tas1base2hmmer,484,80,1893,1147,1518,434,3,137417,10993,1898,1148,1531,1893,1146,1516,98,100,0,600,1915
tas1base2hmmer,484,81,1893,1147,1530,439,3,137425,10994,1893,1148,1533,1889,1146,1515,98,100,0,600,1930
tas1base2hmmer,484,82,1893,1145,1521,444,3,137418,10993,1897,1148,1545,1893,1145,1516,98,100,0,600,1915
tas1base2hmmer,484,83,1897,1147,1531,449,3,137399,10991,1897,1148,1534,1892,1145,1521,98,100,0,601,1930
tas1base2hmmer,484,84,1893,1147,1517,455,3,137391,10991,1898,1148,1531,1893,1146,1516,98,100,0,601,1915
tas1base2hmmer,484,85,1892,1146,1519,460,3,137383,10990,1895,1148,1534,1892,1146,1517,98,100,0,601,1915
tas1base2hmmer,484,86,1897,1147,1530,465,3,137380,10990,1897,1148,1531,1891,1146,1518,98,100,0,601,1930
tas1base2hmmer,484,87,1898,1147,1531,471,3,137378,10990,1898,1148,1532,1897,1145,1524,98,100,0,601,1930
tas1base2hmmer,484,88,1894,1147,1522,476,3,137372,10989,1899,1148,1533,1894,1145,1518,98,100,0,601,1918
tas1base2hmmer,484,89,1893,1147,1519,481,3,137366,10989,1897,1148,1533,1893,1145,1519,98,100,0,601,1915
tas1base2hmmer,484,90,1897,1148,1530,486,3,137364,10989,1898,1149,1577,1892,1145,1519,98,100,0,601,1930
tas1base2hmmer,484,91,1894,1148,1518,492,3,137373,10989,1899,1149,1531,1894,1147,1517,98,100,0,601,1915
tas1base2hmmer,484,92,1893,1147,1520,497,3,137352,10988,1897,1148,1545,1893,1146,1518,98,100,0,601,1915
tas1base2hmmer,484,93,1892,1147,1519,502,4,137346,10987,1896,1148,1543,1892,1144,1518,98,100,0,600,1915
tas1base2hmmer,484,94,1896,1147,1530,508,4,137344,10987,1896,1148,1540,1892,1145,1519,98,100,0,601,1930
tas1base2hmmer,484,95,1898,1147,1531,513,4,137343,10987,1898,1148,1537,1896,1145,1524,98,100,0,601,1930
tas1base2hmmer,484,96,1894,1146,1522,518,4,137337,10987,1899,1148,1533,1894,1145,1519,98,100,0,601,1915
tas1base2hmmer,484,97,1893,1146,1521,523,4,137345,10987,1896,1147,1540,1893,1144,1519,98,100,0,601,1915
tas1base2hmmer,484,98,1892,1147,1521,529,4,137326,10986,1896,1147,1535,1892,1145,1519,98,100,0,601,1915
tas1base2hmmer,484,99,1892,1146,1520,534,4,137320,10985,1895,1147,1533,1891,1145,1518,98,100,0,601,1915
tas1base2hmmer,484,100,1892,1147,1519,539,4,137315,10985,1895,1148,1536,1891,1144,1518,98,100,0,601,1915
tas1base2hmmer,484,101,1896,1147,1530,545,4,137312,10985,1896,1148,1533,1891,1146,1519,98,100,0,601,1930
tas1base2hmmer,484,102,1895,1146,1530,550,4,137307,10984,1896,1148,1552,1892,1146,1512,98,100,0,601,1930
tas1base2hmmer,484,103,1897,1147,1530,555,4,137306,10984,1897,1148,1531,1895,1146,1523,98,100,0,601,1930
tas1base2hmmer,484,104,1896,1147,1531,560,4,137301,10984,1898,1148,1536,1893,1145,1517,98,100,0,601,1930
tas1base2hmmer,484,105,1895,1146,1532,566,4,137296,10983,1896,1147,1534,1892,1144,1518,98,100,0,601,1930
tas1base2hmmer,484,106,1894,1146,1531,571,4,137303,10984,1896,1147,1533,1891,1144,1519,98,100,0,601,1930
tas1base2hmmer,484,107,1894,1147,1530,576,4,137285,10982,1895,1147,1533,1891,1145,1518,98,100,0,601,1930
tas1base2hmmer,484,108,1892,1146,1520,581,4,137281,10982,1896,1148,1545,1892,1145,1518,98,100,0,601,1913
tas1base2hmmer,484,109,1892,1146,1521,587,4,137276,10982,1895,1147,1533,1892,1145,1519,98,100,0,601,1915
tas1base2hmmer,484,110,1892,1148,1518,592,4,137283,10982,1895,1149,1538,1892,1145,1514,98,100,0,601,1915
tas1base2hmmer,484,111,1892,1148,1517,597,4,137267,10981,1895,1149,1542,1891,1146,1516,98,100,0,601,1913
tas1base2hmmer,484,112,1892,1147,1517,603,4,137263,10981,1895,1149,1535,1891,1146,1516,98,100,0,600,1915
tas1base2hmmer,484,113,1896,1147,1530,608,4,137273,10981,1896,1148,1531,1891,1146,1517,98,100,0,600,1930
tas1base2hmmer,484,114,1889,1147,1518,613,4,137253,10980,1896,1148,1530,1889,1146,1516,98,100,0,600,1915
tas1base2hmmer,484,115,1896,1146,1531,618,4,137264,10981,1896,1149,1532,1889,1146,1516,98,100,0,600,1930
tas1base2hmmer,484,116,1893,1146,1520,624,4,137248,10979,1898,1148,1532,1893,1145,1518,98,100,0,600,1915
tas1base2hmmer,484,117,1893,1146,1519,629,5,137244,10979,1896,1148,1533,1892,1144,1517,98,100,0,599,1915
tas1base2hmmer,484,118,1691,1146,1362,634,5,137124,10969,1893,1149,1553,1690,1145,1361,98,100,0,600,1719
tas1base2hmmer,484,119,1893,1146,1527,639,5,137116,10969,1895,1148,1551,1691,1144,1362,98,100,0,600,1930
tas1base2hmmer,484,120,1891,1146,1533,644,5,137122,10969,1894,1147,1559,1890,1144,1508,98,100,0,600,1927
tas1base2hmmer,484,121,1889,1147,1520,649,5,137105,10968,1891,1148,1549,1886,1146,1506,98,100,0,600,1924
tas1base2hmmer,484,122,1889,1145,1521,655,5,137110,10968,1889,1148,1550,1887,1145,1505,98,100,0,600,1921
tas1base2hmmer,484,123,1882,1147,1514,660,5,137089,10967,1889,1148,1554,1882,1145,1504,98,100,0,600,1907
tas1base2hmmer,484,124,1885,1148,1519,665,5,137082,10966,1885,1148,1545,1882,1145,1506,98,100,0,600,1918
tas1base2hmmer,484,125,1880,1148,1526,671,5,137071,10965,1885,1148,1533,1879,1146,1506,98,100,0,600,1913
tas1base2hmmer,484,126,1884,1148,1517,676,5,137065,10965,1886,1149,1551,1880,1146,1505,98,100,0,600,1921
tas1base2hmmer,484,127,1884,1148,1511,681,5,137058,10964,1886,1148,1547,1884,1146,1506,98,100,0,600,1910
tas1base2hmmer,484,128,1889,1147,1511,686,5,137055,10964,1891,1148,1549,1884,1146,1505,98,100,0,600,1913
tas1base2hmmer,484,129,1894,1147,1520,692,5,137062,10965,1894,1148,1556,1883,1146,1505,97,100,0,600,1941
tas1base2hmmer,484,130,1890,1146,1521,697,5,137047,10963,1894,1148,1553,1888,1145,1506,98,100,0,600,1927
tas1base2hmmer,484,131,1888,1146,1542,702,5,137051,10964,1890,1148,1544,1883,1145,1506,97,100,0,600,1944
tas1base2hmmer,484,132,1888,1147,1509,707,5,137036,10962,1891,1148,1561,1888,1145,1506,98,100,0,600,1915
tas1base2hmmer,484,133,1880,1146,1511,713,5,137026,10962,1888,1147,1544,1880,1145,1508,98,100,0,600,1904
tas1base2hmmer,484,134,1885,1147,1522,718,5,137020,10961,1885,1148,1549,1880,1145,1507,98,100,0,600,1918
tas1base2hmmer,484,135,1887,1146,1509,723,5,137027,10962,1893,1147,1556,1885,1146,1507,99,100,0,601,1904
tas1base2hmmer,484,136,1887,1145,1520,728,5,137012,10960,1887,1147,1536,1886,1145,1509,98,100,0,601,1915
tas1base2hmmer,484,137,1885,1146,1520,734,5,137005,10960,1887,1148,1536,1883,1145,1505,98,100,0,600,1918
tas1base2hmmer,484,138,1888,1145,1510,739,5,137001,10960,1890,1147,1546,1885,1145,1507,99,100,0,600,1901
tas1base2hmmer,484,139,1882,1146,1509,744,5,136993,10959,1888,1148,1529,1882,1145,1506,98,100,0,600,1904
tas1base2hmmer,484,140,1882,1147,1523,749,5,136986,10958,1882,1148,1536,1878,1146,1503,98,100,0,600,1918
tas1base2hmmer,484,141,1885,1147,1520,755,6,136990,10959,1885,1148,1544,1881,1146,1505,98,100,0,599,1918
tas1base2hmmer,484,142,1886,1147,1518,760,6,136976,10958,1889,1148,1556,1885,1146,1505,98,100,0,600,1915
tas1base2hmmer,484,143,1886,1147,1508,765,6,136971,10957,1886,1148,1542,1884,1146,1504,98,100,0,600,1915
tas1base2hmmer,484,144,1896,1147,1520,771,6,136972,10957,1897,1148,1557,1885,1146,1505,98,100,0,599,1921
tas1base2hmmer,484,145,1887,1147,1521,776,6,136975,10958,1896,1148,1537,1887,1146,1506,98,100,0,600,1915
tas1base2hmmer,484,146,1885,1147,1523,781,6,136969,10957,1888,1149,1539,1883,1146,1506,98,100,0,600,1918
tas1base2hmmer,484,147,1885,1148,1507,786,6,136955,10956,1886,1149,1545,1884,1147,1503,98,100,0,600,1918
tas1base2hmmer,484,148,1892,1148,1507,791,6,136954,10956,1894,1148,1553,1884,1146,1506,99,100,0,600,1910
tas1base2hmmer,484,149,1885,1146,1507,797,6,136957,10956,1892,1148,1554,1885,1146,1505,99,100,0,600,1904
tas1base2hmmer,484,150,1888,1148,1516,802,6,136945,10955,1888,1149,1549,1884,1146,1504,98,100,0,600,1921
tas1base2hmmer,484,151,1885,1148,1521,807,6,136939,10955,1888,1149,1535,1883,1146,1503,98,100,0,600,1915
tas1base2hmmer,484,152,1884,1148,1529,813,6,136934,10954,1885,1149,1545,1881,1146,1505,98,100,0,600,1915
tas1base2hmmer,484,153,1885,1148,1522,818,6,136928,10954,1886,1149,1543,1881,1147,1503,98,100,0,600,1921
tas1base2hmmer,484,154,1881,1147,1517,823,6,136921,10953,1886,1149,1535,1881,1147,1503,98,100,0,600,1907
tas1base2hmmer,484,155,1877,1147,1510,828,6,136921,10953,1881,1150,1539,1877,1146,1502,98,100,0,600,1901
tas1base2hmmer,484,156,1881,1147,1518,833,6,136907,10952,1883,1148,1573,1877,1144,1505,98,100,0,601,1910
tas1base2hmmer,484,157,1885,1148,1517,839,6,136904,10952,1887,1149,1553,1881,1145,1508,98,100,0,601,1913
tas1base2hmmer,484,158,1878,1148,1508,844,6,136904,10952,1885,1148,1539,1878,1145,1505,98,100,0,601,1901
tas1base2hmmer,484,159,1886,1148,1518,849,6,136892,10951,1886,1148,1550,1878,1146,1508,98,100,0,601,1915
tas1base2hmmer,484,160,1884,1148,1517,854,6,136887,10950,1886,1149,1538,1882,1147,1503,98,100,0,601,1915
tas1base2hmmer,484,161,1886,1148,1518,860,6,136883,10950,1886,1149,1537,1884,1146,1505,98,100,0,601,1918
tas1base2hmmer,484,162,1883,1148,1528,865,6,136878,10950,1887,1149,1556,1883,1147,1506,99,100,0,601,1901
tas1base2hmmer,484,163,1886,1147,1524,870,6,136874,10949,1886,1149,1544,1881,1146,1504,98,100,0,601,1924
tas1base2hmmer,484,164,1886,1147,1524,875,7,136879,10950,1887,1149,1545,1884,1146,1507,98,100,0,601,1921
tas1base2hmmer,484,165,1887,1148,1524,881,7,136867,10949,1887,1149,1542,1883,1146,1502,98,100,0,601,1924
tas1base2hmmer,484,166,1885,1148,1518,886,7,136861,10948,1887,1149,1534,1882,1147,1501,98,100,0,601,1918
tas1base2hmmer,484,167,1886,1147,1518,891,7,136858,10948,1886,1149,1542,1884,1146,1511,98,100,0,601,1918
tas1base2hmmer,484,168,1890,1148,1524,897,7,136857,10948,1894,1149,1556,1886,1146,1507,99,100,0,601,1904
tas1base2hmmer,484,169,1890,1148,1508,902,7,136864,10949,1893,1148,1551,1890,1146,1506,98,100,0,601,1924
tas1base2hmmer,484,170,1886,1148,1507,907,7,136852,10948,1890,1150,1548,1885,1146,1504,98,100,0,601,1913
tas1base2hmmer,484,171,1884,1148,1512,912,7,136847,10947,1887,1149,1536,1884,1146,1502,99,100,0,601,1901
tas1base2hmmer,484,172,1884,1147,1507,918,7,136843,10947,1887,1149,1552,1883,1146,1502,99,100,0,601,1901
tas1base2hmmer,484,173,1886,1147,1535,923,7,136840,10947,1886,1148,1553,1882,1145,1506,97,100,0,601,1935
tas1base2hmmer,484,174,1888,1148,1533,928,7,136838,10947,1888,1149,1544,1886,1146,1506,98,100,0,601,1921
tas1base2hmmer,484,175,1883,1149,1506,933,7,136834,10946,1892,1150,1538,1883,1147,1502,98,100,0,601,1904
tas1base2hmmer,484,176,1886,1148,1518,939,7,136831,10946,1886,1150,1543,1882,1147,1502,98,100,0,601,1918
tas1base2hmmer,484,177,1887,1148,1507,944,7,136828,10946,1889,1150,1542,1886,1148,1505,98,100,0,601,1913
tas1base2hmmer,484,178,1888,1148,1519,949,7,136826,10946,1890,1149,1553,1885,1145,1506,98,100,0,600,1918
tas1base2hmmer,484,179,1884,1148,1508,954,7,136823,10945,1888,1149,1542,1884,1147,1503,98,100,0,599,1904
tas1base2hmmer,484,180,1883,1149,1506,960,7,136818,10945,1887,1150,1548,1883,1147,1502,98,100,0,600,1904
tas1base2hmmer,484,181,1888,1148,1519,965,7,136817,10945,1888,1150,1544,1882,1147,1503,98,100,0,600,1918
tas1base2hmmer,484,182,1889,1148,1522,970,7,136814,10945,1889,1149,1558,1884,1147,1505,98,100,0,599,1918
tas1base2hmmer,484,183,1891,1148,1511,975,7,136813,10945,1891,1149,1546,1888,1147,1503,97,100,0,599,1935
tas1base2hmmer,484,184,1886,1147,1508,981,7,136809,10944,1891,1149,1531,1886,1146,1506,98,100,0,600,1913
tas1base2hmmer,484,185,1889,1148,1519,986,7,136808,10944,1889,1148,1548,1885,1145,1507,97,100,0,600,1930
tas1base2hmmer,484,186,1908,1146,1557,991,7,136815,10945,1908,1148,1558,1889,1145,1509,97,100,0,601,1955
tas1base2hmmer,484,187,1894,1147,1509,997,7,136815,10945,1912,1147,1558,1894,1145,1508,99,100,0,601,1901
tas1base2hmmer,484,188,1887,1146,1509,1002,8,136812,10945,1894,1147,1548,1887,1146,1506,99,100,0,601,1904
tas1base2hmmer,484,189,1878,1147,1510,1007,8,136812,10944,1887,1147,1528,1878,1145,1506,98,100,0,601,1904
tas1base2hmmer,484,190,1884,1146,1515,1012,8,136802,10944,1884,1147,1543,1878,1145,1505,98,100,0,601,1913
tas1base2hmmer,484,191,1885,1146,1520,1017,8,136799,10943,1885,1147,1541,1883,1145,1508,98,100,0,601,1915
tas1base2hmmer,484,192,1879,1147,1510,1023,8,136793,10943,1885,1147,1545,1879,1145,1503,98,100,0,601,1904
tas1base2hmmer,484,193,1885,1147,1516,1028,8,136790,10943,1885,1147,1553,1879,1145,1507,98,100,0,601,1918
tas1base2hmmer,484,194,1884,1148,1509,1033,8,136794,10943,1887,1148,1558,1884,1145,1504,98,100,0,601,1910
tas1base2hmmer,484,195,1881,1150,1504,1039,8,136782,10942,1884,1150,1521,1879,1145,1504,98,100,0,601,1913
tas1base2hmmer,484,196,1883,1149,1530,1044,8,136778,10942,1883,1150,1545,1877,1147,1503,97,100,0,601,1924
tas1base2hmmer,484,197,1889,1149,1516,1049,8,136776,10942,1889,1150,1541,1883,1147,1500,98,100,0,601,1921
tas1base2hmmer,484,198,1896,1148,1516,1054,8,136777,10942,1896,1150,1553,1887,1147,1505,98,100,0,601,1927
tas1base2hmmer,484,199,1881,1149,1507,1059,8,136779,10942,1896,1150,1536,1881,1147,1504,98,100,0,601,1904
tas1base2hmmer,484,200,1884,1149,1506,1065,8,136768,10941,1884,1150,1545,1879,1148,1503,98,100,0,601,1904
tas1base2hmmer,484,201,1887,1148,1523,1070,8,136767,10941,1887,1149,1536,1883,1146,1503,98,100,0,601,1915
tas1base2hmmer,484,202,1886,1149,1507,1075,8,136764,10941,1889,1150,1549,1886,1147,1503,99,100,0,601,1901
tas1base2hmmer,484,203,1887,1148,1550,1081,8,136762,10941,1887,1150,1551,1881,1146,1502,97,100,0,601,1930
tas1base2hmmer,484,204,1887,1146,1523,1086,8,136760,10940,1890,1150,1551,1886,1146,1503,98,100,0,601,1921
tas1base2hmmer,484,205,1887,1148,1519,1091,8,136758,10940,1889,1150,1544,1886,1146,1505,98,100,0,601,1915
tas1base2hmmer,484,206,1889,1148,1519,1096,8,136756,10940,1889,1149,1541,1887,1145,1513,98,100,0,601,1921
tas1base2hmmer,484,207,1880,1148,1531,1101,8,136751,10940,1889,1149,1535,1880,1147,1505,98,100,0,601,1907
tas1base2hmmer,484,208,1881,1149,1512,1107,8,136747,10939,1882,1149,1532,1879,1147,1501,98,100,0,601,1910
tas1base2hmmer,484,209,1882,1148,1507,1112,8,136744,10939,1888,1149,1554,1881,1147,1502,98,100,0,601,1904
tas1base2hmmer,484,210,1883,1149,1511,1117,8,136741,10939,1886,1149,1554,1881,1147,1505,98,100,0,601,1904
tas1base2hmmer,484,211,1886,1149,1508,1123,8,136740,10939,1890,1149,1551,1883,1146,1502,99,100,0,601,1904
tas1base2hmmer,484,212,1883,1149,1509,1128,9,136736,10938,1886,1149,1535,1881,1147,1505,98,100,0,601,1921
tas1base2hmmer,484,213,1886,1149,1518,1133,9,136741,10939,1886,1151,1543,1883,1148,1498,98,100,0,601,1918
tas1base2hmmer,484,214,1884,1150,1504,1138,9,136732,10938,1889,1150,1543,1884,1148,1499,99,100,0,601,1901
tas1base2hmmer,484,215,1884,1147,1518,1144,9,136728,10938,1884,1150,1537,1880,1147,1502,98,100,0,600,1921
tas1base2hmmer,484,216,1878,1149,1513,1149,9,136723,10937,1884,1150,1528,1878,1147,1503,98,100,0,600,1901
tas1base2hmmer,484,217,1885,1149,1525,1154,9,136721,10937,1885,1150,1543,1878,1148,1503,98,100,0,600,1918
tas1base2hmmer,484,218,1880,1149,1534,1159,9,136717,10937,1888,1150,1545,1880,1148,1502,98,100,0,600,1901
tas1base2hmmer,484,219,1879,1149,1503,1165,9,136713,10937,1881,1150,1537,1878,1148,1503,98,100,0,600,1910
tas1base2hmmer,484,220,1880,1149,1508,1170,9,136709,10936,1880,1150,1528,1879,1147,1503,98,100,0,600,1910
tas1base2hmmer,484,221,1878,1149,1503,1175,9,136705,10936,1881,1150,1526,1878,1148,1501,98,100,0,600,1910
tas1base2hmmer,484,222,1882,1149,1517,1180,9,136701,10936,1882,1151,1553,1877,1148,1498,97,100,0,600,1921
tas1base2hmmer,484,223,1880,1149,1508,1186,9,136697,10935,1885,1150,1532,1880,1147,1503,98,100,0,600,1904
tas1base2hmmer,484,224,1887,1148,1509,1191,9,136703,10936,1888,1150,1545,1880,1147,1504,98,100,0,600,1910
tas1base2hmmer,484,225,1881,1149,1509,1196,9,136693,10935,1887,1150,1542,1881,1147,1500,98,100,0,600,1907
tas1base2hmmer,484,226,1887,1149,1521,1201,9,136691,10935,1887,1150,1545,1881,1147,1505,98,100,0,600,1924
tas1base2hmmer,484,227,1884,1149,1506,1206,9,136689,10935,1889,1149,1538,1884,1147,1502,98,100,0,600,1904
tas1base2hmmer,484,228,1879,1149,1506,1212,9,136685,10934,1884,1149,1539,1879,1147,1501,98,100,0,600,1910
tas1base2hmmer,484,229,1884,1148,1531,1217,9,136689,10935,1885,1149,1542,1879,1147,1503,98,100,0,600,1910
tas1base2hmmer,484,230,1889,1148,1526,1222,9,136683,10934,1889,1149,1534,1884,1147,1503,98,100,0,600,1921
tas1base2hmmer,484,231,1890,1149,1519,1228,9,136682,10934,1890,1149,1543,1889,1147,1511,98,100,0,600,1918
tas1base2hmmer,484,232,1891,1149,1516,1233,9,136682,10934,1891,1150,1544,1890,1148,1508,98,100,0,600,1921
tas1base2hmmer,484,233,1887,1150,1514,1238,9,136680,10934,1891,1150,1552,1887,1148,1501,98,100,0,599,1913
tas1base2hmmer,484,234,1886,1150,1514,1243,9,136678,10934,1887,1151,1529,1886,1148,1509,98,100,0,600,1913
tas1base2hmmer,484,235,1885,1149,1513,1249,9,136676,10934,1886,1151,1526,1885,1148,1509,98,100,0,600,1913
tas1base2hmmer,484,236,1886,1149,1516,1254,10,136674,10933,1886,1151,1528,1885,1149,1509,98,100,0,600,1915
tas1base2hmmer,484,237,1886,1150,1513,1259,10,136672,10933,1886,1151,1529,1885,1148,1507,98,100,0,600,1915
tas1base2hmmer,484,238,1885,1150,1513,1264,10,136670,10933,1886,1151,1525,1885,1149,1508,98,100,0,600,1915
tas1base2hmmer,484,239,1885,1151,1513,1270,10,136668,10933,1885,1151,1521,1884,1149,1506,98,100,0,600,1913
tas1base2hmmer,484,240,1885,1148,1518,1275,10,136666,10933,1885,1151,1523,1884,1146,1507,98,100,0,600,1915
tas1base2hmmer,484,241,1885,1149,1515,1280,10,136663,10933,1885,1150,1518,1884,1148,1509,98,100,0,600,1913
tas1base2hmmer,484,242,1881,1150,1515,1285,10,136660,10932,1885,1150,1516,1879,1148,1502,98,100,0,600,1915
tas1base2hmmer,484,243,1884,1149,1515,1291,10,136658,10932,1884,1150,1517,1881,1148,1509,98,100,0,600,1915
tas1base2hmmer,484,244,1884,1149,1514,1296,10,136655,10932,1884,1151,1517,1883,1149,1507,98,100,0,600,1913
tas1base2hmmer,484,245,1881,1148,1515,1301,10,136652,10932,1884,1151,1518,1878,1147,1500,98,100,0,600,1913
tas1base2hmmer,484,246,1883,1149,1516,1306,10,136650,10932,1883,1150,1518,1881,1147,1510,98,100,0,600,1915
tas1base2hmmer,484,247,1880,1149,1504,1312,10,136646,10931,1884,1150,1519,1880,1148,1503,99,100,0,600,1898
tas1base2hmmer,484,248,1882,1149,1516,1317,10,136644,10931,1882,1149,1518,1878,1146,1502,98,100,0,600,1913
tas1base2hmmer,484,249,1880,1148,1516,1322,10,136640,10931,1883,1150,1517,1878,1148,1503,98,100,0,600,1913
tas1base2hmmer,484,250,1879,1149,1516,1327,10,136636,10930,1881,1150,1521,1877,1145,1503,98,100,0,600,1913
tas1base2hmmer,484,251,1879,1148,1517,1333,10,136632,10930,1880,1149,1518,1877,1147,1503,98,100,0,600,1913
tas1base2hmmer,484,252,1880,1148,1515,1338,10,136629,10930,1881,1149,1550,1877,1147,1502,98,100,0,600,1915
tas1base2hmmer,484,253,1880,1147,1516,1343,10,136631,10930,1881,1149,1519,1877,1147,1503,98,100,0,600,1913
tas1base2hmmer,484,254,1881,1148,1510,1348,10,136623,10929,1882,1150,1518,1880,1147,1508,98,100,0,600,1907
tas1base2hmmer,484,255,1878,1149,1502,1353,10,136619,10929,1882,1150,1527,1878,1147,1501,98,100,0,600,1898
tas1base2hmmer,484,256,1878,1148,1514,1359,10,136615,10929,1878,1150,1515,1874,1148,1500,98,100,0,600,1913
tas1base2hmmer,484,257,1878,1148,1515,1364,10,136611,10928,1879,1149,1516,1875,1147,1502,98,100,0,601,1913
tas1base2hmmer,484,258,1878,1149,1513,1369,10,136607,10928,1879,1150,1516,1875,1148,1497,98,100,0,601,1913
tas1base2hmmer,484,259,1878,1150,1503,1374,11,136604,10928,1881,1150,1532,1878,1147,1502,98,100,0,601,1898
tas1base2hmmer,484,260,1881,1149,1514,1380,11,136601,10928,1881,1150,1517,1877,1147,1502,98,100,0,601,1913
tas1base2hmmer,484,261,1879,1149,1515,1385,11,136598,10927,1881,1149,1519,1877,1147,1500,98,100,0,601,1913
tas1base2hmmer,484,262,1882,1148,1515,1390,11,136595,10927,1882,1149,1524,1879,1147,1508,98,100,0,601,1913
tas1base2hmmer,484,263,1883,1150,1514,1395,11,136593,10927,1883,1150,1517,1882,1146,1511,98,100,0,601,1910
tas1base2hmmer,484,264,1879,1150,1513,1401,11,136590,10927,1883,1150,1516,1877,1148,1501,98,100,0,601,1913
tas1base2hmmer,484,265,1882,1150,1514,1406,11,136588,10927,1882,1150,1516,1879,1148,1508,98,100,0,601,1913
tas1base2hmmer,484,266,1879,1149,1515,1411,11,136584,10926,1882,1151,1515,1877,1148,1500,98,100,0,601,1910
tas1base2hmmer,484,267,1878,1149,1502,1416,11,136581,10926,1882,1151,1515,1878,1148,1501,98,100,0,601,1898
tas1base2hmmer,484,268,1880,1148,1512,1422,11,136578,10926,1880,1150,1518,1877,1148,1501,98,100,0,601,1913
tas1base2hmmer,484,269,1881,1149,1515,1427,11,136576,10926,1882,1150,1517,1880,1147,1507,98,100,0,601,1910
tas1base2hmmer,484,270,1882,1148,1514,1432,11,136574,10925,1882,1150,1516,1881,1147,1508,98,100,0,601,1910
tas1base2hmmer,484,271,1879,1148,1514,1437,11,136570,10925,1882,1150,1516,1877,1147,1499,98,100,0,600,1910
tas1base2hmmer,484,272,1881,1148,1513,1443,11,136568,10925,1881,1150,1517,1879,1147,1508,98,100,0,601,1913
tas1base2hmmer,484,273,1878,1149,1513,1448,11,136565,10925,1882,1150,1517,1876,1147,1500,98,100,0,600,1910
tas1base2hmmer,484,274,1879,1149,1514,1453,11,136562,10924,1879,1150,1515,1876,1147,1501,98,100,0,600,1910
tas1base2hmmer,484,275,1882,1148,1514,1458,11,136560,10924,1882,1150,1517,1879,1147,1508,98,100,0,600,1913
tas1base2hmmer,484,276,1879,1149,1514,1463,11,136556,10924,1882,1150,1517,1877,1147,1500,98,100,0,600,1913
tas1base2hmmer,484,277,1882,1148,1514,1469,11,136555,10924,1882,1149,1516,1879,1147,1508,98,100,0,600,1913
tas1base2hmmer,484,278,1883,1148,1515,1474,11,136553,10924,1883,1150,1516,1882,1147,1507,98,100,0,600,1913
tas1base2hmmer,484,279,1883,1147,1516,1479,11,136551,10924,1884,1149,1518,1883,1146,1510,98,100,0,600,1910
tas1base2hmmer,484,280,1876,1150,1502,1485,11,136547,10923,1884,1150,1517,1876,1147,1501,98,100,0,600,1901
tas1base2hmmer,484,281,1881,1147,1517,1490,11,136545,10923,1881,1150,1518,1875,1147,1502,98,100,0,599,1913
tas1base2hmmer,484,282,1884,1149,1515,1495,11,136543,10923,1884,1150,1548,1881,1146,1507,98,100,0,600,1913
tas1base2hmmer,484,283,1880,1149,1516,1500,12,136540,10923,1884,1150,1517,1878,1148,1502,98,100,0,600,1913
tas1base2hmmer,484,284,1880,1149,1513,1505,12,136538,10923,1881,1150,1518,1877,1148,1500,98,100,0,599,1913
tas1base2hmmer,484,285,1879,1149,1515,1511,12,136535,10922,1881,1150,1519,1877,1148,1501,98,100,0,600,1913
tas1base2hmmer,484,286,1881,1149,1514,1516,12,136533,10922,1881,1150,1518,1878,1147,1502,98,100,0,600,1915
tas1base2hmmer,484,287,1880,1147,1515,1521,12,136530,10922,1881,1150,1516,1877,1147,1502,98,100,0,600,1913
tas1base2hmmer,484,288,1880,1148,1515,1526,12,136527,10922,1881,1149,1564,1877,1146,1494,98,100,0,600,1913
tas1base2hmmer,484,289,1879,1148,1504,1532,12,136525,10922,1882,1149,1518,1879,1147,1502,98,100,0,600,1898
tas1base2hmmer,484,290,1878,1151,1500,1537,12,136522,10921,1881,1151,1534,1878,1147,1500,98,100,0,600,1898
tas1base2hmmer,484,291,1877,1152,1498,1542,12,136519,10921,1881,1153,1523,1877,1149,1497,98,100,0,600,1898
tas1base2hmmer,484,292,1877,1153,1496,1547,12,136516,10921,1880,1153,1522,1876,1151,1496,98,100,0,600,1898
tas1base2hmmer,484,293,1877,1152,1498,1553,12,136513,10921,1879,1154,1511,1876,1151,1494,98,100,0,600,1898
tas1base2hmmer,484,294,1877,1152,1498,1558,12,136510,10920,1880,1154,1514,1876,1150,1495,98,100,0,599,1898
tas1base2hmmer,484,295,1877,1152,1498,1563,12,136507,10920,1880,1153,1516,1876,1150,1496,98,100,0,599,1898
tas1base2hmmer,484,296,1877,1152,1499,1568,12,136504,10920,1879,1153,1513,1876,1150,1497,98,100,0,600,1898
tas1base2hmmer,484,297,1878,1152,1499,1573,12,136506,10920,1880,1153,1515,1876,1149,1497,98,100,0,599,1898
tas1base2hmmer,484,298,1882,1149,1513,1579,12,136500,10920,1882,1152,1515,1877,1149,1498,98,100,0,600,1913
tas1base2hmmer,484,299,1879,1152,1499,1584,12,136498,10919,1884,1152,1514,1879,1149,1498,98,100,0,600,1898
tas1base2hmmer,484,300,1878,1151,1499,1589,12,136496,10919,1882,1152,1515,1878,1149,1498,98,100,0,599,1898
tas1base2hmmer,484,301,1878,1154,1496,1595,12,136493,10919,1881,1154,1512,1877,1150,1495,98,100,0,599,1898
tas1base2hmmer,484,302,1882,1153,1509,1600,12,136491,10919,1882,1154,1511,1877,1151,1496,98,100,0,600,1915
tas1base2hmmer,484,303,1883,1152,1508,1605,12,136490,10919,1883,1153,1511,1882,1151,1502,98,100,0,600,1913
tas1base2hmmer,484,304,1880,1152,1509,1610,12,136487,10919,1884,1154,1510,1877,1151,1495,98,100,0,600,1910
tas1base2hmmer,484,305,1881,1151,1510,1616,12,136485,10918,1881,1153,1511,1880,1150,1496,98,100,0,600,1910
tas1base2hmmer,484,306,1882,1152,1509,1621,12,136484,10918,1883,1153,1512,1881,1150,1503,98,100,0,600,1913
tas1base2hmmer,484,307,1879,1152,1508,1626,13,136481,10918,1883,1153,1512,1877,1150,1496,98,100,0,600,1913
tas1base2hmmer,484,308,1878,1153,1496,1631,13,136483,10918,1881,1154,1510,1878,1151,1494,98,100,0,600,1898
tas1base2hmmer,484,309,1880,1153,1508,1636,13,136477,10918,1880,1154,1511,1876,1151,1496,98,100,0,600,1910
tas1base2hmmer,484,310,1879,1152,1507,1642,13,136474,10917,1881,1153,1511,1876,1151,1495,98,100,0,600,1913
tas1base2hmmer,484,311,1881,1153,1507,1647,13,136472,10917,1881,1154,1509,1879,1151,1500,98,100,0,600,1910
tas1base2hmmer,484,312,1879,1154,1496,1652,13,136470,10917,1882,1154,1526,1879,1151,1489,99,100,0,600,1895
tas1base2hmmer,484,313,1878,1154,1497,1657,13,136468,10917,1881,1154,1514,1877,1152,1495,99,100,0,600,1895
tas1base2hmmer,484,314,1877,1155,1506,1663,13,136464,10917,1878,1155,1511,1873,1152,1494,98,100,0,600,1913
tas1base2hmmer,484,315,1880,1154,1506,1668,13,136463,10917,1880,1156,1518,1877,1152,1492,98,100,0,601,1913
tas1base2hmmer,484,316,1878,1153,1496,1673,13,136460,10916,1882,1155,1515,1878,1152,1492,99,100,0,600,1895
tas1base2hmmer,484,317,1880,1154,1505,1678,13,136459,10916,1880,1154,1509,1876,1152,1494,98,100,0,600,1910
tas1base2hmmer,484,318,1883,1154,1506,1683,13,136457,10916,1883,1155,1572,1880,1153,1493,98,100,0,600,1913
tas1base2hmmer,484,319,1880,1153,1507,1689,13,136455,10916,1883,1155,1513,1878,1152,1492,98,100,0,600,1913
tas1base2hmmer,484,320,1879,1153,1507,1694,13,136452,10916,1880,1154,1509,1877,1152,1495,98,100,0,600,1913
tas1base2hmmer,484,321,1879,1154,1496,1699,13,136455,10916,1881,1154,1513,1879,1152,1494,98,100,0,600,1898
tas1base2hmmer,484,322,1878,1154,1495,1705,13,136448,10915,1881,1155,1515,1877,1152,1492,99,100,0,600,1895
tas1base2hmmer,484,323,1877,1154,1506,1710,13,136445,10915,1878,1155,1509,1874,1152,1494,98,100,0,600,1910
tas1base2hmmer,484,324,1878,1154,1495,1715,13,136443,10915,1881,1155,1508,1877,1153,1492,99,100,0,600,1895
tas1base2hmmer,484,325,1878,1154,1495,1720,13,136441,10915,1880,1155,1508,1876,1153,1492,98,100,0,599,1898
tas1base2hmmer,484,326,1878,1150,1503,1726,13,136439,10915,1880,1155,1509,1876,1149,1493,98,100,0,600,1901
tas1base2hmmer,484,327,1878,1148,1514,1731,13,136436,10914,1878,1151,1518,1874,1147,1500,98,100,0,599,1915
tas1base2hmmer,484,328,1883,1148,1515,1736,13,136435,10914,1883,1150,1519,1878,1146,1507,98,100,0,600,1913
tas1base2hmmer,484,329,1883,1149,1515,1741,13,136434,10914,1884,1150,1520,1883,1146,1508,98,100,0,600,1907
tas1base2hmmer,484,330,1880,1149,1513,1746,13,136432,10914,1883,1150,1518,1878,1146,1501,98,100,0,600,1915
tas1base2hmmer,484,331,1880,1141,1527,1752,14,136430,10914,1881,1151,1528,1877,1140,1500,98,100,0,599,1915
tas1base2hmmer,484,332,1881,1140,1527,1757,14,136428,10914,1882,1143,1530,1878,1138,1512,98,100,0,600,1915
tas1base2hmmer,484,333,1880,1139,1519,1762,14,136427,10914,1884,1141,1532,1880,1137,1518,98,100,0,600,1901
tas1base2hmmer,484,334,1882,1141,1526,1767,14,136425,10914,1882,1141,1528,1879,1139,1515,98,100,0,600,1913
tas1base2hmmer,484,335,1884,1140,1527,1773,14,136425,10914,1884,1141,1529,1882,1139,1520,98,100,0,599,1913
tas1base2hmmer,484,336,1877,1140,1517,1778,14,136422,10913,1885,1141,1529,1877,1139,1515,98,100,0,600,1901
tas1base2hmmer,484,337,1883,1139,1533,1783,14,136425,10914,1883,1141,1534,1877,1138,1515,98,100,0,599,1915
tas1base2hmmer,484,338,1883,1140,1520,1788,14,136421,10913,1887,1141,1536,1883,1136,1518,98,100,0,600,1904
tas1base2hmmer,484,339,1886,1140,1530,1794,14,136420,10913,1886,1141,1533,1882,1138,1520,98,100,0,600,1918
tas1base2hmmer,484,340,1884,1139,1531,1799,14,136423,10913,1887,1141,1532,1882,1139,1518,98,100,0,600,1921
tas1base2hmmer,484,341,1884,1140,1519,1804,14,136419,10913,1887,1142,1533,1884,1138,1517,98,100,0,600,1904
tas1base2hmmer,484,342,1883,1141,1518,1809,14,136418,10913,1885,1142,1554,1882,1140,1513,98,100,0,600,1904
tas1base2hmmer,484,343,1883,1141,1527,1815,14,136417,10913,1884,1142,1543,1882,1139,1518,98,100,0,600,1913
tas1base2hmmer,484,344,1881,1140,1516,1820,14,136419,10913,1885,1142,1535,1881,1140,1515,98,100,0,600,1901
tas1base2hmmer,484,345,1879,1140,1516,1825,14,136414,10913,1883,1141,1531,1879,1139,1515,98,100,0,600,1898
tas1base2hmmer,484,346,1879,1139,1517,1830,14,136412,10912,1882,1141,1536,1878,1138,1515,98,100,0,600,1901
tas1base2hmmer,484,347,1882,1140,1526,1836,14,136415,10913,1882,1141,1529,1877,1139,1516,98,100,0,599,1915
tas1base2hmmer,484,348,1881,1141,1527,1841,14,136409,10912,1883,1141,1529,1878,1139,1513,98,100,0,600,1913
tas1base2hmmer,484,349,1880,1140,1527,1846,14,136407,10912,1881,1141,1532,1877,1139,1513,98,100,0,600,1913
tas1base2hmmer,484,350,1880,1141,1516,1851,14,136406,10912,1883,1141,1536,1880,1138,1515,98,100,0,600,1901
tas1base2hmmer,484,351,1883,1139,1528,1857,14,136405,10912,1883,1141,1539,1879,1138,1515,98,100,0,600,1913
tas1base2hmmer,484,352,1880,1139,1528,1862,14,136403,10912,1883,1140,1530,1878,1138,1514,98,100,0,600,1913
tas1base2hmmer,484,353,1883,1139,1528,1867,14,136402,10912,1883,1140,1531,1880,1137,1521,98,100,0,601,1913
tas1base2hmmer,484,354,1884,1139,1529,1872,14,136405,10912,1884,1140,1531,1883,1137,1524,98,100,0,601,1913
tas1base2hmmer,484,355,1880,1140,1527,1878,15,136403,10912,1884,1141,1532,1878,1137,1515,98,100,0,600,1913
tas1base2hmmer,484,356,1879,1138,1530,1883,15,136397,10911,1881,1141,1532,1877,1137,1515,98,100,0,601,1913
tas1base2hmmer,484,357,1876,1138,1518,1888,15,136394,10911,1880,1140,1530,1876,1137,1516,98,100,0,601,1901
tas1base2hmmer,484,358,1881,1137,1530,1893,15,136393,10911,1881,1140,1536,1875,1136,1517,98,100,0,601,1915
tas1base2hmmer,484,359,1879,1139,1518,1898,15,136391,10911,1882,1139,1532,1879,1136,1516,98,100,0,601,1898
tas1base2hmmer,484,360,1878,1139,1517,1904,15,136389,10911,1881,1140,1533,1878,1135,1516,98,100,0,601,1898
tas1base2hmmer,484,361,1881,1137,1531,1909,15,136388,10911,1881,1140,1534,1876,1136,1516,98,100,0,601,1915
tas1base2hmmer,484,362,1880,1132,1537,1914,15,136386,10910,1882,1139,1540,1877,1131,1517,98,100,0,601,1915
tas1base2hmmer,484,363,1879,1135,1533,1919,15,136384,10910,1881,1136,1539,1877,1132,1522,98,100,0,601,1913
tas1base2hmmer,484,364,1880,1136,1534,1925,15,136383,10910,1880,1136,1536,1876,1134,1521,98,100,0,601,1915
tas1base2hmmer,484,365,1883,1135,1534,1930,15,136386,10910,1883,1136,1538,1880,1134,1528,98,100,0,601,1915
tas1base2hmmer,484,366,1880,1134,1526,1935,15,136381,10910,1884,1136,1538,1880,1133,1524,98,100,0,601,1901
tas1base2hmmer,484,367,1883,1135,1535,1940,15,136380,10910,1883,1136,1537,1879,1133,1523,98,100,0,601,1915
tas1base2hmmer,484,368,1880,1136,1524,1946,15,136378,10910,1884,1137,1537,1878,1134,1522,98,100,0,601,1913
tas1base2hmmer,484,369,1883,1135,1535,1951,15,136377,10910,1883,1136,1537,1879,1134,1523,98,100,0,601,1915
tas1base2hmmer,484,370,1882,1135,1534,1956,15,136376,10910,1883,1136,1536,1881,1134,1523,98,100,0,601,1913
tas1base2hmmer,484,371,1875,1136,1523,1961,15,136373,10909,1883,1136,1536,1875,1133,1522,98,100,0,601,1898
tas1base2hmmer,484,372,1878,1134,1523,1967,15,136372,10909,1880,1136,1558,1875,1133,1518,98,100,0,601,1904
tas1base2hmmer,484,373,1878,1135,1524,1972,15,136370,10909,1881,1136,1536,1877,1133,1523,98,100,0,601,1901
tas1base2hmmer,484,374,1880,1135,1524,1977,15,136369,10909,1881,1136,1551,1876,1133,1523,98,100,0,601,1907
tas1base2hmmer,484,375,1879,1134,1525,1982,15,136367,10909,1882,1135,1538,1879,1132,1523,98,100,0,601,1901
tas1base2hmmer,484,376,1882,1135,1535,1988,15,136366,10909,1882,1135,1545,1877,1133,1524,98,100,0,601,1913
tas1base2hmmer,484,377,1883,1135,1534,1993,15,136365,10909,1884,1136,1538,1882,1134,1528,98,100,0,601,1915
tas1base2hmmer,484,378,1881,1135,1535,1998,15,136364,10909,1884,1135,1537,1878,1133,1522,98,100,0,600,1915
tas1base2hmmer,484,379,1880,1134,1536,2003,16,136362,10909,1882,1136,1537,1877,1133,1523,98,100,0,600,1915
tas1base2hmmer,484,380,1881,1134,1537,2008,16,136361,10908,1881,1136,1539,1877,1133,1522,98,100,0,599,1915
tas1base2hmmer,484,381,1881,1134,1536,2014,16,136360,10908,1882,1135,1542,1878,1133,1523,98,100,0,600,1915
tas1base2hmmer,484,382,1880,1135,1535,2019,16,136358,10908,1882,1135,1537,1878,1133,1522,98,100,0,600,1915
tas1base2hmmer,484,383,1880,1135,1536,2024,16,136357,10908,1881,1135,1537,1877,1133,1523,98,100,0,600,1915
tas1base2hmmer,484,384,1881,1134,1536,2030,16,136355,10908,1882,1135,1569,1878,1132,1519,98,100,0,600,1915
tas1base2hmmer,484,385,1885,1135,1535,2035,16,136359,10908,1885,1135,1538,1881,1133,1534,98,100,0,600,1915
tas1base2hmmer,484,386,1882,1135,1533,2040,16,136358,10908,1885,1136,1550,1880,1133,1523,98,100,0,600,1915
tas1base2hmmer,484,387,1881,1135,1534,2045,16,136353,10908,1883,1137,1543,1879,1134,1522,98,100,0,599,1913
tas1base2hmmer,484,388,1881,1135,1524,2051,16,136352,10908,1884,1136,1546,1881,1134,1522,98,100,0,600,1904
tas1base2hmmer,484,389,1880,1134,1525,2056,16,136351,10908,1883,1136,1537,1879,1134,1522,98,100,0,600,1901
tas1base2hmmer,484,390,1880,1135,1525,2061,16,136350,10908,1883,1136,1538,1878,1133,1523,98,100,0,600,1901
tas1base2hmmer,484,391,1880,1135,1524,2066,16,136348,10907,1883,1137,1537,1878,1132,1523,98,100,0,600,1901
tas1base2hmmer,484,392,1884,1135,1535,2071,16,136351,10908,1884,1136,1539,1878,1134,1523,98,100,0,600,1915
tas1base2hmmer,484,393,1886,1135,1536,2077,16,136348,10907,1886,1138,1536,1884,1135,1526,98,100,0,599,1915
tas1base2hmmer,484,394,1882,1136,1521,2082,16,136347,10907,1886,1138,1538,1882,1134,1521,99,100,0,599,1901
tas1base2hmmer,484,395,1879,1136,1534,2087,16,136348,10907,1882,1138,1534,1876,1135,1520,98,100,0,600,1915
tas1base2hmmer,484,396,1880,1138,1531,2093,16,136344,10907,1881,1138,1536,1877,1135,1520,98,100,0,600,1915
tas1base2hmmer,484,397,1881,1137,1521,2098,16,136343,10907,1884,1138,1535,1880,1134,1520,98,100,0,599,1904
tas1base2hmmer,484,398,1879,1137,1532,2103,16,136341,10907,1881,1138,1536,1876,1134,1519,98,100,0,600,1915
tas1base2hmmer,484,399,1875,1136,1522,2108,16,136339,10907,1881,1138,1534,1875,1135,1519,98,100,0,599,1904
tas1base2hmmer,484,400,1878,1137,1521,2113,16,136341,10907,1881,1138,1536,1875,1135,1519,98,100,0,600,1901
tas1base2hmmer,484,401,1883,1137,1532,2119,16,136337,10907,1883,1138,1534,1877,1135,1520,98,100,0,600,1915
tas1base2hmmer,484,402,1882,1138,1531,2124,16,136336,10906,1884,1138,1568,1879,1135,1519,97,100,0,600,1921
tas1base2hmmer,484,403,1877,1137,1520,2129,17,136334,10906,1883,1138,1533,1877,1136,1519,98,100,0,600,1904
tas1base2hmmer,484,404,1881,1137,1521,2134,17,136333,10906,1882,1138,1534,1876,1136,1520,98,100,0,600,1910
tas1base2hmmer,484,405,1884,1138,1532,2140,17,136333,10906,1884,1138,1548,1880,1135,1520,98,100,0,600,1915
tas1base2hmmer,484,406,1882,1136,1532,2145,17,136332,10906,1885,1139,1542,1879,1135,1519,98,100,0,600,1915
tas1base2hmmer,484,407,1881,1135,1534,2150,17,136330,10906,1883,1137,1536,1878,1134,1521,98,100,0,600,1918
tas1base2hmmer,484,408,1881,1135,1536,2155,17,136333,10906,1882,1137,1540,1878,1133,1520,98,100,0,600,1915
tas1base2hmmer,484,409,1881,1134,1535,2161,17,136328,10906,1882,1137,1537,1878,1133,1520,98,100,0,600,1913
tas1base2hmmer,484,410,1880,1135,1533,2166,17,136327,10906,1882,1138,1536,1877,1133,1520,98,100,0,600,1915
tas1base2hmmer,484,411,1880,1135,1535,2171,17,136325,10906,1881,1137,1538,1877,1133,1521,98,100,0,600,1913
tas1base2hmmer,484,412,1880,1135,1533,2176,17,136327,10906,1882,1136,1536,1877,1134,1521,98,100,0,601,1913
tas1base2hmmer,484,413,1884,1136,1533,2182,17,136324,10905,1884,1137,1535,1880,1134,1529,98,100,0,601,1915
tas1base2hmmer,484,414,1881,1137,1531,2187,17,136322,10905,1884,1138,1535,1878,1135,1519,98,100,0,601,1913
tas1base2hmmer,484,415,1880,1136,1532,2192,17,136324,10905,1882,1138,1535,1877,1136,1519,98,100,0,601,1915
tas1base2hmmer,484,416,1879,1136,1533,2197,17,136319,10905,1881,1138,1534,1876,1135,1519,98,100,0,601,1915
tas1base2hmmer,484,417,1879,1137,1522,2203,17,136318,10905,1882,1138,1533,1879,1136,1520,98,100,0,601,1901
tas1base2hmmer,484,418,1878,1136,1520,2208,17,136317,10905,1881,1138,1538,1877,1134,1519,98,100,0,601,1898
tas1base2hmmer,484,419,1877,1137,1521,2213,17,136315,10905,1880,1138,1535,1876,1135,1519,98,100,0,601,1898
tas1base2hmmer,484,420,1877,1138,1520,2218,17,136313,10905,1880,1138,1532,1876,1135,1519,98,100,0,601,1901
tas1base2hmmer,484,421,1877,1137,1518,2223,17,136312,10904,1879,1138,1532,1875,1136,1518,98,100,0,601,1898
tas1base2hmmer,484,422,1881,1137,1531,2229,17,136311,10904,1881,1138,1533,1875,1136,1518,98,100,0,601,1913
tas1base2hmmer,484,423,1879,1136,1534,2234,17,136309,10904,1882,1138,1534,1876,1135,1519,98,100,0,601,1913
tas1base2hmmer,484,424,1879,1136,1534,2239,17,136308,10904,1880,1138,1535,1876,1135,1520,98,100,0,601,1915
tas1base2hmmer,484,425,1883,1137,1531,2244,17,136307,10904,1883,1138,1536,1879,1134,1526,98,100,0,601,1913
tas1base2hmmer,484,426,1876,1136,1523,2250,18,136305,10904,1883,1137,1534,1876,1135,1521,98,100,0,601,1898
tas1base2hmmer,484,427,1881,1137,1531,2255,18,136308,10904,1881,1139,1536,1875,1135,1522,98,100,0,601,1915
tas1base2hmmer,484,428,1884,1137,1534,2260,18,136304,10904,1884,1138,1537,1881,1134,1525,98,100,0,601,1913
tas1base2hmmer,484,429,1881,1138,1521,2265,18,136303,10904,1884,1138,1536,1881,1134,1520,98,100,0,601,1901
tas1base2hmmer,484,430,1879,1138,1519,2271,18,136302,10904,1882,1138,1537,1879,1135,1519,98,100,0,601,1898
tas1base2hmmer,484,431,1882,1137,1530,2276,18,136301,10904,1882,1139,1532,1877,1136,1518,98,100,0,601,1913
tas1base2hmmer,484,432,1883,1138,1526,2281,18,136301,10904,1883,1139,1564,1882,1136,1524,98,100,0,601,1913
tas1base2hmmer,484,433,1881,1138,1531,2286,18,136299,10903,1884,1139,1535,1879,1136,1518,98,100,0,601,1915
tas1base2hmmer,484,434,1880,1137,1532,2292,18,136298,10903,1882,1139,1535,1878,1136,1519,98,100,0,601,1913
tas1base2hmmer,484,435,1884,1136,1535,2297,18,136298,10903,1884,1138,1546,1880,1135,1526,98,100,0,601,1915
tas1base2hmmer,484,436,1885,1137,1533,2302,18,136298,10903,1885,1138,1541,1884,1136,1527,98,100,0,601,1915
tas1base2hmmer,484,437,1886,1138,1532,2307,18,136298,10903,1886,1138,1534,1885,1136,1527,98,100,0,601,1915
tas1base2hmmer,484,438,1881,1137,1532,2313,18,136297,10903,1886,1138,1535,1880,1136,1519,98,100,0,601,1915
tas1base2hmmer,484,439,1881,1137,1533,2318,18,136295,10903,1883,1138,1537,1878,1136,1519,98,100,0,601,1915
tas1base2hmmer,484,440,1885,1136,1534,2323,18,136296,10903,1885,1138,1536,1881,1136,1528,98,100,0,601,1915
tas1base2hmmer,484,441,1882,1136,1534,2328,18,136295,10903,1886,1137,1537,1880,1135,1520,98,100,0,601,1915
tas1base2hmmer,484,442,1877,1136,1523,2333,18,136293,10903,1883,1137,1535,1877,1135,1521,98,100,0,601,1901
tas1base2hmmer,484,443,1879,1137,1522,2339,18,136292,10903,1881,1138,1535,1876,1136,1520,98,100,0,601,1901
tas1base2hmmer,484,444,1879,1137,1521,2344,18,136294,10903,1882,1138,1536,1877,1135,1520,98,100,0,601,1901
tas1base2hmmer,484,445,1879,1137,1534,2349,18,136289,10903,1879,1138,1537,1875,1136,1521,97,100,0,601,1918
tas1base2hmmer,484,446,1881,1137,1522,2355,18,136289,10903,1883,1138,1536,1879,1135,1520,98,100,0,601,1901
tas1base2hmmer,484,447,1879,1137,1534,2360,18,136287,10903,1881,1138,1536,1876,1136,1520,98,100,0,601,1915
tas1base2hmmer,484,448,1881,1137,1522,2365,18,136287,10902,1884,1138,1538,1879,1135,1521,98,100,0,601,1901
tas1base2hmmer,484,449,1880,1137,1522,2370,18,136286,10902,1882,1138,1535,1878,1135,1520,98,100,0,601,1901
tas1base2hmmer,484,450,1883,1137,1534,2375,19,136285,10902,1883,1137,1579,1878,1135,1521,98,100,0,601,1910
tas1base2hmmer,484,451,1883,1137,1533,2381,19,136287,10903,1884,1137,1549,1880,1135,1523,98,100,0,601,1918
tas1base2hmmer,484,452,1882,1136,1536,2386,19,136284,10902,1884,1137,1544,1879,1135,1522,98,100,0,601,1918
tas1base2hmmer,484,453,1886,1136,1535,2391,19,136284,10902,1886,1138,1544,1882,1135,1528,98,100,0,601,1915
tas1base2hmmer,484,454,1878,1137,1524,2396,19,136282,10902,1886,1138,1536,1878,1135,1520,98,100,0,601,1901
tas1base2hmmer,484,455,1883,1136,1535,2402,19,136282,10902,1883,1138,1536,1878,1136,1522,98,100,0,600,1915
tas1base2hmmer,484,456,1878,1137,1522,2407,19,136281,10902,1885,1138,1539,1878,1135,1522,98,100,0,600,1901
tas1base2hmmer,484,457,1882,1137,1527,2412,19,136280,10902,1883,1138,1540,1877,1136,1522,98,100,0,600,1910
tas1base2hmmer,484,458,1882,1135,1525,2418,19,136280,10902,1885,1138,1538,1882,1134,1523,98,100,0,600,1904
tas1base2hmmer,484,459,1885,1137,1534,2423,19,136280,10902,1885,1138,1539,1880,1134,1523,98,100,0,600,1918
tas1base2hmmer,484,460,1886,1138,1533,2428,19,136280,10902,1887,1139,1535,1885,1136,1526,98,100,0,600,1918
tas1base2hmmer,484,461,1881,1137,1523,2433,19,136279,10902,1887,1139,1536,1881,1136,1521,98,100,0,600,1904
tas1base2hmmer,484,462,1884,1137,1534,2438,19,136279,10902,1884,1139,1535,1880,1136,1521,98,100,0,600,1915
tas1base2hmmer,484,463,1882,1138,1532,2444,19,136278,10902,1885,1139,1566,1880,1136,1520,98,100,0,600,1915
tas1base2hmmer,484,464,1882,1137,1534,2449,19,136278,10902,1884,1138,1539,1880,1136,1521,98,100,0,600,1918
tas1base2hmmer,484,465,1882,1137,1534,2454,19,136277,10902,1884,1139,1544,1880,1135,1520,98,100,0,600,1918
tas1base2hmmer,484,466,1882,1137,1533,2460,19,136276,10902,1884,1138,1543,1880,1135,1521,98,100,0,600,1915
tas1base2hmmer,484,467,1882,1137,1533,2465,19,136275,10902,1884,1138,1536,1879,1136,1520,98,100,0,600,1918
tas1base2hmmer,484,468,1881,1138,1521,2470,19,136275,10902,1884,1138,1535,1881,1136,1520,98,100,0,600,1907
tas1base2hmmer,484,469,1881,1138,1522,2475,19,136277,10902,1884,1138,1535,1880,1136,1521,98,100,0,600,1904
tas1base2hmmer,484,470,1882,1138,1522,2480,19,136273,10901,1884,1138,1548,1880,1136,1521,98,100,0,600,1904
tas1base2hmmer,484,471,1881,1137,1522,2486,19,136273,10901,1884,1138,1547,1880,1135,1521,98,100,0,600,1901
tas1base2hmmer,484,472,1880,1137,1522,2491,19,136272,10901,1883,1138,1536,1880,1136,1521,98,100,0,600,1904
tas1base2hmmer,484,473,1880,1137,1533,2496,19,136271,10901,1880,1138,1535,1876,1136,1520,98,100,0,601,1918
tas1base2hmmer,484,474,1885,1136,1533,2501,20,136274,10901,1885,1138,1536,1880,1135,1526,98,100,0,601,1918
tas1base2hmmer,484,475,1882,1137,1534,2507,20,136270,10901,1886,1138,1535,1881,1136,1522,98,100,0,601,1915
tas1base2hmmer,484,476,1882,1137,1533,2512,20,136270,10901,1884,1138,1536,1880,1135,1522,98,100,0,601,1915
tas1base2hmmer,484,477,1882,1137,1534,2517,20,136269,10901,1884,1139,1537,1879,1135,1519,98,100,0,601,1915
tas1base2hmmer,484,478,1886,1138,1532,2522,20,136269,10901,1886,1138,1535,1882,1136,1528,98,100,0,601,1915
tas1base2hmmer,484,479,1883,1138,1533,2528,20,136268,10901,1886,1139,1537,1881,1135,1520,98,100,0,601,1918
tas1base2hmmer,484,480,1883,1138,1526,2533,20,136268,10901,1885,1139,1537,1883,1136,1525,98,100,0,601,1910
tas1base2hmmer,484,481,1884,1138,1531,2538,20,136268,10901,1884,1139,1534,1882,1136,1519,98,100,0,600,1913
tas1base2hmmer,484,482,1828,1138,1373,2543,20,136269,10901,1886,1139,1533,1828,1136,1372,97,100,0,600,1876
tas1base2hmmer,484,483,1691,1137,1543,2548,20,136242,10899,1828,1139,1561,1690,1136,1371,98,100,0,600,1711
Processed 484 lines from power meter
There were 0 errors in reading from the meter
