RunId,NumDataLines,SeqNum,Watts,Amps,WattHours,Cost,MoKWh,MoCost,MaxWatts,MaxVolts,MaxAmps,MinWatts,MinVolts,MinAmps,Factor,DutyCycle,PowerCycle
tas1base2milc,478,0,2027,1135,1654,10,0,145480,11638,2027,1137,1694,1987,1134,1632,97,100,0,600,2075
tas1base2milc,478,1,2030,1135,1650,16,0,145874,11669,2030,1137,1685,2027,1134,1631,98,100,0,600,2058
tas1base2milc,478,2,2032,1136,1650,22,0,146124,11689,2032,1137,1685,2030,1134,1633,98,100,0,600,2066
tas1base2milc,478,3,2028,1136,1638,27,0,146189,11695,2034,1137,1684,2026,1134,1591,98,100,0,600,2066
tas1base2milc,478,4,2032,1135,1655,33,0,146071,11685,2032,1137,1689,2028,1135,1633,98,100,0,599,2063
tas1base2milc,478,5,2039,1136,1652,39,0,146501,11720,2041,1137,1694,2032,1135,1640,98,100,0,600,2066
tas1base2milc,478,6,2043,1137,1657,45,0,146443,11715,2043,1137,1694,2037,1134,1634,98,100,0,601,2083
tas1base2milc,478,7,2035,1135,1671,50,0,146509,11720,2045,1137,1705,2035,1135,1626,99,100,0,601,2052
tas1base2milc,478,8,2029,1138,1637,56,0,146646,11731,2035,1138,1692,2029,1134,1625,98,100,0,601,2052
tas1base2milc,478,9,2027,1136,1643,61,0,146487,11719,2029,1138,1689,2027,1135,1625,98,100,0,601,2055
tas1base2milc,478,10,2028,1136,1633,67,0,146484,11718,2028,1137,1690,2027,1135,1625,98,100,0,600,2058
tas1base2milc,478,11,2027,1137,1638,73,0,146473,11717,2028,1138,1689,2026,1134,1625,98,100,0,600,2058
tas1base2milc,478,12,2035,1136,1662,78,0,146515,11721,2035,1138,1701,2026,1135,1627,98,100,0,600,2075
tas1base2milc,478,13,2034,1136,1640,84,0,146546,11723,2038,1137,1699,2034,1134,1626,98,100,0,600,2060
tas1base2milc,478,14,2029,1135,1658,90,0,146543,11723,2034,1137,1689,2029,1134,1627,98,100,0,600,2060
tas1base2milc,478,15,2033,1136,1636,95,0,146572,11725,2036,1137,1700,2029,1134,1629,98,100,0,600,2063
tas1base2milc,478,16,2030,1134,1677,101,0,146572,11725,2033,1137,1694,2030,1134,1628,98,100,0,600,2058
tas1base2milc,478,17,2030,1136,1638,107,0,146574,11725,2030,1136,1695,2029,1134,1629,98,100,0,600,2058
tas1base2milc,478,18,2029,1136,1645,112,0,146576,11726,2030,1137,1691,2029,1135,1628,98,100,0,600,2052
tas1base2milc,478,19,2030,1135,1659,118,0,146579,11726,2030,1137,1692,2029,1134,1629,98,100,0,600,2058
tas1base2milc,478,20,2041,1135,1655,124,0,146629,11730,2041,1136,1703,2030,1134,1640,98,100,0,600,2077
tas1base2milc,478,21,2034,1134,1656,129,1,146637,11731,2041,1136,1691,2034,1133,1629,98,100,0,600,2063
tas1base2milc,478,22,2045,1135,1658,135,1,146754,11740,2045,1136,1705,2034,1132,1644,98,100,0,600,2072
tas1base2milc,478,23,2043,1135,1652,141,1,146724,11737,2045,1137,1692,2042,1134,1643,98,100,0,600,2075
tas1base2milc,478,24,2042,1134,1654,146,1,146754,11740,2043,1137,1694,2042,1134,1642,98,100,0,600,2075
tas1base2milc,478,25,2042,1136,1653,152,1,146782,11742,2044,1136,1694,2042,1134,1643,98,100,0,599,2075
tas1base2milc,478,26,2042,1134,1673,158,1,146808,11744,2042,1136,1693,2042,1133,1645,98,100,0,600,2069
tas1base2milc,478,27,2042,1135,1661,163,1,146833,11746,2043,1136,1692,2042,1134,1644,98,100,0,600,2066
tas1base2milc,478,28,2042,1135,1646,169,1,146854,11748,2042,1136,1691,2041,1134,1644,98,100,0,600,2072
tas1base2milc,478,29,2041,1136,1663,175,1,146874,11749,2042,1137,1691,2041,1134,1642,98,100,0,600,2072
tas1base2milc,478,30,2049,1136,1660,180,1,146911,11752,2049,1137,1704,2041,1135,1643,98,100,0,600,2086
tas1base2milc,478,31,2044,1136,1652,186,1,146930,11754,2049,1137,1701,2044,1134,1642,98,100,0,600,2072
tas1base2milc,478,32,2042,1136,1648,192,1,146944,11755,2044,1137,1692,2042,1134,1641,98,100,0,600,2072
tas1base2milc,478,33,2042,1135,1655,198,1,146962,11757,2043,1136,1697,2041,1134,1643,98,100,0,600,2077
tas1base2milc,478,34,2043,1136,1650,203,1,146979,11758,2043,1137,1692,2042,1134,1643,98,100,0,600,2075
tas1base2milc,478,35,2044,1137,1679,209,1,146994,11759,2044,1137,1699,2039,1134,1639,98,100,0,600,2080
tas1base2milc,478,36,2041,1137,1647,215,1,147007,11760,2047,1138,1702,2041,1135,1635,99,100,0,600,2060
tas1base2milc,478,37,2036,1136,1639,220,1,147043,11763,2041,1138,1690,2036,1135,1636,99,100,0,600,2055
tas1base2milc,478,38,2034,1138,1647,226,1,147002,11760,2036,1139,1687,2034,1136,1636,98,100,0,599,2063
tas1base2milc,478,39,2041,1138,1654,232,1,147014,11761,2041,1139,1696,2034,1136,1635,98,100,0,600,2080
tas1base2milc,478,40,2037,1137,1649,237,1,147014,11761,2041,1138,1683,2037,1136,1636,98,100,0,600,2066
tas1base2milc,478,41,2042,1136,1658,243,1,147026,11762,2042,1138,1702,2035,1135,1637,98,100,0,600,2083
tas1base2milc,478,42,2038,1137,1640,249,1,147026,11762,2043,1138,1693,2037,1135,1637,98,100,0,600,2066
tas1base2milc,478,43,2034,1138,1639,254,2,147023,11761,2038,1138,1683,2034,1136,1634,98,100,0,600,2066
tas1base2milc,478,44,2034,1137,1661,260,2,147022,11761,2035,1139,1684,2034,1137,1635,98,100,0,600,2066
tas1base2milc,478,45,2033,1138,1676,266,2,147051,11764,2035,1139,1680,2033,1136,1634,98,100,0,601,2060
tas1base2milc,478,46,2036,1137,1661,271,2,147023,11761,2041,1138,1693,2032,1136,1600,98,100,0,601,2075
tas1base2milc,478,47,2040,1137,1646,277,2,147033,11762,2041,1138,1696,2036,1135,1635,98,100,0,601,2069
tas1base2milc,478,48,2038,1137,1660,283,2,147065,11765,2040,1138,1686,2038,1136,1636,98,100,0,601,2066
tas1base2milc,478,49,2038,1137,1654,288,2,147039,11763,2038,1138,1685,2037,1135,1636,98,100,0,601,2072
tas1base2milc,478,50,2032,1138,1650,294,2,147060,11764,2038,1138,1690,2031,1135,1593,98,100,0,600,2072
tas1base2milc,478,51,2036,1137,1653,300,2,147062,11764,2036,1138,1685,2032,1136,1635,98,100,0,600,2066
tas1base2milc,478,52,2037,1138,1653,305,2,147037,11762,2037,1138,1689,2036,1137,1634,98,100,0,600,2072
tas1base2milc,478,53,2038,1137,1650,311,2,147066,11765,2038,1139,1685,2037,1136,1634,98,100,0,600,2069
tas1base2milc,478,54,2042,1137,1691,317,2,147051,11764,2043,1139,1713,2038,1137,1635,98,100,0,600,2072
tas1base2milc,478,55,2045,1139,1654,323,2,147089,11767,2045,1140,1704,2042,1137,1635,98,100,0,600,2072
tas1base2milc,478,56,2046,1139,1652,328,2,147076,11766,2046,1140,1702,2044,1137,1637,98,100,0,601,2075
tas1base2milc,478,57,2036,1139,1654,334,2,147071,11765,2046,1140,1689,2036,1137,1625,98,100,0,601,2060
tas1base2milc,478,58,2032,1140,1645,340,2,147064,11765,2036,1140,1688,2032,1137,1625,98,100,0,601,2060
tas1base2milc,478,59,2031,1139,1639,345,2,147058,11764,2032,1141,1690,2031,1138,1623,98,100,0,601,2063
tas1base2milc,478,60,2031,1139,1643,351,2,147051,11764,2031,1140,1689,2030,1138,1625,98,100,0,601,2063
tas1base2milc,478,61,2029,1140,1641,357,2,147042,11763,2031,1140,1687,2029,1137,1623,98,100,0,601,2058
tas1base2milc,478,62,2033,1138,1642,362,2,147043,11763,2035,1140,1697,2029,1137,1626,98,100,0,601,2060
tas1base2milc,478,63,2031,1137,1632,368,2,147036,11762,2033,1138,1689,2030,1136,1626,98,100,0,601,2060
tas1base2milc,478,64,2030,1136,1662,374,2,147030,11762,2031,1138,1691,2030,1135,1627,98,100,0,601,2058
tas1base2milc,478,65,2030,1135,1646,379,3,147047,11763,2031,1138,1690,2030,1134,1628,98,100,0,601,2055
tas1base2milc,478,66,2031,1136,1637,385,3,147019,11761,2031,1138,1690,2029,1135,1627,98,100,0,601,2060
tas1base2milc,478,67,2031,1136,1652,391,3,147014,11761,2031,1138,1690,2030,1135,1628,98,100,0,601,2060
tas1base2milc,478,68,2030,1138,1633,396,3,147008,11760,2031,1139,1689,2030,1135,1625,98,100,0,600,2060
tas1base2milc,478,69,2036,1140,1644,402,3,147010,11760,2036,1140,1691,2030,1136,1627,98,100,0,600,2072
tas1base2milc,478,70,2039,1139,1642,408,3,147015,11761,2040,1140,1685,2036,1136,1637,98,100,0,600,2069
tas1base2milc,478,71,2052,1139,1658,413,3,147036,11762,2052,1140,1702,2039,1136,1642,98,100,0,599,2092
tas1base2milc,478,72,2054,1136,1663,419,3,147055,11764,2054,1139,1697,2052,1135,1648,98,100,0,600,2086
tas1base2milc,478,73,2046,1136,1681,425,3,147063,11765,2055,1139,1700,2046,1135,1640,98,100,0,601,2069
tas1base2milc,478,74,2042,1139,1659,430,3,147087,11767,2046,1139,1687,2042,1136,1640,98,100,0,601,2066
tas1base2milc,478,75,2048,1139,1657,436,3,147080,11766,2048,1139,1700,2041,1137,1640,98,100,0,600,2080
tas1base2milc,478,76,2043,1139,1654,442,3,147084,11766,2048,1139,1687,2043,1137,1639,98,100,0,601,2069
tas1base2milc,478,77,2046,1137,1646,448,3,147096,11767,2050,1139,1699,2043,1136,1640,98,100,0,601,2072
tas1base2milc,478,78,2042,1139,1645,453,3,147100,11768,2046,1139,1688,2042,1136,1640,98,100,0,601,2072
tas1base2milc,478,79,2041,1139,1657,459,3,147104,11768,2042,1140,1687,2041,1138,1637,98,100,0,601,2072
tas1base2milc,478,80,2048,1138,1662,465,3,147132,11770,2048,1139,1702,2040,1137,1639,98,100,0,600,2086
tas1base2milc,478,81,2044,1137,1636,470,3,147138,11771,2049,1139,1698,2044,1136,1635,98,100,0,600,2069
tas1base2milc,478,82,2037,1138,1641,476,3,147137,11771,2044,1139,1684,2037,1137,1636,98,100,0,600,2066
tas1base2milc,478,83,2035,1139,1661,482,3,147118,11769,2037,1140,1684,2035,1137,1636,98,100,0,600,2060
tas1base2milc,478,84,2035,1139,1650,487,3,147134,11770,2036,1140,1685,2035,1137,1634,98,100,0,600,2060
tas1base2milc,478,85,2034,1138,1647,493,3,147131,11770,2035,1139,1684,2034,1137,1635,98,100,0,600,2058
tas1base2milc,478,86,2035,1138,1640,499,3,147129,11770,2035,1139,1683,2034,1137,1634,98,100,0,600,2066
tas1base2milc,478,87,2035,1138,1644,504,4,147127,11770,2035,1139,1680,2034,1136,1635,98,100,0,600,2066
tas1base2milc,478,88,2034,1140,1643,510,4,147125,11770,2035,1140,1687,2034,1137,1632,98,100,0,600,2066
tas1base2milc,478,89,2034,1137,1654,516,4,147123,11769,2035,1140,1686,2034,1136,1633,98,100,0,600,2066
tas1base2milc,478,90,2034,1137,1645,521,4,147105,11768,2035,1138,1686,2034,1135,1636,98,100,0,601,2063
tas1base2milc,478,91,2035,1138,1639,527,4,147104,11768,2035,1139,1688,2034,1136,1634,98,100,0,600,2066
tas1base2milc,478,92,2037,1138,1657,533,4,147105,11768,2037,1139,1694,2034,1136,1635,98,100,0,600,2063
tas1base2milc,478,93,2032,1137,1651,538,4,147101,11768,2037,1138,1695,2032,1136,1594,98,100,0,600,2055
tas1base2milc,478,94,2039,1138,1635,544,4,147120,11769,2040,1139,1701,2032,1136,1626,98,100,0,600,2060
tas1base2milc,478,95,2034,1138,1630,550,4,147101,11768,2039,1139,1689,2034,1137,1627,98,100,0,600,2060
tas1base2milc,478,96,2033,1137,1647,555,4,147098,11767,2034,1139,1690,2031,1136,1617,97,100,0,600,2077
tas1base2milc,478,97,2037,1137,1647,561,4,147099,11767,2037,1138,1682,2033,1136,1635,98,100,0,600,2063
tas1base2milc,478,98,2038,1138,1647,567,4,147101,11768,2038,1139,1688,2037,1137,1634,98,100,0,600,2072
tas1base2milc,478,99,2046,1138,1665,573,4,147109,11768,2046,1139,1695,2038,1136,1635,98,100,0,600,2086
tas1base2milc,478,100,2040,1139,1585,578,4,147109,11768,2047,1139,1701,2040,1137,1549,99,100,0,600,2041
tas1base2milc,478,101,2019,1138,1645,584,4,147107,11768,2040,1139,1691,1973,1137,1585,97,100,0,600,2075
tas1base2milc,478,102,2034,1138,1645,590,4,147109,11768,2034,1139,1693,2019,1137,1635,98,100,0,599,2066
tas1base2milc,478,103,2037,1137,1642,595,4,147110,11768,2037,1139,1689,2034,1136,1634,98,100,0,600,2069
tas1base2milc,478,104,2035,1138,1658,601,4,147110,11768,2039,1139,1684,2035,1135,1593,99,100,0,600,2046
tas1base2milc,478,105,2037,1137,1656,607,4,147110,11768,2037,1139,1689,2032,1137,1616,98,100,0,600,2069
tas1base2milc,478,106,2039,1139,1651,612,4,147111,11768,2039,1139,1687,2037,1136,1635,98,100,0,600,2066
tas1base2milc,478,107,2038,1137,1649,618,4,147126,11770,2039,1139,1689,2038,1137,1635,98,100,0,600,2066
tas1base2milc,478,108,2042,1138,1658,624,4,147129,11770,2042,1139,1701,2038,1136,1635,97,100,0,600,2086
tas1base2milc,478,109,2052,1137,1659,629,5,147141,11771,2052,1139,1705,2042,1137,1655,98,100,0,600,2086
tas1base2milc,478,110,2054,1139,1658,635,5,147152,11772,2054,1139,1705,2052,1136,1656,98,100,0,600,2086
tas1base2milc,478,111,2042,1138,1645,641,5,147142,11771,2055,1139,1704,2042,1137,1625,99,100,0,600,2055
tas1base2milc,478,112,2033,1137,1634,646,5,147150,11772,2042,1139,1689,2033,1136,1626,98,100,0,600,2063
tas1base2milc,478,113,2030,1139,1653,652,5,147146,11771,2033,1140,1691,2030,1137,1624,98,100,0,600,2058
tas1base2milc,478,114,2030,1139,1649,658,5,147129,11770,2031,1140,1688,2030,1138,1624,98,100,0,600,2055
tas1base2milc,478,115,2029,1140,1638,663,5,147124,11769,2030,1140,1691,2029,1137,1623,98,100,0,600,2058
tas1base2milc,478,116,2030,1139,1641,669,5,147119,11769,2030,1140,1686,2029,1138,1624,98,100,0,600,2058
tas1base2milc,478,117,2030,1138,1636,675,5,147115,11769,2030,1140,1688,2029,1138,1623,98,100,0,600,2063
tas1base2milc,478,118,2031,1140,1628,680,5,147111,11768,2031,1140,1687,2029,1138,1624,98,100,0,600,2063
tas1base2milc,478,119,2030,1138,1641,686,5,147107,11768,2031,1140,1688,2029,1138,1624,98,100,0,600,2063
tas1base2milc,478,120,2030,1138,1638,692,5,147103,11768,2031,1140,1687,2029,1137,1624,98,100,0,600,2060
tas1base2milc,478,121,2031,1137,1645,697,5,147112,11768,2031,1139,1687,2030,1136,1626,98,100,0,600,2060
tas1base2milc,478,122,2034,1139,1632,703,5,147111,11768,2034,1139,1688,2030,1137,1626,98,100,0,600,2066
tas1base2milc,478,123,2038,1139,1670,709,5,147100,11768,2038,1139,1698,2034,1137,1625,98,100,0,600,2072
tas1base2milc,478,124,2044,1138,1653,714,5,147106,11768,2044,1139,1700,2038,1137,1631,98,100,0,600,2077
tas1base2milc,478,125,2044,1138,1653,720,5,147110,11768,2045,1140,1700,2044,1137,1634,98,100,0,600,2069
tas1base2milc,478,126,2049,1138,1662,726,5,147117,11769,2049,1140,1698,2044,1137,1634,98,100,0,600,2086
tas1base2milc,478,127,2048,1139,1644,731,5,147124,11769,2051,1140,1695,2048,1136,1638,98,100,0,599,2072
tas1base2milc,478,128,2043,1139,1645,737,5,147137,11771,2048,1139,1688,2042,1138,1638,98,100,0,600,2072
tas1base2milc,478,129,2041,1139,1641,743,5,147140,11771,2043,1141,1689,2041,1138,1637,98,100,0,601,2075
tas1base2milc,478,130,2052,1140,1666,748,5,147139,11771,2052,1140,1697,2041,1138,1641,98,100,0,601,2089
tas1base2milc,478,131,2048,1139,1646,754,6,147145,11771,2053,1140,1699,2048,1138,1639,98,100,0,600,2075
tas1base2milc,478,132,2053,1138,1678,760,6,147155,11772,2054,1140,1696,2048,1138,1646,98,100,0,600,2086
tas1base2milc,478,133,2046,1139,1657,766,6,147159,11772,2054,1140,1688,2046,1138,1637,98,100,0,600,2069
tas1base2milc,478,134,2042,1139,1655,771,6,147161,11772,2046,1140,1687,2042,1138,1637,98,100,0,601,2066
tas1base2milc,478,135,2041,1139,1647,777,6,147174,11773,2042,1140,1687,2041,1138,1637,98,100,0,601,2069
tas1base2milc,478,136,2041,1140,1642,783,6,147175,11774,2041,1141,1686,2040,1138,1636,98,100,0,601,2072
tas1base2milc,478,137,2041,1140,1642,788,6,147177,11774,2041,1141,1685,2040,1138,1636,98,100,0,600,2072
tas1base2milc,478,138,2040,1140,1643,794,6,147178,11774,2041,1141,1681,2040,1139,1633,98,100,0,600,2063
tas1base2milc,478,139,2035,1139,1637,800,6,147165,11773,2040,1141,1680,2035,1137,1631,98,100,0,600,2060
tas1base2milc,478,140,2033,1141,1642,805,6,147173,11773,2035,1141,1679,2033,1138,1631,98,100,0,600,2063
tas1base2milc,478,141,2033,1139,1644,811,6,147161,11772,2034,1141,1679,2033,1138,1631,98,100,0,600,2063
tas1base2milc,478,142,2033,1140,1670,817,6,147159,11772,2033,1140,1681,2033,1138,1631,98,100,0,600,2060
tas1base2milc,478,143,2043,1140,1659,822,6,147164,11773,2043,1141,1693,2033,1137,1636,98,100,0,600,2075
tas1base2milc,478,144,2044,1140,1642,828,6,147167,11773,2046,1141,1693,2043,1138,1634,99,100,0,600,2063
tas1base2milc,478,145,2037,1140,1640,834,6,147166,11773,2044,1141,1680,2037,1139,1631,98,100,0,600,2066
tas1base2milc,478,146,2035,1139,1638,839,6,147164,11773,2037,1141,1685,2035,1138,1631,98,100,0,599,2066
tas1base2milc,478,147,2035,1140,1634,845,6,147163,11773,2035,1140,1679,2035,1138,1632,98,100,0,600,2066
tas1base2milc,478,148,2035,1140,1633,851,6,147162,11772,2035,1140,1681,2034,1138,1633,98,100,0,600,2069
tas1base2milc,478,149,2034,1138,1639,856,6,147161,11772,2035,1140,1679,2034,1137,1633,98,100,0,600,2063
tas1base2milc,478,150,2029,1139,1649,862,6,147155,11772,2035,1140,1679,2026,1137,1591,97,100,0,600,2072
tas1base2milc,478,151,2036,1140,1646,868,6,147156,11772,2036,1140,1686,2029,1138,1632,98,100,0,600,2069
tas1base2milc,478,152,2038,1139,1656,874,6,147157,11772,2039,1140,1688,2036,1137,1633,98,100,0,600,2069
tas1base2milc,478,153,2039,1139,1649,879,7,147158,11772,2039,1139,1690,2037,1137,1633,98,100,0,600,2066
tas1base2milc,478,154,2035,1139,1649,885,7,147156,11772,2040,1139,1680,2033,1137,1592,98,100,0,599,2069
tas1base2milc,478,155,2039,1137,1655,891,7,147167,11773,2039,1139,1690,2035,1135,1634,98,100,0,599,2069
tas1base2milc,478,156,2040,1138,1649,896,7,147159,11772,2040,1138,1685,2039,1136,1635,98,100,0,600,2072
tas1base2milc,478,157,2040,1138,1652,902,7,147160,11772,2040,1140,1689,2039,1136,1634,98,100,0,600,2069
tas1base2milc,478,158,2049,1137,1663,908,7,147166,11773,2049,1138,1702,2039,1135,1635,98,100,0,600,2089
tas1base2milc,478,159,2054,1138,1662,913,7,147175,11774,2054,1139,1705,2049,1136,1656,98,100,0,600,2086
tas1base2milc,478,160,2056,1139,1660,919,7,147183,11774,2056,1140,1703,2054,1137,1655,98,100,0,600,2089
tas1base2milc,478,161,2044,1139,1693,925,7,147183,11774,2056,1140,1698,2043,1137,1625,98,100,0,600,2075
tas1base2milc,478,162,2043,1139,1656,930,7,147186,11774,2045,1140,1699,2043,1138,1623,98,100,0,600,2066
tas1base2milc,478,163,2035,1139,1624,936,7,147183,11774,2043,1140,1689,2035,1138,1623,98,100,0,600,2058
tas1base2milc,478,164,2031,1139,1629,942,7,147180,11774,2035,1140,1684,2031,1137,1624,98,100,0,600,2058
tas1base2milc,478,165,2031,1139,1642,947,7,147177,11774,2031,1140,1687,2030,1137,1625,98,100,0,600,2060
tas1base2milc,478,166,2031,1140,1637,953,7,147174,11773,2031,1140,1687,2030,1138,1624,98,100,0,600,2066
tas1base2milc,478,167,2031,1140,1643,959,7,147171,11773,2031,1140,1687,2030,1137,1624,98,100,0,600,2060
tas1base2milc,478,168,2030,1139,1636,964,7,147167,11773,2031,1141,1686,2029,1137,1624,98,100,0,600,2063
tas1base2milc,478,169,2031,1140,1634,970,7,147164,11773,2031,1140,1686,2029,1137,1623,98,100,0,600,2063
tas1base2milc,478,170,2030,1139,1650,976,7,147161,11772,2031,1141,1685,2030,1138,1623,98,100,0,601,2058
tas1base2milc,478,171,2029,1141,1650,981,7,147158,11772,2030,1141,1686,2029,1138,1623,98,100,0,601,2058
tas1base2milc,478,172,2028,1140,1643,987,7,147155,11772,2030,1141,1685,2028,1138,1623,98,100,0,601,2058
tas1base2milc,478,173,2030,1139,1641,993,7,147152,11772,2030,1140,1686,2028,1138,1624,98,100,0,601,2055
tas1base2milc,478,174,2030,1139,1639,998,7,147148,11771,2030,1140,1687,2029,1137,1622,98,100,0,600,2063
tas1base2milc,478,175,2037,1139,1653,1004,8,147148,11771,2037,1140,1686,2029,1138,1623,97,100,0,600,2080
tas1base2milc,478,176,2040,1140,1638,1010,8,147150,11772,2040,1140,1682,2037,1138,1636,98,100,0,601,2072
tas1base2milc,478,177,2040,1139,1653,1015,8,147159,11772,2041,1140,1683,2039,1138,1637,98,100,0,601,2072
tas1base2milc,478,178,2046,1140,1647,1021,8,147165,11773,2049,1140,1699,2040,1138,1637,98,100,0,601,2072
tas1base2milc,478,179,2042,1140,1645,1027,8,147158,11772,2046,1140,1681,2042,1138,1638,98,100,0,601,2069
tas1base2milc,478,180,2040,1139,1685,1033,8,147159,11772,2042,1141,1685,2040,1138,1637,98,100,0,601,2069
tas1base2milc,478,181,2040,1138,1645,1038,8,147160,11772,2041,1140,1685,2040,1138,1638,98,100,0,601,2066
tas1base2milc,478,182,2039,1139,1648,1044,8,147161,11772,2040,1140,1684,2039,1138,1636,98,100,0,601,2066
tas1base2milc,478,183,2041,1139,1640,1050,8,147162,11772,2041,1141,1688,2039,1138,1636,98,100,0,601,2072
tas1base2milc,478,184,2041,1139,1642,1055,8,147171,11773,2041,1140,1688,2040,1138,1637,98,100,0,601,2072
tas1base2milc,478,185,2041,1139,1652,1061,8,147164,11773,2041,1140,1693,2040,1138,1637,98,100,0,600,2069
tas1base2milc,478,186,2047,1139,1660,1067,8,147176,11774,2047,1140,1697,2040,1137,1637,98,100,0,600,2086
tas1base2milc,478,187,2050,1139,1659,1072,8,147173,11773,2050,1140,1701,2045,1138,1638,98,100,0,601,2083
tas1base2milc,478,188,2044,1139,1637,1078,8,147176,11774,2052,1140,1697,2044,1137,1634,99,100,0,601,2063
tas1base2milc,478,189,2038,1140,1644,1084,8,147175,11774,2044,1141,1687,2038,1137,1633,98,100,0,601,2060
tas1base2milc,478,190,2035,1140,1660,1089,8,147174,11773,2038,1141,1682,2035,1138,1632,98,100,0,601,2060
tas1base2milc,478,191,2034,1140,1662,1095,8,147173,11773,2035,1141,1684,2034,1138,1632,98,100,0,601,2058
tas1base2milc,478,192,2035,1139,1636,1101,8,147180,11774,2037,1141,1683,2034,1138,1632,98,100,0,601,2060
tas1base2milc,478,193,2034,1140,1636,1106,8,147171,11773,2035,1141,1682,2034,1138,1632,98,100,0,601,2063
tas1base2milc,478,194,2034,1140,1642,1112,8,147169,11773,2034,1141,1683,2033,1138,1632,98,100,0,601,2066
tas1base2milc,478,195,2034,1140,1634,1118,8,147168,11773,2034,1141,1680,2033,1138,1631,98,100,0,601,2066
tas1base2milc,478,196,2034,1139,1651,1123,8,147166,11773,2034,1141,1679,2033,1138,1631,98,100,0,601,2063
tas1base2milc,478,197,2033,1140,1636,1129,9,147165,11773,2034,1141,1678,2033,1138,1632,98,100,0,601,2063
tas1base2milc,478,198,2034,1140,1647,1135,9,147164,11773,2034,1141,1681,2033,1139,1631,98,100,0,601,2066
tas1base2milc,478,199,2033,1140,1590,1140,9,147162,11772,2034,1142,1681,2033,1139,1589,98,100,0,601,2058
tas1base2milc,478,200,2029,1140,1653,1146,9,147159,11772,2033,1141,1689,2029,1139,1590,98,100,0,601,2058
tas1base2milc,478,201,2036,1140,1661,1152,9,147158,11772,2036,1141,1699,2029,1139,1623,98,100,0,601,2072
tas1base2milc,478,202,2039,1139,1657,1158,9,147159,11772,2039,1141,1698,2036,1138,1623,98,100,0,601,2072
tas1base2milc,478,203,2047,1139,1663,1163,9,147163,11773,2047,1140,1697,2038,1137,1621,98,100,0,600,2077
tas1base2milc,478,204,2043,1138,1648,1169,9,147165,11773,2049,1141,1695,2043,1138,1632,98,100,0,599,2066
tas1base2milc,478,205,2040,1139,1647,1175,9,147166,11773,2043,1140,1689,2040,1137,1632,98,100,0,600,2072
tas1base2milc,478,206,2040,1139,1655,1180,9,147166,11773,2040,1140,1680,2039,1138,1607,98,100,0,600,2069
tas1base2milc,478,207,2051,1139,1656,1186,9,147173,11773,2051,1140,1703,2040,1138,1654,98,100,0,599,2089
tas1base2milc,478,208,2055,1138,1657,1192,9,147179,11774,2055,1140,1703,2051,1137,1654,98,100,0,599,2089
tas1base2milc,478,209,1696,1141,1372,1197,9,147151,11772,2056,1142,1701,1696,1138,1371,98,100,0,600,1719
tas1base2milc,478,210,2037,1139,1637,1202,9,147062,11765,2037,1142,1670,1695,1139,1369,98,100,0,600,2063
tas1base2milc,478,211,2036,1140,1623,1208,9,147042,11763,2040,1142,1681,1895,1138,1531,99,100,0,599,2052
tas1base2milc,478,212,2034,1140,1642,1213,9,147048,11763,2036,1141,1680,2030,1139,1621,98,100,0,600,2069
tas1base2milc,478,213,2031,1141,1631,1219,9,147038,11763,2035,1142,1684,2030,1139,1620,98,100,0,600,2060
tas1base2milc,478,214,2028,1140,1636,1225,9,147036,11762,2031,1142,1674,2028,1139,1620,98,100,0,600,2055
tas1base2milc,478,215,2027,1140,1626,1230,9,147032,11762,2028,1141,1676,2026,1139,1619,98,100,0,600,2063
tas1base2milc,478,216,1885,1140,1522,1236,9,147017,11761,2028,1142,1681,1885,1137,1519,98,100,0,600,1910
tas1base2milc,478,217,2043,1138,1631,1241,9,147015,11761,2058,1141,1685,1885,1136,1522,99,100,0,600,2058
tas1base2milc,478,218,2032,1140,1630,1247,9,147012,11760,2043,1140,1680,2032,1136,1623,98,100,0,600,2058
tas1base2milc,478,219,2035,1138,1637,1253,10,147019,11761,2038,1141,1690,2032,1137,1623,99,100,0,599,2052
tas1base2milc,478,220,2035,1139,1645,1258,10,147013,11761,2038,1140,1689,2034,1137,1623,99,100,0,600,2052
tas1base2milc,478,221,2028,1140,1633,1264,10,147010,11760,2035,1140,1677,2028,1138,1619,98,100,0,600,2052
tas1base2milc,478,222,2041,1139,1635,1270,10,147020,11761,2041,1141,1691,2028,1138,1622,97,100,0,599,2089
tas1base2milc,478,223,2055,1139,1666,1275,10,147021,11761,2055,1140,1699,2041,1137,1632,97,100,0,600,2097
tas1base2milc,478,224,2060,1139,1677,1281,10,147029,11762,2060,1140,1701,2055,1138,1639,98,100,0,600,2092
tas1base2milc,478,225,2055,1139,1652,1287,10,147035,11762,2062,1141,1697,2055,1138,1626,98,100,0,600,2089
tas1base2milc,478,226,2046,1139,1662,1293,10,147044,11763,2055,1140,1687,2046,1138,1611,98,100,0,600,2072
tas1base2milc,478,227,2045,1139,1669,1298,10,147041,11763,2047,1141,1696,2045,1137,1629,98,100,0,600,2066
tas1base2milc,478,228,2046,1138,1664,1304,10,147051,11764,2048,1140,1685,2045,1137,1625,98,100,0,600,2072
tas1base2milc,478,229,2056,1140,1661,1310,10,147051,11764,2056,1141,1707,2046,1138,1626,98,100,0,600,2092
tas1base2milc,478,230,2058,1140,1650,1316,10,147058,11764,2058,1141,1699,2056,1138,1632,98,100,0,600,2095
tas1base2milc,478,231,2049,1140,1646,1321,10,147061,11764,2058,1141,1682,2049,1138,1629,98,100,0,600,2077
tas1base2milc,478,232,2046,1141,1656,1327,10,147064,11765,2049,1141,1684,2045,1139,1627,98,100,0,599,2075
tas1base2milc,478,233,2044,1140,1641,1333,10,147066,11765,2046,1141,1694,2043,1139,1623,98,100,0,600,2069
tas1base2milc,478,234,2044,1140,1641,1338,10,147068,11765,2045,1142,1682,2043,1140,1625,98,100,0,600,2080
tas1base2milc,478,235,2052,1141,1671,1344,10,147073,11765,2052,1142,1686,2042,1139,1629,98,100,0,600,2092
tas1base2milc,478,236,2056,1141,1640,1350,10,147080,11766,2058,1142,1692,2052,1139,1629,98,100,0,600,2086
tas1base2milc,478,237,2057,1141,1629,1356,10,147086,11766,2059,1142,1706,2055,1139,1626,99,100,0,600,2069
tas1base2milc,478,238,2047,1142,1678,1361,10,147089,11767,2057,1142,1697,2047,1140,1618,98,100,0,600,2072
tas1base2milc,478,239,2029,1141,1652,1367,10,147085,11766,2047,1142,1678,2029,1140,1609,98,100,0,600,2052
tas1base2milc,478,240,2029,1141,1628,1373,10,147082,11766,2029,1143,1683,2024,1140,1609,98,100,0,599,2069
tas1base2milc,478,241,2022,1141,1637,1378,11,147084,11766,2031,1143,1674,2022,1140,1596,99,100,0,600,2035
tas1base2milc,478,242,2019,1143,1644,1384,11,147073,11765,2022,1143,1672,2019,1140,1597,98,100,0,599,2046
tas1base2milc,478,243,2026,1141,1655,1389,11,147071,11765,2027,1143,1684,2019,1139,1609,98,100,0,600,2049
tas1base2milc,478,244,2033,1141,1625,1395,11,147070,11765,2033,1143,1674,2026,1139,1611,98,100,0,600,2063
tas1base2milc,478,245,2031,1139,1630,1401,11,147069,11765,2036,1142,1675,2031,1138,1613,98,100,0,600,2055
tas1base2milc,478,246,2028,1140,1623,1406,11,147067,11765,2033,1142,1678,2028,1138,1601,99,100,0,600,2046
tas1base2milc,478,247,2022,1140,1636,1412,11,147062,11765,2028,1141,1667,2021,1139,1598,98,100,0,600,2049
tas1base2milc,478,248,2020,1141,1630,1418,11,147058,11764,2022,1143,1664,2020,1139,1608,98,100,0,600,2049
tas1base2milc,478,249,2025,1141,1632,1423,11,147062,11764,2028,1143,1670,2020,1140,1608,98,100,0,600,2052
tas1base2milc,478,250,2021,1142,1637,1429,11,147057,11764,2025,1143,1664,2021,1140,1598,98,100,0,600,2052
tas1base2milc,478,251,2030,1141,1636,1435,11,147050,11764,2030,1143,1673,2021,1141,1609,98,100,0,600,2063
tas1base2milc,478,252,2024,1142,1622,1440,11,147047,11763,2031,1143,1669,2024,1140,1609,98,100,0,600,2052
tas1base2milc,478,253,2021,1142,1638,1446,11,147042,11763,2024,1143,1661,2020,1141,1607,98,100,0,600,2052
tas1base2milc,478,254,2020,1140,1621,1452,11,147037,11763,2021,1143,1661,2019,1140,1599,98,100,0,600,2055
tas1base2milc,478,255,2020,1140,1616,1457,11,147033,11762,2020,1143,1667,2019,1140,1602,98,100,0,600,2049
tas1base2milc,478,256,2033,1140,1641,1463,11,147033,11762,2033,1142,1678,2019,1139,1602,97,100,0,600,2075
tas1base2milc,478,257,2033,1140,1650,1469,11,147039,11763,2036,1141,1675,2033,1138,1612,98,100,0,600,2060
tas1base2milc,478,258,2031,1141,1651,1474,11,147031,11762,2033,1143,1664,2030,1138,1602,98,100,0,599,2063
tas1base2milc,478,259,2030,1141,1638,1480,11,147030,11762,2031,1143,1663,2029,1140,1600,98,100,0,600,2058
tas1base2milc,478,260,2031,1143,1620,1485,11,147034,11762,2031,1143,1662,2029,1140,1608,98,100,0,599,2066
tas1base2milc,478,261,2036,1143,1611,1491,11,147029,11762,2038,1143,1674,2030,1140,1607,98,100,0,600,2058
tas1base2milc,478,262,2031,1141,1646,1497,11,147033,11762,2036,1143,1664,2031,1141,1601,98,100,0,600,2066
tas1base2milc,478,263,2031,1142,1642,1503,12,147027,11762,2032,1143,1662,2030,1141,1600,98,100,0,600,2063
tas1base2milc,478,264,2030,1142,1650,1508,12,147025,11762,2031,1143,1661,2030,1141,1607,98,100,0,600,2055
tas1base2milc,478,265,2030,1141,1648,1514,12,147029,11762,2031,1143,1662,2029,1141,1600,98,100,0,599,2058
tas1base2milc,478,266,2036,1142,1665,1519,12,147024,11761,2036,1143,1675,2029,1141,1599,98,100,0,600,2072
tas1base2milc,478,267,2033,1142,1636,1525,12,147028,11762,2038,1143,1676,2033,1140,1608,98,100,0,600,2063
tas1base2milc,478,268,2031,1142,1647,1531,12,147022,11761,2033,1143,1659,2031,1141,1607,98,100,0,600,2063
tas1base2milc,478,269,2030,1142,1618,1536,12,147020,11761,2031,1143,1662,2030,1141,1600,98,100,0,600,2060
tas1base2milc,478,270,1882,1143,1644,1542,12,146991,11759,2031,1144,1669,1881,1141,1515,98,100,0,600,1907
tas1base2milc,478,271,2025,1143,1670,1547,12,146989,11759,2028,1144,1676,1882,1142,1610,98,100,0,600,2055
tas1base2milc,478,272,2025,1143,1620,1553,12,146986,11758,2025,1144,1670,2024,1142,1616,98,100,0,600,2052
tas1base2milc,478,273,2031,1143,1635,1559,12,146986,11758,2031,1144,1676,2024,1141,1617,98,100,0,600,2069
tas1base2milc,478,274,2036,1143,1629,1564,12,146986,11758,2036,1144,1683,2031,1141,1624,98,100,0,600,2077
tas1base2milc,478,275,2033,1142,1621,1570,12,146991,11759,2037,1144,1686,2033,1141,1616,98,100,0,600,2055
tas1base2milc,478,276,2025,1143,1627,1576,12,146977,11758,2033,1144,1684,1883,1141,1516,98,100,0,600,2055
tas1base2milc,478,277,2024,1142,1645,1581,12,146969,11757,2025,1143,1672,2024,1140,1617,98,100,0,600,2052
tas1base2milc,478,278,2025,1142,1640,1587,12,146967,11757,2026,1143,1670,2024,1141,1617,98,100,0,600,2049
tas1base2milc,478,279,2026,1142,1637,1593,12,146965,11757,2027,1143,1673,2025,1141,1617,98,100,0,600,2058
tas1base2milc,478,280,2031,1142,1627,1598,12,146964,11757,2031,1144,1681,2025,1141,1615,98,100,0,600,2072
tas1base2milc,478,281,2046,1143,1634,1604,12,146967,11757,2046,1144,1691,2031,1141,1624,98,100,0,600,2080
tas1base2milc,478,282,2048,1142,1659,1610,12,146970,11757,2048,1143,1682,2043,1140,1627,98,100,0,600,2080
tas1base2milc,478,283,2049,1142,1642,1615,12,146974,11757,2049,1143,1683,2048,1141,1625,98,100,0,600,2083
tas1base2milc,478,284,2047,1141,1664,1621,12,146977,11758,2049,1143,1693,2047,1141,1621,98,100,0,600,2075
tas1base2milc,478,285,2049,1141,1615,1627,13,146980,11758,2049,1143,1685,2047,1140,1615,98,100,0,600,2083
tas1base2milc,478,286,2044,1140,1641,1632,13,146982,11758,2049,1143,1694,2043,1139,1615,98,100,0,600,2075
tas1base2milc,478,287,2045,1141,1649,1638,13,146985,11758,2046,1142,1684,2044,1139,1627,98,100,0,600,2069
tas1base2milc,478,288,2052,1142,1646,1644,13,146995,11759,2054,1143,1691,2045,1140,1626,98,100,0,600,2077
tas1base2milc,478,289,2046,1142,1647,1649,13,146992,11759,2052,1143,1683,2046,1140,1621,99,100,0,600,2063
tas1base2milc,478,290,2045,1142,1640,1655,13,146999,11759,2046,1143,1684,2043,1141,1624,98,100,0,600,2080
tas1base2milc,478,291,2051,1143,1661,1661,13,147003,11760,2051,1143,1692,2043,1141,1626,98,100,0,600,2089
tas1base2milc,478,292,2049,1143,1649,1666,13,147002,11760,2055,1144,1697,2049,1140,1619,98,100,0,600,2083
tas1base2milc,478,293,2045,1143,1661,1672,13,147004,11760,2049,1144,1690,2045,1142,1622,98,100,0,601,2075
tas1base2milc,478,294,2044,1142,1671,1678,13,147006,11760,2045,1144,1684,2042,1141,1623,98,100,0,601,2075
tas1base2milc,478,295,2050,1142,1658,1684,13,147010,11760,2050,1144,1682,2044,1141,1627,98,100,0,601,2086
tas1base2milc,478,296,2047,1142,1649,1689,13,147013,11761,2052,1144,1684,2047,1141,1622,98,100,0,601,2075
tas1base2milc,478,297,2045,1143,1645,1695,13,147015,11761,2047,1144,1681,2045,1141,1621,98,100,0,601,2075
tas1base2milc,478,298,2033,1143,1625,1701,13,147014,11761,2045,1144,1681,2033,1141,1607,99,100,0,601,2049
tas1base2milc,478,299,2022,1143,1620,1706,13,147010,11760,2033,1144,1672,2022,1142,1606,98,100,0,601,2046
tas1base2milc,478,300,2021,1144,1607,1712,13,147011,11760,2023,1145,1669,2020,1142,1605,98,100,0,600,2052
tas1base2milc,478,301,2018,1144,1636,1718,13,147002,11760,2021,1145,1670,2017,1141,1592,98,100,0,601,2052
tas1base2milc,478,302,2016,1144,1648,1723,13,146998,11759,2018,1145,1669,2016,1141,1592,99,100,0,601,2032
tas1base2milc,478,303,2019,1143,1623,1729,13,146994,11759,2019,1145,1660,2016,1142,1605,98,100,0,600,2055
tas1base2milc,478,304,2023,1143,1609,1734,13,146992,11759,2025,1145,1673,2018,1141,1605,98,100,0,600,2049
tas1base2milc,478,305,2026,1142,1625,1740,13,146994,11759,2026,1144,1670,2020,1141,1605,98,100,0,600,2066
tas1base2milc,478,306,2022,1142,1616,1746,13,146986,11758,2027,1144,1673,2022,1141,1596,98,100,0,600,2049
tas1base2milc,478,307,2029,1143,1623,1751,14,146985,11758,2029,1144,1675,2022,1140,1606,98,100,0,600,2063
tas1base2milc,478,308,2030,1143,1643,1757,14,146984,11758,2031,1144,1674,2029,1141,1608,98,100,0,600,2058
tas1base2milc,478,309,2023,1143,1644,1763,14,146981,11758,2031,1145,1671,2023,1142,1605,98,100,0,600,2052
tas1base2milc,478,310,2031,1142,1638,1768,14,146981,11758,2031,1145,1674,2023,1142,1597,98,100,0,600,2063
tas1base2milc,478,311,2034,1144,1664,1774,14,146981,11758,2034,1144,1677,2031,1142,1609,98,100,0,600,2069
tas1base2milc,478,312,2025,1143,1647,1780,14,146978,11758,2035,1144,1677,2025,1142,1605,98,100,0,600,2052
tas1base2milc,478,313,2028,1144,1647,1785,14,146981,11758,2028,1145,1676,2023,1142,1607,97,100,0,600,2072
tas1base2milc,478,314,2028,1143,1649,1791,14,146980,11758,2031,1145,1674,2028,1142,1599,99,100,0,600,2046
tas1base2milc,478,315,2031,1144,1630,1797,14,146974,11757,2031,1144,1673,2027,1143,1598,98,100,0,600,2060
tas1base2milc,478,316,2030,1142,1650,1802,14,146973,11757,2031,1144,1662,2030,1141,1606,98,100,0,600,2058
tas1base2milc,478,317,2029,1143,1646,1808,14,146976,11758,2031,1144,1662,2029,1142,1598,98,100,0,600,2055
tas1base2milc,478,318,2029,1143,1650,1814,14,146971,11757,2030,1144,1661,2029,1141,1601,98,100,0,600,2055
tas1base2milc,478,319,2038,1143,1653,1819,14,146972,11757,2038,1144,1673,2029,1142,1609,98,100,0,600,2075
tas1base2milc,478,320,2037,1143,1650,1825,14,146973,11757,2042,1144,1673,2037,1141,1607,98,100,0,600,2063
tas1base2milc,478,321,2038,1144,1650,1831,14,146974,11757,2041,1144,1677,2037,1142,1607,98,100,0,599,2063
tas1base2milc,478,322,2032,1143,1630,1836,14,146977,11758,2038,1144,1662,2031,1142,1598,98,100,0,600,2060
tas1base2milc,478,323,2030,1143,1649,1842,14,146972,11757,2032,1144,1658,2030,1141,1605,98,100,0,600,2055
tas1base2milc,478,324,2029,1144,1646,1848,14,146970,11757,2030,1144,1660,2029,1142,1599,98,100,0,600,2058
tas1base2milc,478,325,2030,1144,1651,1853,14,146970,11757,2030,1144,1661,2029,1142,1598,98,100,0,600,2055
tas1base2milc,478,326,2040,1143,1651,1859,14,146971,11757,2040,1145,1672,2030,1142,1606,98,100,0,600,2080
tas1base2milc,478,327,2036,1144,1646,1865,14,146972,11757,2041,1145,1670,2036,1143,1605,98,100,0,600,2063
tas1base2milc,478,328,2032,1142,1633,1870,14,146970,11757,2036,1144,1662,2032,1141,1598,98,100,0,600,2063
tas1base2milc,478,329,1895,1143,1617,1876,15,146964,11757,2032,1145,1663,1895,1141,1528,98,100,0,600,1924
tas1base2milc,478,330,2042,1144,1660,1882,15,146963,11757,2042,1144,1688,1895,1142,1603,98,100,0,600,2083
tas1base2milc,478,331,2049,1143,1637,1887,15,146967,11757,2049,1144,1684,2042,1142,1629,98,100,0,600,2080
tas1base2milc,478,332,2055,1144,1655,1893,15,146971,11757,2055,1144,1690,2047,1142,1628,98,100,0,600,2095
tas1base2milc,478,333,2044,1143,1640,1899,15,146973,11757,2058,1144,1682,2044,1142,1612,99,100,0,600,2060
tas1base2milc,478,334,2032,1143,1620,1904,15,146976,11758,2044,1145,1673,2032,1142,1616,98,100,0,600,2060
tas1base2milc,478,335,2028,1143,1631,1910,15,146969,11757,2032,1145,1672,2028,1142,1617,98,100,0,600,2058
tas1base2milc,478,336,2033,1144,1640,1916,15,146973,11757,2033,1145,1683,2027,1141,1616,98,100,0,600,2066
tas1base2milc,478,337,2029,1143,1633,1921,15,146967,11757,2034,1145,1682,2029,1142,1614,98,100,0,600,2060
tas1base2milc,478,338,2038,1144,1638,1927,15,146968,11757,2038,1145,1689,2025,1141,1569,97,100,0,600,2095
tas1base2milc,478,339,2030,1144,1636,1932,15,146956,11756,2040,1145,1677,1886,1142,1516,97,100,0,600,2077
tas1base2milc,478,340,2027,1144,1632,1938,15,146954,11756,2031,1145,1680,2027,1142,1616,99,100,0,600,2046
tas1base2milc,478,341,2032,1144,1646,1944,15,146955,11756,2035,1145,1680,2027,1142,1618,98,100,0,600,2058
tas1base2milc,478,342,2033,1144,1634,1949,15,146955,11756,2037,1145,1678,2032,1143,1617,99,100,0,600,2052
tas1base2milc,478,343,2027,1145,1623,1955,15,146953,11756,2033,1145,1674,2027,1143,1612,98,100,0,600,2055
tas1base2milc,478,344,1884,1145,1517,1961,15,146951,11756,2027,1146,1671,1884,1143,1512,98,100,0,600,1915
tas1base2milc,478,345,2015,1145,1615,1966,15,146944,11755,2015,1146,1676,1883,1143,1515,97,100,0,599,2058
tas1base2milc,478,346,2022,1145,1637,1972,15,146938,11755,2022,1146,1672,2015,1144,1614,98,100,0,600,2055
tas1base2milc,478,347,2027,1144,1628,1978,15,146937,11754,2027,1146,1672,2022,1143,1614,98,100,0,600,2063
tas1base2milc,478,348,2026,1145,1629,1983,15,146935,11754,2027,1146,1668,2026,1143,1615,98,100,0,600,2058
tas1base2milc,478,349,2026,1145,1635,1989,15,146933,11754,2026,1146,1672,2025,1143,1612,98,100,0,600,2060
tas1base2milc,478,350,2047,1145,1673,1995,15,146936,11754,2047,1146,1690,2025,1144,1612,97,100,0,601,2092
tas1base2milc,478,351,2060,1145,1660,2000,16,146947,11755,2060,1146,1690,2047,1143,1651,98,100,0,601,2092
tas1base2milc,478,352,2063,1145,1660,2006,16,146948,11755,2064,1145,1692,2060,1144,1651,98,100,0,600,2095
tas1base2milc,478,353,2062,1144,1645,2012,16,146954,11756,2064,1145,1691,2062,1144,1624,99,100,0,600,2080
tas1base2milc,478,354,2052,1145,1638,2018,16,146961,11756,2062,1146,1679,2052,1143,1622,98,100,0,600,2083
tas1base2milc,478,355,2050,1144,1641,2023,16,146964,11757,2052,1146,1679,2049,1142,1625,98,100,0,600,2077
tas1base2milc,478,356,2047,1144,1654,2029,16,146966,11757,2050,1146,1690,2047,1144,1619,98,100,0,599,2077
tas1base2milc,478,357,2046,1145,1652,2035,16,146965,11757,2049,1146,1676,2046,1144,1617,98,100,0,600,2077
tas1base2milc,478,358,2043,1144,1638,2040,16,146966,11757,2046,1146,1687,2042,1144,1601,98,100,0,600,2075
tas1base2milc,478,359,2045,1144,1657,2046,16,146968,11757,2045,1146,1688,2042,1143,1622,98,100,0,600,2072
tas1base2milc,478,360,2045,1145,1673,2052,16,146970,11757,2046,1146,1692,2044,1142,1619,98,100,0,600,2066
tas1base2milc,478,361,2045,1145,1645,2057,16,146972,11757,2046,1146,1680,2044,1143,1617,98,100,0,600,2069
tas1base2milc,478,362,2044,1144,1667,2063,16,146978,11758,2045,1145,1680,2043,1143,1623,98,100,0,600,2080
tas1base2milc,478,363,2044,1145,1635,2069,16,146976,11758,2046,1146,1678,2044,1143,1626,98,100,0,600,2072
tas1base2milc,478,364,2043,1144,1648,2075,16,146978,11758,2046,1146,1678,2043,1143,1616,98,100,0,600,2075
tas1base2milc,478,365,2051,1144,1647,2080,16,146981,11758,2051,1146,1691,2043,1143,1621,98,100,0,600,2092
tas1base2milc,478,366,2048,1144,1638,2086,16,146983,11758,2052,1145,1682,2047,1143,1623,98,100,0,600,2075
tas1base2milc,478,367,2048,1144,1646,2092,16,146986,11758,2049,1145,1681,2048,1143,1625,98,100,0,600,2075
tas1base2milc,478,368,2050,1144,1662,2097,16,146989,11759,2054,1145,1685,2047,1143,1623,99,100,0,599,2069
tas1base2milc,478,369,2046,1144,1641,2103,16,146991,11759,2050,1145,1690,2046,1142,1619,98,100,0,599,2069
tas1base2milc,478,370,2034,1144,1616,2109,16,146991,11759,2046,1146,1685,2034,1143,1604,98,100,0,600,2055
tas1base2milc,478,371,2023,1143,1624,2114,16,146988,11759,2034,1145,1665,2023,1143,1604,98,100,0,600,2049
tas1base2milc,478,372,2020,1143,1648,2120,16,146989,11759,2023,1145,1665,2020,1142,1604,98,100,0,600,2049
tas1base2milc,478,373,2024,1144,1648,2126,17,146982,11758,2024,1145,1668,2018,1143,1591,98,100,0,600,2060
tas1base2milc,478,374,2019,1145,1610,2131,17,146979,11758,2026,1145,1679,2019,1143,1593,99,100,0,600,2035
tas1base2milc,478,375,2027,1145,1606,2137,17,146978,11758,2028,1146,1673,2019,1143,1605,98,100,0,600,2049
tas1base2milc,478,376,2022,1143,1634,2143,17,146976,11758,2027,1145,1662,2022,1143,1605,98,100,0,600,2052
tas1base2milc,478,377,2019,1144,1644,2148,17,146976,11758,2022,1145,1663,2019,1143,1595,98,100,0,600,2049
tas1base2milc,478,378,2019,1144,1618,2154,17,146970,11757,2020,1145,1660,2019,1142,1596,98,100,0,600,2052
tas1base2milc,478,379,2019,1144,1622,2160,17,146967,11757,2020,1146,1661,2017,1143,1591,98,100,0,600,2046
tas1base2milc,478,380,2019,1143,1609,2165,17,146963,11757,2019,1145,1660,2018,1143,1603,98,100,0,600,2049
tas1base2milc,478,381,2025,1144,1622,2171,17,146962,11756,2025,1145,1673,2018,1143,1605,98,100,0,600,2066
tas1base2milc,478,382,2025,1144,1633,2176,17,146960,11756,2028,1145,1672,2025,1142,1597,98,100,0,600,2049
tas1base2milc,478,383,2025,1143,1642,2182,17,146959,11756,2028,1145,1667,2024,1143,1603,98,100,0,600,2046
tas1base2milc,478,384,2028,1145,1654,2188,17,146957,11756,2028,1146,1670,2024,1143,1604,98,100,0,600,2069
tas1base2milc,478,385,2025,1145,1647,2193,17,146956,11756,2029,1146,1668,2025,1144,1601,98,100,0,600,2049
tas1base2milc,478,386,2024,1144,1619,2199,17,146953,11756,2025,1145,1672,2020,1143,1596,98,100,0,600,2060
tas1base2milc,478,387,2034,1144,1646,2205,17,146954,11756,2034,1145,1674,2024,1143,1604,98,100,0,600,2072
tas1base2milc,478,388,2032,1143,1644,2210,17,146953,11756,2037,1145,1671,2032,1142,1604,98,100,0,600,2063
tas1base2milc,478,389,2028,1145,1611,2216,17,146952,11756,2032,1146,1659,2028,1143,1603,98,100,0,600,2055
tas1base2milc,478,390,2034,1144,1654,2222,17,146952,11756,2034,1145,1669,2027,1141,1595,97,100,0,600,2080
tas1base2milc,478,391,2030,1143,1640,2227,17,146951,11756,2036,1146,1672,2030,1142,1605,98,100,0,600,2060
tas1base2milc,478,392,2028,1143,1645,2233,17,146950,11756,2031,1145,1658,2028,1142,1603,98,100,0,600,2055
tas1base2milc,478,393,2028,1143,1640,2239,17,146948,11755,2028,1145,1660,2027,1143,1596,98,100,0,600,2058
tas1base2milc,478,394,2028,1143,1651,2244,17,146951,11756,2028,1145,1661,2027,1142,1596,98,100,0,600,2055
tas1base2milc,478,395,2028,1145,1636,2250,18,146946,11755,2030,1146,1664,2027,1143,1602,98,100,0,600,2063
tas1base2milc,478,396,2028,1145,1648,2256,18,146945,11755,2028,1146,1658,2027,1143,1602,98,100,0,600,2060
tas1base2milc,478,397,2038,1145,1618,2261,18,146946,11755,2038,1146,1672,2027,1143,1595,98,100,0,600,2077
tas1base2milc,478,398,2040,1144,1650,2267,18,146947,11755,2041,1146,1670,2038,1143,1602,98,100,0,600,2072
tas1base2milc,478,399,2032,1145,1646,2273,18,146946,11755,2040,1146,1670,2032,1142,1602,99,100,0,599,2052
tas1base2milc,478,400,2040,1145,1651,2278,18,146948,11755,2040,1145,1671,2032,1142,1605,98,100,0,600,2075
tas1base2milc,478,401,1898,1145,1524,2284,18,146940,11755,2043,1147,1672,1898,1143,1517,98,100,0,600,1921
tas1base2milc,478,402,2036,1145,1642,2289,18,146931,11754,2036,1146,1679,1885,1143,1512,98,100,0,600,2069
tas1base2milc,478,403,2027,1144,1665,2295,18,146930,11754,2037,1145,1680,2027,1142,1614,98,100,0,600,2052
tas1base2milc,478,404,2030,1146,1647,2301,18,146932,11754,2030,1146,1678,2025,1143,1612,97,100,0,600,2072
tas1base2milc,478,405,2031,1145,1661,2306,18,146928,11754,2032,1146,1679,2028,1144,1612,98,100,0,600,2066
tas1base2milc,478,406,2030,1146,1618,2312,18,146927,11754,2033,1146,1677,2030,1144,1611,98,100,0,600,2052
tas1base2milc,478,407,1911,1145,1643,2317,18,146917,11753,2030,1146,1670,1908,1143,1510,98,100,0,600,1944
tas1base2milc,478,408,2025,1145,1616,2323,18,146915,11753,2033,1146,1665,1911,1143,1608,98,100,0,600,2052
tas1base2milc,478,409,2022,1144,1623,2329,18,146913,11753,2025,1146,1668,2022,1143,1610,98,100,0,600,2049
tas1base2milc,478,410,2028,1143,1647,2334,18,146912,11752,2028,1146,1681,2022,1142,1612,98,100,0,601,2063
tas1base2milc,478,411,2025,1143,1625,2340,18,146910,11752,2030,1145,1676,2025,1142,1610,98,100,0,601,2060
tas1base2milc,478,412,2022,1142,1635,2346,18,146908,11752,2025,1144,1668,2022,1142,1611,98,100,0,601,2052
tas1base2milc,478,413,2048,1142,1677,2351,18,146912,11752,2048,1144,1691,2021,1141,1619,98,100,0,600,2089
tas1base2milc,478,414,2058,1143,1664,2357,18,146916,11753,2058,1145,1692,2048,1142,1651,98,100,0,600,2089
tas1base2milc,478,415,2065,1144,1657,2363,18,146922,11753,2067,1145,1697,2058,1141,1650,98,100,0,600,2092
tas1base2milc,478,416,2053,1143,1640,2369,18,146925,11754,2065,1146,1688,2053,1142,1620,99,100,0,600,2063
tas1base2milc,478,417,2049,1144,1633,2374,18,146928,11754,2053,1145,1680,2049,1142,1625,98,100,0,600,2075
tas1base2milc,478,418,2054,1144,1652,2380,19,146932,11754,2054,1145,1689,2049,1141,1618,98,100,0,600,2080
tas1base2milc,478,419,2047,1143,1658,2386,19,146933,11754,2054,1145,1675,2046,1142,1620,98,100,0,601,2077
tas1base2milc,478,420,2047,1145,1641,2391,19,146935,11754,2048,1145,1688,2045,1142,1613,98,100,0,601,2083
tas1base2milc,478,421,2044,1145,1656,2397,19,146937,11755,2049,1146,1690,2044,1142,1622,98,100,0,601,2072
tas1base2milc,478,422,2044,1144,1629,2403,19,146942,11755,2044,1146,1678,2042,1144,1620,98,100,0,601,2072
tas1base2milc,478,423,2047,1145,1648,2409,19,146941,11755,2047,1146,1689,2042,1142,1619,98,100,0,601,2083
tas1base2milc,478,424,2044,1144,1647,2414,19,146942,11755,2049,1146,1680,2044,1144,1616,99,100,0,601,2063
tas1base2milc,478,425,2043,1145,1640,2420,19,146943,11755,2044,1146,1678,2042,1143,1621,98,100,0,600,2072
tas1base2milc,478,426,2048,1144,1641,2426,19,146946,11755,2049,1146,1688,2043,1141,1627,98,100,0,600,2077
tas1base2milc,478,427,2044,1142,1636,2431,19,146947,11755,2048,1145,1688,2043,1142,1616,98,100,0,600,2072
tas1base2milc,478,428,2047,1143,1657,2437,19,146950,11756,2047,1145,1689,2042,1142,1620,98,100,0,600,2086
tas1base2milc,478,429,2045,1144,1653,2443,19,146951,11756,2049,1145,1688,2044,1143,1620,98,100,0,600,2075
tas1base2milc,478,430,2042,1143,1635,2449,19,146952,11756,2045,1144,1672,2042,1141,1622,98,100,0,600,2066
tas1base2milc,478,431,2044,1143,1637,2454,19,146954,11756,2044,1144,1690,2042,1142,1620,98,100,0,600,2075
tas1base2milc,478,432,2041,1144,1645,2460,19,146955,11756,2044,1145,1689,2041,1142,1618,98,100,0,599,2069
tas1base2milc,478,433,2025,1144,1632,2466,19,146953,11756,2041,1145,1685,2025,1143,1602,99,100,0,600,2043
tas1base2milc,478,434,2024,1144,1648,2471,19,146951,11756,2025,1145,1677,2020,1142,1603,97,100,0,600,2069
tas1base2milc,478,435,2019,1144,1617,2477,19,146948,11755,2025,1145,1667,2019,1143,1601,98,100,0,600,2046
tas1base2milc,478,436,2015,1144,1604,2482,19,146945,11755,2019,1145,1666,2015,1143,1588,98,100,0,600,2043
tas1base2milc,478,437,2021,1144,1661,2488,19,146943,11755,2021,1145,1672,2015,1142,1591,98,100,0,599,2060
tas1base2milc,478,438,2021,1144,1602,2494,19,146940,11755,2024,1146,1667,2021,1142,1602,98,100,0,600,2052
tas1base2milc,478,439,2018,1143,1641,2499,19,146938,11755,2021,1145,1660,2018,1142,1601,98,100,0,600,2043
tas1base2milc,478,440,2017,1145,1636,2505,20,146935,11754,2018,1146,1658,2016,1142,1593,98,100,0,599,2046
tas1base2milc,478,441,2013,1144,1625,2510,20,146935,11754,2017,1146,1657,2013,1144,1588,99,100,0,600,2026
tas1base2milc,478,442,2014,1144,1627,2516,20,146928,11754,2015,1145,1657,2013,1143,1599,98,100,0,600,2049
tas1base2milc,478,443,2021,1144,1640,2522,20,146926,11754,2021,1146,1669,2014,1143,1601,97,100,0,600,2066
tas1base2milc,478,444,2023,1144,1644,2527,20,146924,11753,2023,1146,1665,2020,1143,1602,98,100,0,600,2058
tas1base2milc,478,445,2024,1145,1632,2533,20,146923,11753,2027,1146,1667,2023,1143,1600,99,100,0,600,2043
tas1base2milc,478,446,2017,1143,1649,2539,20,146920,11753,2024,1146,1656,2017,1143,1591,98,100,0,600,2046
tas1base2milc,478,447,2016,1144,1635,2544,20,146917,11753,2017,1146,1656,2016,1143,1600,98,100,0,600,2046
tas1base2milc,478,448,2015,1146,1644,2550,20,146914,11753,2016,1147,1658,2015,1143,1589,98,100,0,600,2043
tas1base2milc,478,449,2015,1143,1630,2555,20,146911,11752,2016,1146,1660,2014,1142,1595,98,100,0,600,2052
tas1base2milc,478,450,2020,1146,1636,2561,20,146908,11752,2020,1146,1659,2014,1143,1592,98,100,0,600,2049
tas1base2milc,478,451,2022,1146,1646,2567,20,146907,11752,2023,1147,1653,2020,1144,1600,98,100,0,600,2055
tas1base2milc,478,452,2029,1146,1622,2572,20,146910,11752,2032,1147,1669,2022,1144,1593,98,100,0,600,2055
tas1base2milc,478,453,2026,1144,1646,2578,20,146909,11752,2029,1147,1670,2026,1141,1594,98,100,0,600,2055
tas1base2milc,478,454,2027,1143,1635,2584,20,146908,11752,2027,1146,1661,2026,1142,1604,98,100,0,601,2058
tas1base2milc,478,455,2026,1144,1608,2589,20,146903,11752,2027,1145,1657,2026,1142,1603,98,100,0,601,2058
tas1base2milc,478,456,2030,1145,1648,2595,20,146903,11752,2030,1146,1672,2025,1142,1595,97,100,0,601,2072
tas1base2milc,478,457,2027,1144,1644,2601,20,146902,11752,2034,1146,1665,2027,1142,1595,98,100,0,601,2052
tas1base2milc,478,458,2025,1145,1640,2606,20,146900,11752,2028,1147,1653,2025,1143,1599,98,100,0,601,2060
tas1base2milc,478,459,2030,1145,1623,2612,20,146900,11752,2030,1146,1663,2025,1142,1601,98,100,0,601,2069
tas1base2milc,478,460,2036,1144,1651,2618,20,146904,11752,2038,1146,1671,2030,1142,1603,98,100,0,601,2063
tas1base2milc,478,461,2032,1144,1605,2623,20,146900,11752,2036,1146,1667,2031,1142,1603,98,100,0,601,2055
tas1base2milc,478,462,2028,1145,1646,2629,21,146899,11751,2032,1146,1658,2028,1142,1603,98,100,0,601,2055
tas1base2milc,478,463,2031,1144,1641,2635,21,146899,11751,2033,1146,1668,2027,1142,1592,98,100,0,601,2055
tas1base2milc,478,464,2071,1145,1663,2640,21,146891,11751,2074,1146,1683,1877,1143,1510,99,100,0,601,2086
tas1base2milc,478,465,2055,1145,1654,2646,21,146894,11751,2071,1147,1690,2055,1143,1608,98,100,0,601,2083
tas1base2milc,478,466,2052,1144,1671,2652,21,146896,11751,2055,1147,1690,2049,1142,1622,98,100,0,601,2086
tas1base2milc,478,467,2053,1145,1651,2657,21,146899,11751,2056,1146,1683,2052,1143,1626,99,100,0,601,2069
tas1base2milc,478,468,2033,1145,1620,2663,21,146899,11751,2053,1146,1669,2033,1143,1608,99,100,0,601,2049
tas1base2milc,478,469,2024,1146,1651,2669,21,146897,11751,2033,1146,1667,2024,1143,1611,98,100,0,601,2052
tas1base2milc,478,470,2023,1143,1630,2674,21,146895,11751,2025,1146,1669,2023,1142,1613,98,100,0,601,2060
tas1base2milc,478,471,2022,1145,1653,2680,21,146893,11751,2023,1147,1668,2022,1142,1612,98,100,0,601,2052
tas1base2milc,478,472,2027,1145,1624,2685,21,146892,11751,2027,1147,1679,2021,1144,1609,97,100,0,601,2072
tas1base2milc,478,473,2045,1146,1658,2691,21,146894,11751,2045,1147,1690,2027,1143,1575,97,100,0,601,2089
tas1base2milc,478,474,2057,1144,1654,2697,21,146901,11752,2057,1146,1687,2045,1143,1649,98,100,0,601,2089
tas1base2milc,478,475,2066,1140,1682,2703,21,146903,11752,2066,1146,1709,2057,1139,1650,98,100,0,601,2106
tas1base2milc,478,476,2071,1141,1577,2709,21,146909,11752,2071,1141,1714,2066,1137,1577,98,100,0,601,2106
tas1base2milc,478,477,1695,1140,1372,2713,21,146858,11748,2071,1142,1577,1691,1137,1370,99,100,0,601,1711
Processed 478 lines from power meter
There were 0 errors in reading from the meter
