RunId,NumDataLines,SeqNum,Watts,Amps,WattHours,Cost,MoKWh,MoCost,MaxWatts,MaxVolts,MaxAmps,MinWatts,MinVolts,MinAmps,Factor,DutyCycle,PowerCycle
h264ref.leslie3d,233,0,1883,1155,1689,0,0,0,0,1883,1155,1689,1883,1155,1689,97,0,1,0,0
h264ref.leslie3d,233,1,1861,1153,1674,5,0,0,0,2076,1156,1857,1843,1153,1658,96,100,0,0,0
h264ref.leslie3d,233,2,1890,1153,1700,10,0,0,0,2074,1155,1857,1852,1152,1666,96,100,0,0,0
h264ref.leslie3d,233,3,1894,1154,1702,15,0,0,0,2070,1155,1853,1852,1153,1665,96,100,0,0,0
h264ref.leslie3d,233,4,1951,1153,1753,20,0,0,0,2071,1155,1852,1854,1152,1668,97,100,0,0,0
h264ref.leslie3d,233,5,1859,1153,1672,26,0,0,0,2074,1155,1857,1852,1152,1667,96,100,0,0,0
h264ref.leslie3d,233,6,1856,1153,1670,31,0,0,0,2080,1155,1862,1851,1152,1666,96,100,0,0,0
h264ref.leslie3d,233,7,1857,1153,1670,36,0,0,0,2077,1156,1857,1847,1152,1661,96,100,0,0,0
h264ref.leslie3d,233,8,1857,1154,1670,41,0,0,0,2089,1155,1870,1851,1153,1665,96,100,0,0,0
h264ref.leslie3d,233,9,1859,1153,1672,46,0,0,0,2083,1155,1868,1853,1153,1666,96,100,0,0,0
h264ref.leslie3d,233,10,1861,1154,1672,52,0,0,0,2072,1155,1855,1853,1152,1667,96,100,0,0,0
h264ref.leslie3d,233,11,1860,1155,1672,57,0,0,0,2092,1155,1873,1850,1151,1665,96,100,0,0,0
h264ref.leslie3d,233,12,1856,1153,1670,62,0,0,0,2068,1155,1852,1842,1151,1658,96,100,0,0,0
h264ref.leslie3d,233,13,1858,1153,1672,67,1,0,0,2078,1155,1858,1851,1152,1665,96,100,0,0,0
h264ref.leslie3d,233,14,1855,1153,1668,72,1,0,0,2078,1155,1859,1850,1152,1664,96,100,0,0,0
h264ref.leslie3d,233,15,1858,1153,1672,77,1,0,0,2093,1155,1873,1849,1152,1665,96,100,0,0,0
h264ref.leslie3d,233,16,1859,1155,1670,83,1,0,0,2076,1155,1859,1852,1152,1665,96,100,0,0,0
h264ref.leslie3d,233,17,1893,1153,1701,88,1,0,0,2071,1155,1854,1847,1152,1662,97,100,0,0,0
h264ref.leslie3d,233,18,1855,1152,1671,93,1,0,0,2076,1155,1860,1853,1151,1667,96,100,0,0,0
h264ref.leslie3d,233,19,1856,1153,1670,98,1,0,0,2086,1155,1865,1853,1152,1667,96,100,0,0,0
h264ref.leslie3d,233,20,1855,1153,1669,103,1,0,0,2088,1155,1869,1852,1152,1668,96,100,0,0,0
h264ref.leslie3d,233,21,1894,1153,1703,109,1,0,0,2091,1155,1871,1850,1152,1665,96,100,0,0,0
h264ref.leslie3d,233,22,1864,1153,1675,114,1,0,0,2074,1155,1857,1852,1151,1668,97,100,0,0,0
h264ref.leslie3d,233,23,1858,1153,1671,119,1,0,0,2089,1155,1872,1846,1151,1662,96,100,0,0,0
h264ref.leslie3d,233,24,1857,1154,1669,124,1,0,0,2084,1155,1865,1850,1152,1665,96,100,0,0,0
h264ref.leslie3d,233,25,1857,1153,1670,129,1,0,0,2073,1155,1858,1850,1152,1665,96,100,0,0,0
h264ref.leslie3d,233,26,1859,1153,1672,135,1,0,0,2097,1155,1877,1851,1151,1666,96,100,0,0,0
h264ref.leslie3d,233,27,1858,1153,1671,140,1,0,0,2079,1155,1862,1853,1152,1667,96,100,0,0,0
h264ref.leslie3d,233,28,1861,1153,1675,145,1,0,0,2081,1155,1862,1843,1149,1659,96,100,0,0,0
h264ref.leslie3d,233,29,1865,1153,1678,150,1,0,0,2087,1153,1867,1852,1151,1668,96,100,0,0,0
h264ref.leslie3d,233,30,2156,1151,1930,155,1,0,0,2156,1153,1930,1851,1151,1667,97,100,0,0,0
h264ref.leslie3d,233,31,2235,1152,1996,162,1,0,0,2399,1152,2140,2144,1150,1919,97,100,0,0,0
h264ref.leslie3d,233,32,2212,1151,1978,168,1,0,0,2417,1152,2155,2212,1149,1978,97,100,0,0,0
h264ref.leslie3d,233,33,2226,1150,1989,174,1,0,0,2427,1152,2165,2212,1149,1977,97,100,0,0,0
h264ref.leslie3d,233,34,2232,1151,1994,180,1,0,0,2407,1152,2148,2215,1149,1981,97,100,0,0,0
h264ref.leslie3d,233,35,2231,1152,1992,187,1,0,0,2451,1152,2187,2220,1149,1986,97,100,0,0,0
h264ref.leslie3d,233,36,2236,1150,1999,193,2,0,0,2451,1152,2183,2224,1149,1987,97,100,0,0,0
h264ref.leslie3d,233,37,2227,1150,1990,199,2,0,0,2420,1152,2158,2220,1149,1985,97,100,0,0,0
h264ref.leslie3d,233,38,2285,1151,2043,205,2,0,0,2423,1152,2162,2224,1149,1989,97,100,0,0,0
h264ref.leslie3d,233,39,2249,1151,2009,212,2,0,0,2425,1152,2163,2222,1149,1988,97,100,0,0,0
h264ref.leslie3d,233,40,2240,1152,1999,218,2,0,0,2446,1152,2179,2227,1149,1990,97,100,0,0,0
h264ref.leslie3d,233,41,2244,1150,2006,224,2,0,0,2441,1152,2175,2226,1149,1991,97,100,0,0,0
h264ref.leslie3d,233,42,2257,1150,2019,230,2,0,0,2432,1152,2167,2229,1150,1991,97,100,0,0,0
h264ref.leslie3d,233,43,2228,1151,1990,237,2,0,0,2462,1152,2194,2228,1149,1990,97,100,0,0,0
h264ref.leslie3d,233,44,2249,1151,2009,243,2,0,0,2442,1152,2178,2222,1149,1987,97,100,0,0,0
h264ref.leslie3d,233,45,2253,1152,2012,249,2,0,0,2447,1152,2181,2230,1150,1994,97,100,0,0,0
h264ref.leslie3d,233,46,2282,1150,2037,255,2,0,0,2447,1152,2179,2232,1150,1993,97,100,0,0,0
h264ref.leslie3d,233,47,2253,1151,2011,262,2,0,0,2434,1152,2169,2233,1150,1994,97,100,0,0,0
h264ref.leslie3d,233,48,2257,1150,2017,268,2,0,0,2447,1153,2182,2229,1150,1991,97,100,0,0,0
h264ref.leslie3d,233,49,2271,1150,2029,274,2,0,0,2456,1152,2187,2235,1149,1998,97,100,0,0,0
h264ref.leslie3d,233,50,2452,1151,2183,281,2,0,0,2456,1152,2189,2237,1150,1999,98,100,0,0,0
h264ref.leslie3d,233,51,2269,1150,2026,287,2,0,0,2449,1152,2182,2242,1150,2003,97,100,0,0,0
h264ref.leslie3d,233,52,2265,1151,2022,293,2,0,0,2470,1152,2201,2248,1150,2008,97,100,0,0,0
h264ref.leslie3d,233,53,2264,1150,2022,300,2,0,0,2462,1153,2192,2247,1150,2007,97,100,0,0,0
h264ref.leslie3d,233,54,2324,1152,2073,306,2,0,0,2477,1153,2205,2247,1149,2007,97,100,0,0,0
h264ref.leslie3d,233,55,2256,1151,2014,312,2,0,0,2464,1153,2195,2250,1150,2008,97,100,0,0,0
h264ref.leslie3d,233,56,2265,1152,2021,319,3,0,0,2465,1152,2196,2248,1150,2005,97,100,0,0,0
h264ref.leslie3d,233,57,2283,1152,2037,325,3,0,0,2445,1152,2179,2246,1150,2005,97,100,0,0,0
h264ref.leslie3d,233,58,2311,1151,2062,331,3,0,0,2443,1152,2177,2248,1150,2006,97,100,0,0,0
h264ref.leslie3d,233,59,2259,1152,2015,338,3,0,0,2473,1153,2201,2253,1149,2009,97,100,0,0,0
h264ref.leslie3d,233,60,2255,1152,2012,344,3,0,0,2460,1152,2191,2248,1150,2007,97,100,0,0,0
h264ref.leslie3d,233,61,2272,1152,2026,350,3,0,0,2465,1152,2197,2240,1150,2000,97,100,0,0,0
h264ref.leslie3d,233,62,2437,1150,2172,357,3,0,0,2470,1153,2201,2240,1150,1998,98,100,0,0,0
h264ref.leslie3d,233,63,2250,1152,2008,363,3,0,0,2475,1152,2203,2250,1150,2008,97,100,0,0,0
h264ref.leslie3d,233,64,2262,1152,2018,369,3,0,0,2460,1152,2191,2251,1150,2009,97,100,0,0,0
h264ref.leslie3d,233,65,2292,1151,2045,376,3,0,0,2466,1152,2197,2250,1150,2010,97,100,0,0,0
h264ref.leslie3d,233,66,2267,1152,2024,382,3,0,0,2468,1152,2200,2244,1150,2004,97,100,0,0,0
h264ref.leslie3d,233,67,2264,1152,2020,389,3,0,0,2460,1152,2192,2257,1150,2014,97,100,0,0,0
h264ref.leslie3d,233,68,2271,1150,2028,395,3,0,0,2467,1153,2197,2252,1150,2012,97,100,0,0,0
h264ref.leslie3d,233,69,2273,1152,2028,401,3,0,0,2465,1152,2195,2256,1150,2013,97,100,0,0,0
h264ref.leslie3d,233,70,2282,1151,2036,408,3,0,0,2465,1152,2195,2244,1150,2004,97,100,0,0,0
h264ref.leslie3d,233,71,2261,1150,2019,414,3,0,0,2463,1152,2193,2256,1150,2014,97,100,0,0,0
h264ref.leslie3d,233,72,2266,1150,2024,420,3,0,0,2463,1152,2193,2245,1150,2005,97,100,0,0,0
h264ref.leslie3d,233,73,2274,1151,2029,427,3,0,0,2491,1152,2220,2249,1150,2008,97,100,0,0,0
h264ref.leslie3d,233,74,2258,1151,2016,433,3,0,0,2477,1152,2207,2250,1149,2009,97,100,0,0,0
h264ref.leslie3d,233,75,2285,1152,2039,439,4,0,0,2477,1152,2207,2249,1150,2007,97,100,0,0,0
h264ref.leslie3d,233,76,2271,1152,2027,446,4,0,0,2461,1152,2194,2254,1150,2013,97,100,0,0,0
h264ref.leslie3d,233,77,2261,1152,2018,452,4,0,0,2483,1152,2210,2251,1150,2011,97,100,0,0,0
h264ref.leslie3d,233,78,2249,1152,2007,458,4,0,0,2483,1152,2213,2248,1149,2007,97,100,0,0,0
h264ref.leslie3d,233,79,2281,1151,2036,465,4,0,0,2457,1152,2186,2255,1150,2012,97,100,0,0,0
h264ref.leslie3d,233,80,2281,1152,2036,471,4,0,0,2466,1152,2198,2251,1150,2011,97,100,0,0,0
h264ref.leslie3d,233,81,2259,1151,2018,477,4,0,0,2471,1152,2200,2250,1149,2011,97,100,0,0,0
h264ref.leslie3d,233,82,2267,1150,2025,484,4,0,0,2472,1152,2204,2242,1149,2002,97,100,0,0,0
h264ref.leslie3d,233,83,2277,1151,2032,490,4,0,0,2457,1152,2190,2257,1149,2015,97,100,0,0,0
h264ref.leslie3d,233,84,2280,1150,2037,496,4,0,0,2471,1152,2204,2247,1149,2007,97,100,0,0,0
h264ref.leslie3d,233,85,2252,1149,2014,503,4,0,0,2484,1152,2215,2252,1149,2014,97,100,0,0,0
h264ref.leslie3d,233,86,2266,1150,2025,509,4,0,0,2462,1151,2197,2250,1148,2010,97,100,0,0,0
h264ref.leslie3d,233,87,2277,1151,2033,516,4,0,0,2467,1152,2199,2251,1149,2011,97,100,0,0,0
h264ref.leslie3d,233,88,2274,1150,2032,522,4,0,0,2481,1151,2214,2257,1149,2016,97,100,0,0,0
h264ref.leslie3d,233,89,2250,1151,2010,528,4,0,0,2486,1151,2218,2250,1148,2010,97,100,0,0,0
h264ref.leslie3d,233,90,2254,1150,2015,535,4,0,0,2483,1151,2215,2254,1149,2014,97,100,0,0,0
h264ref.leslie3d,233,91,2302,1149,2057,541,4,0,0,2467,1151,2198,2251,1149,2014,97,100,0,0,0
h264ref.leslie3d,233,92,2241,1150,2003,547,4,0,0,2463,1151,2197,2241,1148,2003,97,100,0,0,0
h264ref.leslie3d,233,93,2267,1149,2029,554,4,0,0,2472,1151,2205,2254,1148,2014,97,100,0,0,0
h264ref.leslie3d,233,94,2280,1150,2038,560,4,0,0,2467,1150,2200,2242,1148,2007,97,100,0,0,0
h264ref.leslie3d,233,95,2369,1150,2117,566,5,0,0,2451,1150,2189,2256,1148,2018,97,100,0,0,0
h264ref.leslie3d,233,96,2274,1150,2033,573,5,0,0,2507,1150,2237,2247,1148,2011,97,100,0,0,0
h264ref.leslie3d,233,97,2269,1150,2028,579,5,0,0,2475,1150,2209,2252,1148,2013,97,100,0,0,0
h264ref.leslie3d,233,98,2274,1149,2035,585,5,0,0,2475,1150,2210,2246,1148,2008,97,100,0,0,0
h264ref.leslie3d,233,99,2391,1149,2135,592,5,0,0,2455,1150,2190,2255,1148,2016,97,100,0,0,0
h264ref.leslie3d,233,100,2264,1150,2024,598,5,0,0,2470,1150,2203,2247,1148,2008,97,100,0,0,0
h264ref.leslie3d,233,101,2268,1149,2028,604,5,0,0,2463,1150,2198,2256,1148,2016,97,100,0,0,0
h264ref.leslie3d,233,102,2281,1149,2039,611,5,0,0,2476,1151,2210,2252,1148,2013,97,100,0,0,0
h264ref.leslie3d,233,103,2314,1150,2066,617,5,0,0,2464,1150,2198,2253,1148,2014,97,100,0,0,0
h264ref.leslie3d,233,104,2252,1150,2014,623,5,0,0,2484,1151,2216,2250,1148,2011,97,100,0,0,0
h264ref.leslie3d,233,105,2274,1150,2032,630,5,0,0,2468,1151,2201,2254,1148,2015,97,100,0,0,0
h264ref.leslie3d,233,106,2273,1150,2032,636,5,0,0,2465,1150,2201,2249,1148,2011,97,100,0,0,0
h264ref.leslie3d,233,107,2325,1149,2078,643,5,0,0,2458,1150,2193,2255,1148,2016,97,100,0,0,0
h264ref.leslie3d,233,108,2270,1149,2031,649,5,0,0,2461,1150,2198,2243,1148,2007,97,100,0,0,0
h264ref.leslie3d,233,109,2283,1150,2040,655,5,0,0,2453,1150,2188,2250,1148,2013,97,100,0,0,0
h264ref.leslie3d,233,110,2264,1150,2023,662,5,0,0,2498,1150,2230,2249,1147,2010,97,100,0,0,0
h264ref.leslie3d,233,111,2344,1149,2096,668,5,0,0,2451,1150,2188,2251,1148,2013,97,100,0,0,0
h264ref.leslie3d,233,112,2267,1149,2028,674,5,0,0,2452,1151,2186,2252,1148,2013,97,100,0,0,0
h264ref.leslie3d,233,113,2010,1150,1805,680,5,0,0,2491,1152,2224,2010,1148,1805,97,100,0,0,0
h264ref.leslie3d,233,114,2022,1151,1816,686,5,0,0,2226,1152,1992,2008,1149,1803,97,100,0,0,0
h264ref.leslie3d,233,115,2019,1150,1813,692,6,0,0,2246,1152,2007,2017,1149,1810,97,100,0,0,0
h264ref.leslie3d,233,116,2023,1151,1815,697,6,0,0,2219,1152,1984,2017,1150,1810,97,100,0,0,0
h264ref.leslie3d,233,117,2027,1151,1820,703,6,0,0,2226,1152,1992,2017,1149,1811,97,100,0,0,0
h264ref.leslie3d,233,118,2041,1151,1832,709,6,0,0,2235,1152,1999,2002,1149,1799,97,100,0,0,0
h264ref.leslie3d,233,119,2023,1151,1816,714,6,0,0,2228,1152,1992,2010,1149,1804,97,100,0,0,0
h264ref.leslie3d,233,120,2019,1150,1813,720,6,0,0,2223,1152,1989,2012,1149,1806,97,100,0,0,0
h264ref.leslie3d,233,121,2035,1150,1827,726,6,0,0,2217,1152,1983,2006,1149,1799,97,100,0,0,0
h264ref.leslie3d,233,122,2004,1151,1799,731,6,0,0,2233,1152,1996,1995,1150,1791,97,100,0,0,0
h264ref.leslie3d,233,123,2017,1151,1810,737,6,0,0,2233,1152,1998,2009,1149,1804,97,100,0,0,0
h264ref.leslie3d,233,124,2075,1150,1860,743,6,0,0,2226,1153,1991,2008,1150,1802,97,100,0,0,0
h264ref.leslie3d,233,125,2018,1152,1809,748,6,0,0,2260,1152,2021,2008,1150,1802,97,100,0,0,0
h264ref.leslie3d,233,126,2010,1152,1802,754,6,0,0,2222,1152,1985,1992,1150,1788,97,100,0,0,0
h264ref.leslie3d,233,127,2026,1151,1818,760,6,0,0,2236,1152,2000,1999,1147,1796,97,100,0,0,0
h264ref.leslie3d,233,128,2053,1151,1841,765,6,0,0,2238,1152,2000,2006,1149,1801,97,100,0,0,0
h264ref.leslie3d,233,129,2020,1152,1812,771,6,0,0,2219,1152,1985,2002,1149,1797,97,100,0,0,0
h264ref.leslie3d,233,130,2033,1150,1825,776,6,0,0,2224,1153,1988,2004,1149,1797,97,100,0,0,0
h264ref.leslie3d,233,131,2017,1151,1810,782,6,0,0,2264,1152,2025,2010,1149,1804,97,100,0,0,0
h264ref.leslie3d,233,132,2014,1151,1808,788,6,0,0,2220,1152,1986,2000,1149,1797,97,100,0,0,0
h264ref.leslie3d,233,133,2005,1150,1800,793,6,0,0,2246,1152,2009,2003,1150,1798,97,100,0,0,0
h264ref.leslie3d,233,134,2016,1151,1810,799,6,0,0,2241,1152,2005,1992,1149,1789,97,100,0,0,0
h264ref.leslie3d,233,135,2018,1152,1810,805,6,0,0,2226,1152,1991,2004,1149,1799,97,100,0,0,0
h264ref.leslie3d,233,136,2024,1151,1816,810,6,0,0,2226,1152,1990,2010,1150,1805,97,100,0,0,0
h264ref.leslie3d,233,137,2010,1151,1805,816,7,0,0,2251,1152,2013,2000,1149,1797,97,100,0,0,0
h264ref.leslie3d,233,138,2002,1150,1799,822,7,0,0,2240,1152,2003,2000,1149,1797,97,100,0,0,0
h264ref.leslie3d,233,139,2004,1151,1800,827,7,0,0,2230,1152,1996,2004,1149,1800,97,100,0,0,0
h264ref.leslie3d,233,140,2016,1150,1811,833,7,0,0,2243,1152,2007,2004,1149,1800,97,100,0,0,0
h264ref.leslie3d,233,141,2080,1150,1866,838,7,0,0,2257,1152,2020,2007,1150,1802,97,100,0,0,0
h264ref.leslie3d,233,142,2026,1151,1818,844,7,0,0,2231,1152,1994,1988,1149,1786,97,100,0,0,0
h264ref.leslie3d,233,143,2012,1151,1805,850,7,0,0,2223,1152,1989,2009,1149,1804,97,100,0,0,0
h264ref.leslie3d,233,144,2022,1151,1814,855,7,0,0,2232,1152,1998,2010,1149,1805,97,100,0,0,0
h264ref.leslie3d,233,145,2171,1149,1947,861,7,0,0,2230,1152,1996,2002,1149,1798,97,100,0,0,0
h264ref.leslie3d,233,146,2005,1150,1801,867,7,0,0,2229,1152,1994,2002,1149,1798,97,100,0,0,0
h264ref.leslie3d,233,147,2012,1150,1807,872,7,0,0,2252,1152,2016,2009,1149,1804,97,100,0,0,0
h264ref.leslie3d,233,148,2020,1151,1813,878,7,0,0,2233,1152,1995,2004,1149,1799,97,100,0,0,0
h264ref.leslie3d,233,149,2222,1149,1989,884,7,0,0,2223,1152,1989,2006,1149,1799,97,100,0,0,0
h264ref.leslie3d,233,150,2020,1152,1812,889,7,0,0,2249,1152,2012,2004,1150,1800,97,100,0,0,0
h264ref.leslie3d,233,151,2011,1150,1805,895,7,0,0,2218,1152,1984,2008,1149,1801,97,100,0,0,0
h264ref.leslie3d,233,152,2014,1152,1807,900,7,0,0,2226,1152,1991,2009,1149,1803,97,100,0,0,0
h264ref.leslie3d,233,153,2028,1151,1820,906,7,0,0,2237,1152,2002,2005,1149,1800,97,100,0,0,0
h264ref.leslie3d,233,154,2042,1151,1831,912,7,0,0,2230,1152,1995,2004,1150,1800,97,100,0,0,0
h264ref.leslie3d,233,155,2019,1151,1811,917,7,0,0,2227,1152,1991,2009,1149,1804,97,100,0,0,0
h264ref.leslie3d,233,156,2012,1151,1806,923,7,0,0,2238,1152,2001,2011,1150,1804,97,100,0,0,0
h264ref.leslie3d,233,157,2027,1151,1819,929,7,0,0,2215,1152,1982,2002,1149,1798,97,100,0,0,0
h264ref.leslie3d,233,158,2018,1152,1811,934,7,0,0,2217,1152,1983,2002,1150,1797,97,100,0,0,0
h264ref.leslie3d,233,159,2013,1152,1806,940,8,0,0,2226,1152,1991,2008,1150,1801,97,100,0,0,0
h264ref.leslie3d,233,160,2050,1151,1838,946,8,0,0,2235,1152,2000,2007,1150,1801,97,100,0,0,0
h264ref.leslie3d,233,161,2023,1151,1815,951,8,0,0,2230,1153,1991,2001,1150,1796,97,100,0,0,0
h264ref.leslie3d,233,162,2103,1152,1884,957,8,0,0,2238,1153,2000,2010,1150,1804,97,100,0,0,0
h264ref.leslie3d,233,163,2037,1151,1827,962,8,0,0,2229,1153,1992,2007,1151,1799,97,100,0,0,0
h264ref.leslie3d,233,164,2015,1152,1807,968,8,0,0,2234,1153,1998,2009,1150,1803,97,100,0,0,0
h264ref.leslie3d,233,165,2018,1152,1810,974,8,0,0,2223,1153,1987,2001,1150,1796,97,100,0,0,0
h264ref.leslie3d,233,166,2169,1152,1944,979,8,0,0,2239,1153,2002,2004,1150,1798,97,100,0,0,0
h264ref.leslie3d,233,167,2012,1150,1807,985,8,0,0,2212,1153,1978,2006,1150,1801,97,100,0,0,0
h264ref.leslie3d,233,168,2016,1152,1807,991,8,0,0,2236,1153,2001,2006,1150,1801,97,100,0,0,0
h264ref.leslie3d,233,169,2028,1150,1821,996,8,0,0,2265,1153,2026,2003,1150,1798,97,100,0,0,0
h264ref.leslie3d,233,170,2221,1152,1985,1002,8,0,0,2221,1153,1985,2007,1149,1802,97,100,0,0,0
h264ref.leslie3d,233,171,2003,1152,1797,1008,8,0,0,2200,1153,1969,2003,1150,1797,97,100,0,0,0
h264ref.leslie3d,233,172,1884,1152,1697,1013,8,0,0,2089,1153,1871,1860,1150,1675,96,100,0,0,0
h264ref.leslie3d,233,173,1867,1152,1681,1018,8,0,0,2095,1153,1875,1865,1150,1679,96,100,0,0,0
h264ref.leslie3d,233,174,1865,1153,1677,1023,8,0,0,2081,1153,1864,1863,1150,1677,96,100,0,0,0
h264ref.leslie3d,233,175,1881,1152,1694,1029,8,0,0,2082,1153,1867,1864,1150,1677,96,100,0,0,0
h264ref.leslie3d,233,176,1867,1152,1680,1034,8,0,0,2081,1153,1864,1861,1151,1676,96,100,0,0,0
h264ref.leslie3d,233,177,1864,1153,1677,1039,8,0,0,2093,1154,1874,1856,1150,1672,96,100,0,0,0
h264ref.leslie3d,233,178,1877,1153,1688,1044,8,0,0,2074,1153,1858,1861,1151,1674,96,100,0,0,0
h264ref.leslie3d,233,179,1867,1153,1680,1049,8,0,0,2079,1153,1864,1856,1150,1670,96,100,0,0,0
h264ref.leslie3d,233,180,1862,1152,1676,1055,8,0,0,2085,1153,1869,1855,1151,1670,96,100,0,0,0
h264ref.leslie3d,233,181,1874,1153,1684,1060,8,0,0,2100,1153,1882,1849,1151,1665,96,100,0,0,0
h264ref.leslie3d,233,182,1862,1153,1675,1065,9,0,0,2098,1153,1879,1854,1150,1670,96,100,0,0,0
h264ref.leslie3d,233,183,2091,1152,1873,1070,9,0,0,2091,1153,1873,1857,1152,1671,97,100,0,0,0
h264ref.leslie3d,233,184,1859,1152,1675,1075,9,0,0,2095,1154,1877,1855,1151,1670,96,100,0,0,0
h264ref.leslie3d,233,185,1857,1152,1671,1081,9,0,0,2081,1154,1863,1856,1152,1670,96,100,0,0,0
h264ref.leslie3d,233,186,1861,1152,1675,1086,9,0,0,2084,1153,1866,1857,1151,1671,96,100,0,0,0
h264ref.leslie3d,233,187,2054,1151,1844,1091,9,0,0,2077,1153,1860,1855,1151,1671,97,100,0,0,0
h264ref.leslie3d,233,188,1860,1152,1676,1096,9,0,0,2085,1153,1871,1847,1149,1664,96,100,0,0,0
h264ref.leslie3d,233,189,1864,1153,1678,1102,9,0,0,2078,1153,1860,1858,1150,1671,96,100,0,0,0
h264ref.leslie3d,233,190,1858,1151,1674,1107,9,0,0,2095,1153,1879,1844,1150,1662,96,100,0,0,0
h264ref.leslie3d,233,191,1850,1153,1665,1112,9,0,0,2087,1153,1869,1844,1151,1662,96,100,0,0,0
h264ref.leslie3d,233,192,1855,1152,1671,1117,9,0,0,2083,1153,1865,1848,1151,1665,96,100,0,0,0
h264ref.leslie3d,233,193,1862,1153,1677,1122,9,0,0,2094,1153,1877,1851,1151,1668,96,100,0,0,0
h264ref.leslie3d,233,194,1856,1153,1671,1128,9,0,0,2072,1153,1856,1852,1151,1667,96,100,0,0,0
h264ref.leslie3d,233,195,1857,1152,1672,1133,9,0,0,2093,1153,1877,1853,1152,1669,96,100,0,0,0
h264ref.leslie3d,233,196,1892,1153,1706,1138,9,0,0,2078,1154,1862,1854,1151,1669,96,100,0,0,0
h264ref.leslie3d,233,197,1873,1152,1686,1143,9,0,0,2077,1154,1860,1854,1151,1670,96,100,0,0,0
h264ref.leslie3d,233,198,1858,1154,1671,1148,9,0,0,2077,1155,1859,1854,1152,1670,96,100,0,0,0
h264ref.leslie3d,233,199,1874,1153,1686,1154,9,0,0,2082,1155,1863,1853,1152,1669,96,100,0,0,0
h264ref.leslie3d,233,200,1916,1153,1723,1159,9,0,0,2066,1154,1852,1854,1152,1669,96,100,0,0,0
h264ref.leslie3d,233,201,1858,1153,1671,1164,9,0,0,2080,1154,1862,1855,1151,1669,96,100,0,0,0
h264ref.leslie3d,233,202,1874,1153,1686,1169,9,0,0,2072,1155,1856,1853,1152,1667,96,100,0,0,0
h264ref.leslie3d,233,203,1876,1153,1688,1174,9,0,0,2069,1154,1854,1852,1152,1667,96,100,0,0,0
h264ref.leslie3d,233,204,1897,1153,1706,1180,9,0,0,2089,1155,1872,1854,1152,1668,96,100,0,0,0
h264ref.leslie3d,233,205,1890,1155,1699,1185,9,0,0,2093,1155,1875,1843,1152,1660,96,100,0,0,0
h264ref.leslie3d,233,206,1876,1153,1688,1190,10,0,0,2089,1155,1871,1845,1152,1660,96,100,0,0,0
h264ref.leslie3d,233,207,1859,1153,1672,1195,10,0,0,2078,1155,1861,1852,1152,1666,96,100,0,0,0
h264ref.leslie3d,233,208,1892,1154,1701,1200,10,0,0,2126,1155,1902,1844,1152,1660,96,100,0,0,0
h264ref.leslie3d,233,209,1882,1155,1691,1206,10,0,0,2081,1155,1863,1852,1153,1665,96,100,0,0,0
h264ref.leslie3d,233,210,1858,1153,1671,1211,10,0,0,2079,1155,1862,1848,1152,1662,96,100,0,0,0
h264ref.leslie3d,233,211,1880,1153,1691,1216,10,0,0,2078,1155,1859,1851,1152,1666,96,100,0,0,0
h264ref.leslie3d,233,212,1879,1154,1689,1221,10,0,0,2074,1154,1856,1854,1152,1668,96,100,0,0,0
h264ref.leslie3d,233,213,1863,1153,1677,1226,10,0,0,2073,1154,1857,1853,1152,1667,96,100,0,0,0
h264ref.leslie3d,233,214,1903,1152,1711,1232,10,0,0,2091,1154,1870,1854,1152,1668,97,100,0,0,0
h264ref.leslie3d,233,215,1879,1153,1691,1237,10,0,0,2086,1155,1870,1842,1151,1658,96,100,0,0,0
h264ref.leslie3d,233,216,1865,1153,1677,1242,10,0,0,2090,1154,1872,1852,1152,1667,96,100,0,0,0
h264ref.leslie3d,233,217,1955,1153,1756,1247,10,0,0,2078,1155,1861,1852,1152,1667,97,100,0,0,0
h264ref.leslie3d,233,218,1887,1154,1697,1252,10,0,0,2074,1154,1856,1851,1152,1666,96,100,0,0,0
h264ref.leslie3d,233,219,1870,1153,1682,1257,10,0,0,2082,1155,1865,1846,1151,1660,96,100,0,0,0
h264ref.leslie3d,233,220,1921,1154,1726,1263,10,0,0,2086,1155,1869,1852,1151,1667,96,100,0,0,0
h264ref.leslie3d,233,221,1925,1153,1730,1268,10,0,0,2082,1155,1861,1851,1152,1666,97,100,0,0,0
h264ref.leslie3d,233,222,1868,1153,1680,1273,10,0,0,2077,1155,1860,1853,1152,1667,96,100,0,0,0
h264ref.leslie3d,233,223,1930,1154,1733,1278,10,0,0,2084,1155,1865,1851,1152,1665,96,100,0,0,0
h264ref.leslie3d,233,224,1901,1154,1707,1283,10,0,0,2079,1155,1862,1853,1151,1667,96,100,0,0,0
h264ref.leslie3d,233,225,1871,1153,1683,1289,10,0,0,2094,1155,1874,1841,1152,1659,96,100,0,0,0
h264ref.leslie3d,233,226,1912,1153,1718,1294,10,0,0,2083,1155,1865,1849,1153,1665,97,100,0,0,0
h264ref.leslie3d,233,227,1866,1153,1679,1299,10,0,0,2086,1155,1867,1849,1150,1665,96,100,0,0,0
h264ref.leslie3d,233,228,1866,1153,1679,1304,10,0,0,2092,1154,1874,1852,1152,1667,96,100,0,0,0
h264ref.leslie3d,233,229,1902,1154,1708,1309,10,0,0,2070,1155,1856,1851,1152,1667,96,100,0,0,0
h264ref.leslie3d,233,230,1865,1153,1678,1315,11,0,0,2079,1155,1862,1851,1152,1666,96,100,0,0,0
h264ref.leslie3d,233,231,1870,1154,1681,1320,11,0,0,2087,1155,1870,1851,1152,1665,96,100,0,0,0
h264ref.leslie3d,233,232,1900,1153,1708,1325,11,0,0,2079,1155,1861,1852,1152,1666,96,100,0,0,0
We were told to process 233 lines from the power meter
Processed 233 lines from power meter
There were 0 errors in reading from the meter
