RunId,NumDataLines,SeqNum,Watts,Amps,WattHours,Cost,MoKWh,MoCost,MaxWatts,MaxVolts,MaxAmps,MinWatts,MinVolts,MinAmps,Factor,DutyCycle,PowerCycle
spec3libquantum,597,0,2008,1145,1641,10,0,140032,11202,2008,1145,1675,1991,1143,1614,97,100,0,600,2052
spec3libquantum,597,1,2015,1145,1622,16,0,142009,11360,2018,1145,1693,2008,1143,1615,98,100,0,600,2046
spec3libquantum,597,2,2015,1145,1619,21,0,142890,11431,2016,1145,1670,2014,1143,1615,98,100,0,600,2046
spec3libquantum,597,3,2022,1144,1631,27,0,143539,11483,2022,1145,1686,2015,1143,1616,98,100,0,600,2063
spec3libquantum,597,4,2022,1144,1626,33,0,143979,11518,2027,1145,1683,2022,1142,1617,98,100,0,600,2055
spec3libquantum,597,5,2019,1144,1653,38,0,144248,11539,2022,1145,1678,2019,1143,1619,98,100,0,600,2046
spec3libquantum,597,6,2019,1146,1630,44,0,144456,11556,2020,1146,1674,2019,1143,1617,98,100,0,600,2052
spec3libquantum,597,7,2020,1145,1622,49,0,144615,11569,2020,1146,1671,2019,1144,1619,98,100,0,599,2049
spec3libquantum,597,8,2021,1145,1624,55,0,144753,11580,2021,1146,1674,2019,1144,1619,98,100,0,600,2060
spec3libquantum,597,9,2027,1144,1638,61,0,144909,11592,2027,1146,1686,2020,1143,1621,97,100,0,600,2072
spec3libquantum,597,10,2026,1144,1625,66,0,145029,11602,2030,1145,1682,2025,1143,1620,98,100,0,600,2060
spec3libquantum,597,11,2024,1146,1628,72,0,145112,11608,2026,1146,1675,2023,1144,1621,98,100,0,600,2060
spec3libquantum,597,12,2030,1145,1632,78,0,145223,11617,2030,1146,1684,2023,1144,1621,97,100,0,600,2072
spec3libquantum,597,13,2026,1146,1642,83,0,145289,11623,2030,1146,1675,2025,1144,1622,98,100,0,600,2060
spec3libquantum,597,14,2033,1146,1678,89,0,145402,11632,2033,1147,1685,2026,1144,1630,98,100,0,600,2066
spec3libquantum,597,15,2033,1145,1640,95,0,145571,11645,2034,1146,1687,2030,1144,1621,98,100,0,600,2069
spec3libquantum,597,16,2033,1146,1632,100,0,145551,11644,2033,1146,1687,2029,1143,1621,98,100,0,600,2066
spec3libquantum,597,17,2034,1145,1636,106,0,145691,11655,2034,1146,1688,2028,1144,1621,98,100,0,600,2075
spec3libquantum,597,18,2027,1148,1626,112,0,145644,11651,2034,1148,1675,2027,1145,1618,98,100,0,600,2058
spec3libquantum,597,19,2025,1140,1633,117,0,145670,11653,2027,1148,1681,2023,1139,1619,98,100,0,600,2066
spec3libquantum,597,20,2024,1137,1641,123,0,145695,11655,2026,1141,1686,2024,1135,1631,98,100,0,600,2058
spec3libquantum,597,21,2025,1136,1650,129,1,145722,11657,2026,1138,1687,2024,1135,1634,98,100,0,600,2066
spec3libquantum,597,22,2035,1136,1654,134,1,145848,11667,2035,1137,1700,2025,1135,1645,98,100,0,600,2075
spec3libquantum,597,23,2034,1133,1682,140,1,145836,11666,2037,1136,1702,2034,1133,1642,98,100,0,600,2055
spec3libquantum,597,24,2028,1133,1661,146,1,145859,11668,2034,1135,1694,2028,1132,1640,98,100,0,600,2058
spec3libquantum,597,25,2029,1133,1645,151,1,145884,11670,2030,1134,1697,2028,1132,1641,98,100,0,600,2055
spec3libquantum,597,26,2030,1133,1664,157,1,145963,11677,2030,1134,1699,2028,1132,1642,98,100,0,600,2063
spec3libquantum,597,27,2042,1134,1656,163,1,145973,11677,2042,1134,1714,2030,1132,1651,98,100,0,600,2077
spec3libquantum,597,28,2034,1133,1652,168,1,145999,11679,2042,1135,1701,2033,1132,1640,98,100,0,600,2075
spec3libquantum,597,29,2042,1133,1656,174,1,146047,11683,2042,1135,1713,2033,1131,1641,98,100,0,600,2080
spec3libquantum,597,30,2047,1135,1665,180,1,146109,11688,2047,1135,1710,2042,1131,1652,97,100,0,600,2089
spec3libquantum,597,31,2041,1135,1644,185,1,146142,11691,2048,1135,1705,2040,1134,1640,98,100,0,600,2077
spec3libquantum,597,32,2034,1135,1648,191,1,146159,11692,2041,1136,1703,2034,1134,1640,98,100,0,600,2060
spec3libquantum,597,33,2035,1137,1689,197,1,146189,11695,2037,1138,1706,2034,1134,1636,98,100,0,600,2066
spec3libquantum,597,34,2040,1136,1648,202,1,146228,11698,2043,1138,1703,2035,1136,1636,99,100,0,600,2052
spec3libquantum,597,35,2043,1139,1660,208,1,146264,11701,2043,1139,1707,2038,1136,1640,98,100,0,601,2080
spec3libquantum,597,36,2038,1139,1653,214,1,146284,11702,2044,1139,1698,2037,1137,1634,98,100,0,601,2069
spec3libquantum,597,37,2036,1138,1636,219,1,146302,11704,2038,1140,1696,2034,1138,1635,98,100,0,600,2066
spec3libquantum,597,38,2036,1139,1653,225,1,146358,11708,2037,1139,1701,2034,1137,1634,98,100,0,600,2077
spec3libquantum,597,39,2040,1139,1685,231,1,146384,11710,2040,1140,1704,2034,1137,1636,98,100,0,600,2080
spec3libquantum,597,40,2034,1137,1654,236,1,146394,11711,2040,1139,1698,2034,1137,1635,98,100,0,600,2058
spec3libquantum,597,41,2037,1138,1655,242,1,146378,11710,2037,1139,1697,2033,1137,1636,98,100,0,600,2069
spec3libquantum,597,42,2039,1138,1640,248,1,146402,11712,2043,1139,1712,2037,1137,1637,98,100,0,600,2063
spec3libquantum,597,43,2042,1139,1658,254,2,146426,11714,2042,1140,1713,2037,1136,1637,97,100,0,600,2089
spec3libquantum,597,44,2038,1138,1646,259,2,146441,11715,2044,1139,1702,2038,1137,1636,98,100,0,600,2063
spec3libquantum,597,45,2046,1138,1662,265,2,146476,11718,2046,1139,1709,2038,1137,1646,97,100,0,600,2092
spec3libquantum,597,46,2043,1139,1658,271,2,146501,11720,2049,1139,1708,2043,1137,1637,98,100,0,600,2069
spec3libquantum,597,47,2042,1139,1655,276,2,146517,11721,2043,1140,1708,2038,1137,1636,98,100,0,600,2069
spec3libquantum,597,48,2044,1138,1658,282,2,146539,11723,2044,1140,1708,2041,1138,1639,98,100,0,600,2080
spec3libquantum,597,49,2038,1140,1642,288,2,146548,11723,2045,1140,1704,2038,1138,1634,98,100,0,601,2063
spec3libquantum,597,50,2043,1139,1648,293,2,146573,11725,2046,1140,1709,2037,1137,1637,98,100,0,600,2077
spec3libquantum,597,51,2039,1139,1641,299,2,146582,11726,2043,1140,1699,2037,1137,1636,97,100,0,600,2083
spec3libquantum,597,52,2035,1139,1639,305,2,146586,11726,2039,1140,1700,2035,1137,1636,98,100,0,600,2063
spec3libquantum,597,53,2034,1140,1642,310,2,146592,11727,2036,1140,1697,2033,1137,1637,98,100,0,600,2072
spec3libquantum,597,54,2034,1139,1643,316,2,146598,11727,2034,1140,1693,2032,1138,1636,98,100,0,600,2072
spec3libquantum,597,55,2042,1139,1704,322,2,146621,11729,2042,1140,1707,2034,1138,1643,98,100,0,600,2075
spec3libquantum,597,56,2047,1140,1656,327,2,146643,11731,2047,1140,1705,2042,1138,1646,98,100,0,600,2083
spec3libquantum,597,57,2041,1140,1646,333,2,146656,11732,2048,1141,1711,2041,1138,1635,99,100,0,600,2055
spec3libquantum,597,58,2038,1139,1650,339,2,146663,11733,2041,1141,1694,2036,1138,1634,98,100,0,599,2072
spec3libquantum,597,59,2037,1139,1638,344,2,146669,11733,2038,1140,1698,2035,1138,1635,98,100,0,600,2069
spec3libquantum,597,60,2036,1140,1649,350,2,146676,11734,2038,1140,1698,2035,1138,1636,98,100,0,600,2066
spec3libquantum,597,61,2038,1140,1644,356,2,146685,11734,2038,1141,1700,2036,1139,1635,97,100,0,600,2080
spec3libquantum,597,62,2042,1139,1643,361,2,146700,11736,2044,1140,1697,2038,1138,1636,99,100,0,600,2060
spec3libquantum,597,63,2039,1139,1645,367,2,146730,11738,2042,1140,1701,2037,1138,1635,97,100,0,600,2083
spec3libquantum,597,64,2039,1140,1641,373,2,146714,11737,2040,1140,1698,2037,1138,1635,98,100,0,600,2075
spec3libquantum,597,65,2036,1139,1650,378,3,146719,11737,2039,1141,1697,2036,1138,1635,98,100,0,600,2066
spec3libquantum,597,66,2036,1138,1646,384,3,146724,11737,2037,1140,1698,2035,1138,1635,98,100,0,600,2075
spec3libquantum,597,67,2035,1139,1644,390,3,146749,11739,2036,1140,1696,2034,1137,1636,98,100,0,599,2069
spec3libquantum,597,68,2042,1138,1656,395,3,146760,11740,2042,1140,1699,2034,1137,1638,97,100,0,599,2089
spec3libquantum,597,69,2049,1138,1700,401,3,146759,11740,2049,1140,1711,2042,1137,1646,98,100,0,599,2086
spec3libquantum,597,70,2043,1139,1647,407,3,146771,11741,2050,1140,1704,2043,1137,1637,99,100,0,600,2060
spec3libquantum,597,71,2039,1140,1651,413,3,146776,11742,2043,1141,1699,2038,1138,1635,98,100,0,600,2069
spec3libquantum,597,72,2037,1140,1640,418,3,146779,11742,2039,1141,1696,2036,1138,1635,98,100,0,600,2066
spec3libquantum,597,73,2036,1139,1645,424,3,146802,11744,2037,1141,1695,2035,1138,1634,98,100,0,599,2069
spec3libquantum,597,74,2037,1140,1639,430,3,146787,11742,2037,1141,1695,2035,1139,1636,98,100,0,599,2077
spec3libquantum,597,75,2036,1140,1637,435,3,146809,11744,2038,1141,1696,2035,1139,1633,98,100,0,600,2066
spec3libquantum,597,76,2035,1140,1656,441,3,146792,11743,2036,1141,1696,2034,1138,1635,97,100,0,600,2077
spec3libquantum,597,77,2044,1141,1641,447,3,146806,11744,2045,1141,1707,2035,1139,1641,98,100,0,600,2077
spec3libquantum,597,78,2037,1140,1686,452,3,146828,11746,2044,1141,1698,2037,1139,1634,98,100,0,599,2072
spec3libquantum,597,79,2036,1139,1653,458,3,146813,11745,2039,1141,1698,2036,1138,1635,98,100,0,600,2069
spec3libquantum,597,80,2034,1139,1640,464,3,146813,11745,2036,1141,1691,2034,1137,1636,98,100,0,600,2055
spec3libquantum,597,81,2036,1139,1658,469,3,146833,11746,2036,1140,1693,2033,1138,1636,98,100,0,600,2069
spec3libquantum,597,82,2036,1139,1641,475,3,146835,11746,2036,1140,1691,2033,1138,1634,98,100,0,599,2069
spec3libquantum,597,83,2036,1139,1646,481,3,146837,11747,2037,1140,1693,2035,1137,1638,98,100,0,600,2075
spec3libquantum,597,84,2037,1139,1643,486,3,146823,11745,2037,1140,1697,2034,1137,1636,98,100,0,600,2077
spec3libquantum,597,85,2040,1139,1653,492,3,146829,11746,2041,1140,1708,2035,1137,1636,98,100,0,600,2066
spec3libquantum,597,86,2040,1141,1650,498,3,146835,11746,2042,1142,1696,2039,1138,1637,98,100,0,600,2077
spec3libquantum,597,87,2038,1140,1643,503,4,146838,11747,2040,1142,1692,2037,1139,1636,98,100,0,600,2069
spec3libquantum,597,88,2044,1140,1675,509,4,146849,11747,2044,1141,1706,2037,1139,1638,98,100,0,600,2083
spec3libquantum,597,89,2041,1140,1645,515,4,146854,11748,2046,1141,1696,2041,1139,1638,98,100,0,601,2066
spec3libquantum,597,90,2038,1140,1652,520,4,146857,11748,2041,1141,1697,2038,1138,1636,98,100,0,601,2063
spec3libquantum,597,91,2039,1140,1638,526,4,146877,11750,2039,1141,1696,2037,1138,1636,98,100,0,601,2080
spec3libquantum,597,92,2037,1140,1641,532,4,146863,11749,2039,1141,1695,2036,1137,1636,98,100,0,601,2069
spec3libquantum,597,93,2041,1140,1652,537,4,146870,11749,2041,1141,1698,2037,1138,1637,98,100,0,601,2077
spec3libquantum,597,94,2038,1140,1643,543,4,146872,11749,2041,1141,1699,2038,1138,1637,98,100,0,601,2066
spec3libquantum,597,95,2037,1141,1645,549,4,146875,11750,2038,1142,1697,2036,1139,1633,98,100,0,601,2075
spec3libquantum,597,96,2045,1141,1642,555,4,146901,11752,2045,1141,1704,2037,1139,1638,98,100,0,601,2083
spec3libquantum,597,97,2038,1141,1668,560,4,146889,11751,2045,1141,1697,2038,1139,1636,98,100,0,600,2063
spec3libquantum,597,98,2038,1141,1659,566,4,146893,11751,2040,1142,1698,2037,1139,1637,98,100,0,600,2066
spec3libquantum,597,99,2043,1140,1650,572,4,146899,11751,2043,1141,1706,2036,1139,1636,98,100,0,600,2080
spec3libquantum,597,100,2040,1140,1644,577,4,146903,11752,2043,1142,1696,2039,1139,1636,98,100,0,600,2075
spec3libquantum,597,101,2038,1140,1683,583,4,146906,11752,2041,1142,1696,2038,1139,1636,98,100,0,599,2063
spec3libquantum,597,102,2037,1141,1662,589,4,146908,11752,2039,1142,1694,2037,1139,1635,98,100,0,600,2069
spec3libquantum,597,103,2038,1141,1644,594,4,146912,11752,2039,1141,1694,2037,1139,1637,98,100,0,600,2069
spec3libquantum,597,104,2037,1141,1649,600,4,146914,11753,2038,1142,1695,2037,1140,1636,98,100,0,600,2072
spec3libquantum,597,105,2039,1140,1639,606,4,146917,11753,2039,1142,1694,2037,1139,1634,98,100,0,599,2080
spec3libquantum,597,106,2038,1140,1638,611,4,146919,11753,2040,1141,1696,2037,1138,1636,98,100,0,599,2066
spec3libquantum,597,107,2038,1140,1642,617,4,146922,11753,2040,1141,1695,2037,1139,1636,98,100,0,599,2077
spec3libquantum,597,108,2037,1140,1638,623,4,146937,11755,2039,1141,1695,2037,1139,1636,98,100,0,600,2069
spec3libquantum,597,109,2040,1141,1644,628,5,146928,11754,2040,1142,1697,2037,1139,1635,97,100,0,600,2083
spec3libquantum,597,110,2039,1140,1667,634,5,146931,11754,2041,1142,1693,2038,1139,1635,98,100,0,600,2069
spec3libquantum,597,111,2036,1140,1654,640,5,146933,11754,2039,1142,1692,2036,1140,1635,98,100,0,600,2060
spec3libquantum,597,112,2038,1141,1644,645,5,146936,11754,2038,1141,1694,2036,1139,1636,98,100,0,600,2066
spec3libquantum,597,113,2037,1141,1637,651,5,146950,11756,2039,1142,1692,2036,1140,1634,98,100,0,599,2063
spec3libquantum,597,114,2040,1141,1642,657,5,146940,11755,2040,1143,1694,2037,1139,1635,97,100,0,600,2083
spec3libquantum,597,115,2038,1141,1649,663,5,146955,11756,2040,1142,1692,2037,1140,1634,98,100,0,599,2072
spec3libquantum,597,116,2040,1141,1641,668,5,146946,11755,2041,1142,1696,2038,1139,1636,98,100,0,599,2066
spec3libquantum,597,117,2037,1140,1651,674,5,146947,11755,2040,1142,1693,2037,1138,1635,98,100,0,599,2072
spec3libquantum,597,118,2038,1140,1636,680,5,146950,11756,2039,1141,1697,2037,1138,1636,98,100,0,599,2069
spec3libquantum,597,119,2036,1140,1644,685,5,146951,11756,2038,1141,1697,2036,1139,1633,97,100,0,600,2080
spec3libquantum,597,120,2035,1140,1681,691,5,146952,11756,2038,1141,1687,2035,1138,1633,98,100,0,600,2060
spec3libquantum,597,121,2035,1140,1644,697,5,146953,11756,2037,1141,1692,2034,1139,1632,98,100,0,600,2066
spec3libquantum,597,122,2043,1139,1654,702,5,146959,11756,2043,1141,1702,2035,1138,1643,98,100,0,600,2080
spec3libquantum,597,123,2039,1140,1641,708,5,146961,11756,2045,1142,1697,2039,1138,1634,98,100,0,600,2075
spec3libquantum,597,124,2042,1140,1655,714,5,146965,11757,2042,1141,1698,2036,1139,1633,97,100,0,600,2086
spec3libquantum,597,125,2043,1140,1641,719,5,146971,11757,2047,1141,1705,2042,1139,1637,98,100,0,600,2075
spec3libquantum,597,126,2042,1140,1639,725,5,146976,11758,2047,1142,1703,2042,1139,1636,98,100,0,600,2066
spec3libquantum,597,127,2039,1141,1651,731,5,146978,11758,2042,1142,1695,2039,1140,1635,98,100,0,599,2075
spec3libquantum,597,128,2037,1140,1672,736,5,146980,11758,2041,1142,1694,2037,1139,1634,98,100,0,600,2060
spec3libquantum,597,129,2039,1141,1642,742,5,146983,11758,2040,1141,1696,2037,1139,1635,98,100,0,600,2077
spec3libquantum,597,130,2038,1141,1639,748,5,146984,11758,2040,1142,1693,2037,1140,1634,98,100,0,600,2063
spec3libquantum,597,131,2038,1142,1643,754,6,146986,11758,2039,1142,1694,2036,1140,1634,98,100,0,600,2075
spec3libquantum,597,132,2044,1141,1645,759,6,146991,11759,2044,1142,1704,2037,1140,1633,98,100,0,600,2080
spec3libquantum,597,133,2040,1141,1656,765,6,146992,11759,2044,1142,1693,2038,1139,1634,98,100,0,599,2075
spec3libquantum,597,134,2048,1141,1655,771,6,147001,11760,2048,1142,1703,2040,1140,1644,97,100,0,600,2092
spec3libquantum,597,135,2042,1141,1639,776,6,147004,11760,2049,1142,1696,2042,1140,1632,98,100,0,599,2066
spec3libquantum,597,136,2038,1141,1640,782,6,147004,11760,2042,1143,1694,2037,1140,1630,97,100,0,600,2080
spec3libquantum,597,137,2039,1141,1639,788,6,147007,11760,2040,1142,1691,2038,1139,1634,98,100,0,600,2072
spec3libquantum,597,138,2036,1142,1666,793,6,147007,11760,2039,1142,1691,2036,1140,1634,98,100,0,599,2060
spec3libquantum,597,139,2038,1141,1653,799,6,147009,11760,2038,1142,1693,2036,1139,1635,98,100,0,600,2072
spec3libquantum,597,140,2037,1140,1642,805,6,147009,11760,2039,1141,1694,2036,1139,1635,98,100,0,599,2063
spec3libquantum,597,141,2039,1140,1648,810,6,147011,11760,2039,1141,1697,2036,1139,1636,98,100,0,600,2077
spec3libquantum,597,142,2038,1141,1639,816,6,147012,11761,2039,1142,1693,2036,1139,1636,98,100,0,599,2066
spec3libquantum,597,143,2038,1141,1637,822,6,147013,11761,2038,1142,1691,2036,1139,1635,98,100,0,599,2077
spec3libquantum,597,144,2038,1138,1637,827,6,147014,11761,2038,1142,1696,2036,1138,1634,98,100,0,599,2066
spec3libquantum,597,145,2037,1140,1651,833,6,147016,11761,2040,1141,1698,2036,1138,1637,98,100,0,600,2072
spec3libquantum,597,146,2040,1140,1641,839,6,147018,11761,2040,1141,1697,2037,1139,1636,97,100,0,600,2083
spec3libquantum,597,147,2037,1140,1663,844,6,147018,11761,2040,1142,1692,2037,1139,1635,98,100,0,600,2063
spec3libquantum,597,148,2040,1140,1669,850,6,147023,11761,2045,1142,1705,2037,1139,1636,98,100,0,600,2066
spec3libquantum,597,149,2041,1141,1639,856,6,147027,11762,2044,1141,1698,2040,1139,1633,99,100,0,599,2058
spec3libquantum,597,150,2038,1141,1652,861,6,147027,11762,2041,1142,1690,2037,1139,1633,98,100,0,600,2069
spec3libquantum,597,151,2037,1141,1637,867,6,147037,11762,2038,1142,1693,2036,1139,1634,98,100,0,600,2066
spec3libquantum,597,152,2036,1141,1646,873,6,147028,11762,2037,1142,1694,2035,1140,1634,98,100,0,600,2077
spec3libquantum,597,153,2036,1142,1635,878,7,147028,11762,2037,1143,1692,2035,1140,1634,98,100,0,600,2069
spec3libquantum,597,154,2035,1141,1641,884,7,147037,11762,2036,1143,1691,2034,1140,1632,98,100,0,600,2075
spec3libquantum,597,155,2045,1140,1650,890,7,147041,11763,2045,1142,1709,2035,1139,1636,97,100,0,600,2095
spec3libquantum,597,156,2038,1140,1642,895,7,147042,11763,2046,1142,1696,2038,1139,1634,98,100,0,600,2069
spec3libquantum,597,157,2037,1141,1682,901,7,147043,11763,2040,1142,1696,2037,1139,1634,98,100,0,600,2069
spec3libquantum,597,158,2037,1141,1641,907,7,147034,11762,2039,1141,1697,2036,1140,1636,98,100,0,600,2060
spec3libquantum,597,159,2037,1142,1649,912,7,147034,11762,2038,1142,1694,2036,1139,1636,98,100,0,600,2072
spec3libquantum,597,160,2039,1141,1637,918,7,147036,11762,2039,1142,1697,2036,1140,1636,98,100,0,600,2069
spec3libquantum,597,161,2044,1140,1658,924,7,147040,11763,2044,1142,1708,2037,1139,1635,97,100,0,600,2086
spec3libquantum,597,162,2043,1142,1647,930,7,147053,11764,2048,1142,1708,2043,1140,1633,98,100,0,600,2072
spec3libquantum,597,163,2042,1142,1640,935,7,147047,11763,2047,1142,1705,2042,1140,1635,98,100,0,599,2069
spec3libquantum,597,164,2049,1141,1655,941,7,147054,11764,2049,1142,1706,2042,1140,1640,98,100,0,599,2086
spec3libquantum,597,165,2045,1141,1683,947,7,147058,11764,2049,1142,1700,2045,1140,1634,99,100,0,600,2063
spec3libquantum,597,166,2045,1142,1664,952,7,147061,11764,2045,1142,1704,2042,1140,1634,98,100,0,600,2083
spec3libquantum,597,167,2041,1142,1637,958,7,147063,11765,2047,1143,1704,2041,1139,1635,98,100,0,599,2069
spec3libquantum,597,168,2037,1142,1643,964,7,147063,11765,2041,1142,1693,2037,1140,1633,98,100,0,600,2066
spec3libquantum,597,169,2038,1142,1637,969,7,147064,11765,2039,1143,1692,2037,1140,1633,98,100,0,600,2075
spec3libquantum,597,170,2036,1142,1634,975,7,147064,11765,2039,1143,1691,2036,1141,1634,98,100,0,600,2066
spec3libquantum,597,171,2038,1141,1642,981,7,147065,11765,2038,1142,1695,2036,1140,1634,97,100,0,599,2080
spec3libquantum,597,172,2047,1140,1651,986,7,147080,11766,2048,1142,1707,2038,1140,1642,98,100,0,600,2080
spec3libquantum,597,173,2039,1141,1645,992,7,147071,11765,2047,1143,1691,2039,1140,1633,98,100,0,600,2075
spec3libquantum,597,174,2039,1142,1637,998,7,147072,11765,2040,1143,1694,2036,1141,1633,98,100,0,600,2077
spec3libquantum,597,175,2036,1142,1682,1004,8,147072,11765,2039,1143,1692,2036,1141,1632,98,100,0,600,2063
spec3libquantum,597,176,2037,1143,1648,1009,8,147073,11765,2037,1144,1692,2035,1141,1632,98,100,0,600,2072
spec3libquantum,597,177,2036,1142,1642,1015,8,147072,11765,2037,1143,1690,2035,1141,1632,98,100,0,600,2060
spec3libquantum,597,178,2035,1141,1636,1021,8,147071,11765,2036,1143,1692,2035,1141,1632,98,100,0,600,2072
spec3libquantum,597,179,2034,1142,1636,1026,8,147071,11765,2036,1143,1686,2033,1140,1630,98,100,0,600,2063
spec3libquantum,597,180,2035,1141,1634,1032,8,147078,11766,2036,1143,1687,2033,1140,1631,98,100,0,600,2075
spec3libquantum,597,181,2034,1142,1642,1038,8,147069,11765,2036,1143,1692,2033,1141,1631,98,100,0,600,2066
spec3libquantum,597,182,2036,1141,1645,1043,8,147069,11765,2036,1143,1694,2034,1141,1633,98,100,0,600,2075
spec3libquantum,597,183,2036,1142,1639,1049,8,147077,11766,2038,1143,1698,2036,1141,1632,98,100,0,600,2066
spec3libquantum,597,184,2037,1141,1671,1055,8,147078,11766,2037,1143,1693,2035,1141,1631,98,100,0,600,2077
spec3libquantum,597,185,2036,1142,1650,1060,8,147079,11766,2041,1143,1697,2036,1141,1632,98,100,0,600,2060
spec3libquantum,597,186,2034,1142,1641,1066,8,147070,11765,2037,1143,1688,2034,1141,1632,98,100,0,601,2066
spec3libquantum,597,187,2035,1142,1635,1072,8,147078,11766,2036,1143,1689,2034,1141,1632,98,100,0,601,2063
spec3libquantum,597,188,2039,1141,1645,1077,8,147072,11765,2043,1143,1702,2035,1140,1633,98,100,0,601,2072
spec3libquantum,597,189,2036,1142,1638,1083,8,147071,11765,2039,1143,1694,2035,1141,1633,98,100,0,601,2072
spec3libquantum,597,190,2033,1142,1634,1089,8,147070,11765,2036,1143,1691,2033,1141,1632,98,100,0,601,2063
spec3libquantum,597,191,2036,1143,1650,1094,8,147070,11765,2036,1144,1689,2033,1141,1632,98,100,0,601,2075
spec3libquantum,597,192,2036,1142,1637,1100,8,147070,11765,2037,1144,1691,2035,1141,1633,98,100,0,601,2069
spec3libquantum,597,193,2042,1144,1650,1106,8,147072,11765,2042,1144,1702,2034,1142,1633,97,100,0,601,2095
spec3libquantum,597,194,2039,1144,1637,1111,8,147081,11766,2045,1144,1697,2039,1142,1630,98,100,0,601,2072
spec3libquantum,597,195,2039,1144,1639,1117,8,147083,11766,2045,1144,1703,2039,1142,1632,99,100,0,601,2058
spec3libquantum,597,196,2048,1144,1651,1123,8,147081,11766,2048,1144,1701,2039,1142,1639,98,100,0,601,2089
spec3libquantum,597,197,2048,1144,1646,1128,9,147085,11766,2048,1144,1698,2046,1142,1640,98,100,0,601,2080
spec3libquantum,597,198,2040,1143,1640,1134,9,147085,11766,2048,1144,1691,2039,1142,1631,98,100,0,601,2077
spec3libquantum,597,199,2043,1144,1635,1140,9,147096,11767,2045,1145,1703,2040,1142,1633,98,100,0,601,2069
spec3libquantum,597,200,2037,1143,1642,1146,9,147088,11767,2043,1145,1692,2036,1143,1632,98,100,0,601,2075
spec3libquantum,597,201,2042,1143,1637,1151,9,147091,11767,2043,1144,1700,2037,1142,1633,98,100,0,601,2072
spec3libquantum,597,202,2043,1144,1654,1157,9,147093,11767,2043,1144,1697,2038,1141,1632,98,100,0,601,2080
spec3libquantum,597,203,2048,1143,1653,1163,9,147105,11768,2048,1144,1703,2043,1142,1643,98,100,0,601,2086
spec3libquantum,597,204,2041,1144,1635,1168,9,147099,11767,2049,1145,1695,2041,1142,1631,98,100,0,601,2063
spec3libquantum,597,205,2035,1143,1641,1174,9,147098,11767,2041,1144,1689,2035,1142,1630,98,100,0,601,2072
spec3libquantum,597,206,2035,1142,1633,1180,9,147097,11767,2036,1144,1687,2035,1141,1630,98,100,0,601,2066
spec3libquantum,597,207,2045,1142,1699,1185,9,147102,11768,2045,1144,1701,2035,1141,1633,98,100,0,601,2086
spec3libquantum,597,208,2040,1143,1648,1191,9,147103,11768,2047,1144,1699,2040,1142,1632,98,100,0,601,2063
spec3libquantum,597,209,2036,1143,1647,1197,9,147102,11768,2040,1144,1694,2036,1138,1632,98,100,0,600,2058
spec3libquantum,597,210,2038,1141,1647,1202,9,147103,11768,2038,1144,1692,2035,1141,1632,98,100,0,600,2075
spec3libquantum,597,211,2036,1142,1638,1208,9,147102,11768,2038,1143,1690,2035,1141,1633,98,100,0,600,2066
spec3libquantum,597,212,2037,1143,1640,1214,9,147109,11768,2038,1144,1694,2035,1142,1631,98,100,0,600,2075
spec3libquantum,597,213,2038,1142,1637,1219,9,147102,11768,2038,1144,1691,2035,1141,1631,98,100,0,600,2075
spec3libquantum,597,214,2041,1142,1655,1225,9,147104,11768,2041,1143,1699,2035,1141,1632,98,100,0,600,2080
spec3libquantum,597,215,2047,1143,1641,1231,9,147109,11768,2049,1143,1708,2041,1141,1640,98,100,0,600,2080
spec3libquantum,597,216,2041,1143,1639,1237,9,147110,11768,2047,1144,1694,2041,1141,1634,98,100,0,600,2072
spec3libquantum,597,217,2041,1142,1673,1242,9,147112,11768,2043,1144,1696,2040,1141,1634,98,100,0,600,2072
spec3libquantum,597,218,2041,1142,1644,1248,9,147113,11769,2042,1144,1693,2040,1140,1634,98,100,0,600,2063
spec3libquantum,597,219,2041,1143,1648,1254,10,147114,11769,2042,1144,1692,2040,1141,1634,98,100,0,600,2072
spec3libquantum,597,220,2040,1142,1646,1259,10,147115,11769,2041,1144,1693,2039,1142,1635,98,100,0,600,2077
spec3libquantum,597,221,2038,1142,1634,1265,10,147115,11769,2040,1143,1690,2037,1141,1633,98,100,0,600,2066
spec3libquantum,597,222,2037,1143,1643,1271,10,147115,11769,2039,1144,1692,2036,1141,1632,98,100,0,600,2075
spec3libquantum,597,223,2036,1143,1635,1276,10,147121,11769,2038,1144,1689,2035,1142,1630,98,100,0,600,2066
spec3libquantum,597,224,2044,1142,1660,1282,10,147117,11769,2044,1143,1704,2035,1141,1633,97,100,0,600,2092
spec3libquantum,597,225,2040,1142,1637,1288,10,147118,11769,2044,1143,1700,2040,1141,1633,98,100,0,600,2075
spec3libquantum,597,226,2036,1143,1689,1293,10,147118,11769,2040,1144,1690,2036,1141,1631,98,100,0,600,2063
spec3libquantum,597,227,2037,1143,1657,1299,10,147118,11769,2038,1144,1690,2036,1141,1633,98,100,0,600,2069
spec3libquantum,597,228,2047,1142,1648,1305,10,147122,11769,2048,1143,1702,2037,1141,1639,98,100,0,600,2072
spec3libquantum,597,229,2046,1143,1637,1310,10,147125,11770,2051,1144,1704,2046,1141,1633,98,100,0,600,2077
spec3libquantum,597,230,2040,1143,1638,1316,10,147126,11770,2046,1144,1692,2040,1142,1630,98,100,0,600,2072
spec3libquantum,597,231,2037,1143,1644,1322,10,147126,11770,2040,1144,1689,2037,1142,1631,98,100,0,600,2069
spec3libquantum,597,232,2037,1142,1634,1327,10,147125,11770,2038,1144,1688,2035,1142,1630,98,100,0,600,2077
spec3libquantum,597,233,2041,1143,1649,1333,10,147126,11770,2041,1144,1700,2035,1142,1631,97,100,0,600,2083
spec3libquantum,597,234,2041,1143,1641,1339,10,147128,11770,2046,1144,1703,2041,1142,1631,98,100,0,600,2072
spec3libquantum,597,235,2038,1143,1636,1344,10,147128,11770,2042,1144,1690,2038,1142,1632,98,100,0,600,2069
spec3libquantum,597,236,2036,1144,1678,1350,10,147128,11770,2038,1146,1689,2036,1142,1631,98,100,0,600,2066
spec3libquantum,597,237,2038,1143,1661,1356,10,147129,11770,2038,1146,1690,2035,1142,1628,98,100,0,601,2072
spec3libquantum,597,238,2036,1144,1635,1361,10,147128,11770,2038,1144,1688,2036,1142,1632,98,100,0,600,2058
spec3libquantum,597,239,2038,1146,1638,1367,10,147135,11770,2038,1146,1689,2036,1143,1631,98,100,0,600,2075
spec3libquantum,597,240,2038,1146,1630,1373,10,147135,11770,2039,1146,1683,2036,1142,1628,98,100,0,601,2066
spec3libquantum,597,241,2037,1145,1645,1378,11,147129,11770,2039,1146,1690,2036,1143,1630,98,100,0,600,2066
spec3libquantum,597,242,2044,1145,1653,1384,11,147137,11771,2044,1146,1700,2037,1143,1630,97,100,0,600,2089
spec3libquantum,597,243,2038,1144,1657,1390,11,147137,11771,2044,1145,1685,2038,1143,1628,98,100,0,600,2060
spec3libquantum,597,244,2040,1145,1648,1396,11,147132,11770,2040,1145,1688,2037,1143,1631,98,100,0,600,2075
spec3libquantum,597,245,2038,1145,1636,1401,11,147132,11770,2040,1145,1689,2037,1143,1630,98,100,0,601,2063
spec3libquantum,597,246,2043,1144,1645,1407,11,147134,11770,2043,1145,1699,2037,1142,1632,97,100,0,601,2086
spec3libquantum,597,247,2046,1143,1641,1413,11,147137,11770,2046,1145,1696,2043,1142,1638,98,100,0,601,2077
spec3libquantum,597,248,2043,1143,1636,1418,11,147145,11771,2048,1145,1697,2043,1142,1629,98,100,0,601,2077
spec3libquantum,597,249,2040,1144,1637,1424,11,147139,11771,2043,1144,1691,2039,1142,1633,98,100,0,600,2072
spec3libquantum,597,250,2036,1144,1643,1430,11,147144,11771,2040,1145,1688,2036,1142,1631,98,100,0,600,2066
spec3libquantum,597,251,2048,1144,1657,1435,11,147143,11771,2048,1145,1703,2036,1142,1640,97,100,0,600,2095
spec3libquantum,597,252,2041,1143,1641,1441,11,147143,11771,2049,1145,1701,2041,1143,1630,98,100,0,600,2066
spec3libquantum,597,253,2045,1145,1697,1447,11,147146,11771,2045,1146,1699,2039,1143,1632,97,100,0,600,2089
spec3libquantum,597,254,2050,1144,1653,1453,11,147150,11772,2051,1146,1700,2045,1143,1641,98,100,0,599,2075
spec3libquantum,597,255,2048,1144,1659,1458,11,147153,11772,2050,1145,1698,2046,1143,1631,98,100,0,600,2077
spec3libquantum,597,256,2045,1144,1638,1464,11,147155,11772,2051,1145,1695,2044,1143,1631,98,100,0,599,2080
spec3libquantum,597,257,2040,1144,1644,1470,11,147155,11772,2045,1145,1688,2040,1142,1631,98,100,0,600,2066
spec3libquantum,597,258,2041,1146,1647,1475,11,147155,11772,2041,1146,1686,2038,1143,1631,98,100,0,599,2080
spec3libquantum,597,259,2039,1146,1634,1481,11,147156,11772,2041,1146,1689,2039,1144,1629,98,100,0,600,2066
spec3libquantum,597,260,2039,1147,1638,1487,11,147156,11772,2040,1147,1686,2038,1144,1628,98,100,0,600,2077
spec3libquantum,597,261,2038,1147,1630,1492,11,147156,11772,2039,1147,1685,2037,1145,1628,98,100,0,600,2069
spec3libquantum,597,262,2037,1146,1644,1498,11,147162,11772,2039,1147,1687,2036,1144,1626,98,100,0,600,2069
spec3libquantum,597,263,2040,1146,1681,1504,12,147158,11772,2040,1147,1686,2037,1144,1629,98,100,0,600,2077
spec3libquantum,597,264,2038,1146,1636,1509,12,147158,11772,2040,1147,1686,2038,1145,1628,98,100,0,600,2060
spec3libquantum,597,265,2038,1145,1646,1515,12,147158,11772,2039,1147,1688,2037,1144,1629,98,100,0,600,2069
spec3libquantum,597,266,2039,1146,1633,1521,12,147158,11772,2039,1147,1685,2037,1144,1628,98,100,0,600,2066
spec3libquantum,597,267,2038,1146,1640,1526,12,147158,11772,2039,1147,1685,2037,1145,1626,97,100,0,599,2080
spec3libquantum,597,268,2039,1146,1630,1532,12,147159,11772,2040,1147,1682,2037,1145,1629,98,100,0,600,2077
spec3libquantum,597,269,2036,1147,1630,1538,12,147158,11772,2039,1147,1683,2036,1144,1627,98,100,0,600,2066
spec3libquantum,597,270,2038,1144,1639,1543,12,147158,11772,2039,1147,1687,2036,1144,1629,98,100,0,599,2077
spec3libquantum,597,271,2035,1145,1642,1549,12,147158,11772,2038,1147,1686,2035,1143,1628,98,100,0,600,2069
spec3libquantum,597,272,2038,1144,1649,1555,12,147158,11772,2038,1146,1687,2035,1143,1628,98,100,0,600,2075
spec3libquantum,597,273,2036,1146,1670,1561,12,147158,11772,2039,1146,1684,2036,1144,1628,98,100,0,600,2060
spec3libquantum,597,274,2035,1145,1639,1566,12,147163,11773,2037,1146,1686,2035,1144,1628,98,100,0,600,2063
spec3libquantum,597,275,2036,1146,1633,1572,12,147163,11773,2037,1147,1684,2035,1144,1627,98,100,0,600,2060
spec3libquantum,597,276,2046,1146,1654,1578,12,147161,11772,2046,1147,1698,2035,1144,1627,98,100,0,600,2080
spec3libquantum,597,277,2049,1145,1652,1583,12,147164,11773,2049,1146,1697,2046,1143,1639,98,100,0,600,2089
spec3libquantum,597,278,2043,1144,1633,1589,12,147165,11773,2049,1145,1698,2043,1143,1629,99,100,0,599,2063
spec3libquantum,597,279,2039,1144,1635,1595,12,147165,11773,2043,1145,1688,2038,1142,1631,98,100,0,600,2075
spec3libquantum,597,280,2042,1144,1686,1600,12,147166,11773,2042,1146,1698,2037,1143,1630,98,100,0,600,2077
spec3libquantum,597,281,2042,1145,1644,1606,12,147173,11773,2046,1147,1696,2041,1144,1628,98,100,0,599,2083
spec3libquantum,597,282,2038,1145,1642,1612,12,147168,11773,2042,1145,1686,2038,1143,1631,98,100,0,600,2063
spec3libquantum,597,283,2040,1144,1634,1617,12,147168,11773,2040,1145,1685,2037,1143,1631,97,100,0,600,2083
spec3libquantum,597,284,2037,1144,1639,1623,12,147167,11773,2040,1145,1687,2037,1143,1630,98,100,0,600,2066
spec3libquantum,597,285,2038,1144,1634,1629,13,147168,11773,2039,1146,1687,2036,1143,1630,98,100,0,600,2069
spec3libquantum,597,286,2039,1144,1640,1634,13,147173,11773,2039,1145,1686,2036,1142,1630,98,100,0,600,2077
spec3libquantum,597,287,2036,1143,1638,1640,13,147167,11773,2039,1144,1690,2036,1142,1629,98,100,0,600,2063
spec3libquantum,597,288,2037,1143,1635,1646,13,147167,11773,2038,1144,1686,2035,1142,1630,98,100,0,600,2077
spec3libquantum,597,289,1973,1143,1613,1651,13,147163,11773,2037,1144,1685,1971,1142,1567,97,100,0,599,2018
spec3libquantum,597,290,2044,1142,1651,1657,13,147158,11772,2044,1144,1689,1973,1141,1587,97,100,0,600,2086
spec3libquantum,597,291,1696,1145,1370,1662,13,147129,11770,2045,1147,1693,1696,1142,1369,98,100,0,600,1719
spec3libquantum,597,292,2011,1144,1650,1667,13,147078,11766,2011,1147,1675,1696,1143,1367,96,100,0,600,2080
spec3libquantum,597,293,2040,1143,1676,1673,13,147077,11766,2042,1145,1702,2011,1141,1572,98,100,0,600,2069
spec3libquantum,597,294,2056,1144,1682,1679,13,147083,11766,2056,1146,1706,2040,1142,1584,97,100,0,600,2106
spec3libquantum,597,295,2054,1144,1674,1685,13,147087,11766,2058,1146,1704,2054,1143,1573,98,100,0,600,2083
spec3libquantum,597,296,2052,1146,1653,1690,13,147091,11767,2056,1146,1703,2052,1143,1573,99,100,0,600,2066
spec3libquantum,597,297,2060,1145,1662,1696,13,147097,11767,2060,1146,1715,2052,1143,1584,97,100,0,600,2106
spec3libquantum,597,298,2056,1145,1652,1702,13,147101,11768,2063,1146,1708,2056,1143,1573,98,100,0,599,2080
spec3libquantum,597,299,2063,1143,1669,1708,13,147108,11768,2063,1146,1716,2056,1143,1580,97,100,0,600,2114
spec3libquantum,597,300,2057,1145,1649,1713,13,147112,11769,2064,1146,1713,2057,1143,1574,98,100,0,600,2092
spec3libquantum,597,301,2057,1146,1584,1719,13,147116,11769,2057,1147,1700,2054,1144,1575,98,100,0,600,2097
spec3libquantum,597,302,2054,1144,1652,1725,13,147120,11769,2057,1146,1699,2053,1143,1577,98,100,0,599,2089
spec3libquantum,597,303,2054,1147,1575,1730,13,147124,11769,2055,1147,1700,2052,1143,1575,97,100,0,600,2100
spec3libquantum,597,304,2059,1145,1668,1736,13,147134,11770,2059,1147,1715,2051,1144,1575,97,100,0,600,2103
spec3libquantum,597,305,2066,1145,1659,1742,13,147137,11771,2067,1146,1718,2059,1144,1586,98,100,0,600,2095
spec3libquantum,597,306,2060,1146,1681,1748,13,147142,11771,2067,1146,1708,2060,1144,1574,98,100,0,600,2089
spec3libquantum,597,307,2064,1145,1659,1754,14,147149,11771,2064,1147,1710,2059,1144,1585,98,100,0,600,2103
spec3libquantum,597,308,2060,1146,1654,1759,14,147154,11772,2068,1147,1709,2060,1144,1584,98,100,0,600,2092
spec3libquantum,597,309,2061,1146,1662,1765,14,147159,11772,2061,1147,1709,2056,1145,1574,98,100,0,600,2103
spec3libquantum,597,310,2057,1146,1644,1771,14,147163,11773,2062,1147,1706,2056,1145,1572,98,100,0,600,2097
spec3libquantum,597,311,2054,1146,1692,1776,14,147167,11773,2057,1147,1701,2052,1144,1575,98,100,0,601,2092
spec3libquantum,597,312,2051,1146,1656,1782,14,147170,11773,2055,1147,1698,2051,1144,1574,98,100,0,601,2077
spec3libquantum,597,313,2051,1146,1665,1788,14,147178,11774,2053,1147,1698,2051,1145,1573,98,100,0,601,2083
spec3libquantum,597,314,2057,1147,1675,1793,14,147178,11774,2057,1147,1708,2051,1145,1572,98,100,0,601,2092
spec3libquantum,597,315,2063,1146,1657,1799,14,147184,11774,2066,1148,1714,2057,1144,1579,98,100,0,601,2095
spec3libquantum,597,316,2060,1145,1657,1805,14,147189,11775,2066,1147,1707,2060,1145,1575,98,100,0,601,2092
spec3libquantum,597,317,2062,1147,1662,1811,14,147199,11775,2062,1147,1704,2056,1145,1578,98,100,0,601,2103
spec3libquantum,597,318,2060,1147,1588,1816,14,147198,11775,2064,1148,1710,2059,1145,1572,98,100,0,601,2100
spec3libquantum,597,319,2055,1146,1660,1822,14,147202,11776,2060,1147,1695,2055,1144,1574,98,100,0,600,2092
spec3libquantum,597,320,2063,1146,1684,1828,14,147208,11776,2063,1147,1710,2053,1143,1574,97,100,0,600,2109
spec3libquantum,597,321,2068,1146,1662,1834,14,147215,11777,2069,1147,1713,2063,1144,1583,98,100,0,600,2103
spec3libquantum,597,322,2069,1146,1662,1839,14,147226,11778,2071,1147,1711,2067,1144,1585,98,100,0,600,2103
spec3libquantum,597,323,2060,1147,1647,1845,14,147226,11778,2069,1147,1701,2060,1145,1574,98,100,0,600,2089
spec3libquantum,597,324,2059,1145,1674,1851,14,147231,11778,2063,1147,1702,2058,1145,1574,97,100,0,600,2103
spec3libquantum,597,325,2065,1145,1617,1857,14,147237,11778,2069,1147,1717,2059,1143,1574,98,100,0,600,2095
spec3libquantum,597,326,2066,1146,1662,1862,14,147243,11779,2066,1147,1709,2059,1144,1587,98,100,0,600,2106
spec3libquantum,597,327,2065,1146,1680,1868,14,147249,11779,2070,1147,1704,2063,1145,1575,98,100,0,600,2100
spec3libquantum,597,328,2066,1147,1690,1874,14,147255,11780,2070,1147,1711,2061,1144,1576,99,100,0,600,2080
spec3libquantum,597,329,2061,1145,1668,1880,15,147260,11780,2068,1147,1700,2061,1144,1574,98,100,0,600,2086
spec3libquantum,597,330,2063,1144,1673,1886,15,147265,11781,2064,1146,1702,2060,1143,1578,98,100,0,600,2097
spec3libquantum,597,331,2067,1146,1662,1891,15,147275,11782,2068,1147,1713,2060,1143,1577,99,100,0,600,2083
spec3libquantum,597,332,2063,1145,1658,1897,15,147276,11782,2068,1147,1703,2063,1144,1576,98,100,0,599,2089
spec3libquantum,597,333,2073,1144,1674,1903,15,147283,11782,2073,1146,1715,2062,1144,1586,97,100,0,600,2126
spec3libquantum,597,334,2060,1146,1643,1909,15,147287,11782,2073,1146,1695,2060,1143,1575,99,100,0,600,2072
spec3libquantum,597,335,2058,1146,1658,1914,15,147291,11783,2063,1147,1697,2057,1144,1575,98,100,0,600,2086
spec3libquantum,597,336,2062,1145,1654,1920,15,147297,11783,2063,1147,1698,2058,1145,1586,98,100,0,600,2089
spec3libquantum,597,337,2065,1145,1665,1926,15,147302,11784,2066,1147,1710,2057,1143,1573,98,100,0,600,2092
spec3libquantum,597,338,2066,1145,1671,1932,15,147308,11784,2074,1146,1710,2065,1144,1584,98,100,0,600,2092
spec3libquantum,597,339,2060,1145,1648,1937,15,147312,11784,2066,1146,1693,2059,1144,1575,98,100,0,600,2089
spec3libquantum,597,340,2069,1145,1665,1943,15,147319,11785,2073,1146,1709,2059,1143,1584,99,100,0,600,2083
spec3libquantum,597,341,2067,1145,1663,1949,15,147325,11786,2074,1146,1710,2067,1144,1575,99,100,0,600,2086
spec3libquantum,597,342,2070,1145,1681,1955,15,147331,11786,2070,1147,1715,2064,1144,1576,97,100,0,601,2114
spec3libquantum,597,343,2063,1144,1652,1960,15,147340,11787,2074,1146,1709,2063,1143,1575,99,100,0,601,2066
spec3libquantum,597,344,2071,1146,1678,1966,15,147343,11787,2075,1147,1722,2062,1143,1583,98,100,0,600,2103
spec3libquantum,597,345,2068,1146,1688,1972,15,147349,11787,2077,1147,1710,2068,1145,1582,98,100,0,600,2095
spec3libquantum,597,346,2067,1146,1667,1978,15,147355,11788,2071,1147,1714,2067,1143,1587,99,100,0,600,2083
spec3libquantum,597,347,2065,1145,1663,1983,15,147363,11789,2068,1146,1698,2061,1144,1585,97,100,0,600,2120
spec3libquantum,597,348,2075,1144,1688,1989,15,147367,11789,2075,1146,1712,2065,1142,1589,97,100,0,600,2123
spec3libquantum,597,349,2072,1144,1681,1995,15,147373,11789,2076,1145,1713,2069,1143,1576,99,100,0,600,2089
spec3libquantum,597,350,2065,1144,1699,2001,16,147378,11790,2073,1147,1700,2065,1143,1576,98,100,0,600,2097
spec3libquantum,597,351,2067,1146,1579,2006,16,147383,11790,2068,1146,1709,2062,1144,1576,98,100,0,600,2109
spec3libquantum,597,352,2061,1145,1676,2012,16,147387,11791,2067,1146,1699,2061,1144,1577,98,100,0,600,2089
spec3libquantum,597,353,2063,1145,1657,2018,16,147392,11791,2065,1146,1704,2060,1143,1576,97,100,0,601,2112
spec3libquantum,597,354,2071,1145,1652,2024,16,147399,11791,2075,1146,1715,2063,1144,1576,99,100,0,601,2072
spec3libquantum,597,355,2072,1145,1666,2029,16,147405,11792,2073,1146,1714,2068,1144,1588,98,100,0,601,2106
spec3libquantum,597,356,2069,1146,1662,2035,16,147411,11792,2077,1146,1712,2068,1143,1578,98,100,0,601,2103
spec3libquantum,597,357,2066,1146,1657,2041,16,147415,11793,2069,1147,1703,2064,1144,1575,99,100,0,601,2077
spec3libquantum,597,358,2064,1145,1671,2047,16,147424,11793,2070,1146,1700,2064,1143,1576,98,100,0,601,2095
spec3libquantum,597,359,2067,1144,1661,2053,16,147430,11794,2068,1146,1702,2063,1142,1576,98,100,0,600,2109
spec3libquantum,597,360,2068,1144,1667,2058,16,147435,11794,2069,1146,1716,2063,1143,1577,98,100,0,600,2109
spec3libquantum,597,361,2075,1146,1671,2064,16,147438,11795,2075,1147,1713,2068,1143,1588,98,100,0,600,2117
spec3libquantum,597,362,2073,1145,1700,2070,16,147444,11795,2077,1146,1715,2068,1144,1576,98,100,0,599,2112
spec3libquantum,597,363,2074,1145,1667,2076,16,147450,11796,2077,1146,1714,2071,1144,1587,98,100,0,600,2103
spec3libquantum,597,364,2074,1146,1675,2081,16,147457,11796,2079,1146,1711,2072,1144,1582,98,100,0,600,2114
spec3libquantum,597,365,2070,1145,1645,2087,16,147465,11797,2074,1147,1700,2067,1143,1577,97,100,0,600,2117
spec3libquantum,597,366,2071,1145,1676,2093,16,147467,11797,2072,1146,1708,2066,1144,1590,98,100,0,600,2112
spec3libquantum,597,367,2070,1145,1659,2099,16,147473,11797,2074,1147,1708,2067,1144,1577,98,100,0,600,2109
spec3libquantum,597,368,2066,1143,1656,2104,16,147477,11798,2072,1146,1704,2065,1143,1577,99,100,0,600,2075
spec3libquantum,597,369,2067,1145,1650,2110,16,147486,11798,2069,1146,1700,2065,1143,1577,98,100,0,600,2097
spec3libquantum,597,370,2070,1145,1666,2116,16,147488,11799,2072,1146,1702,2067,1143,1578,98,100,0,599,2109
spec3libquantum,597,371,2065,1145,1680,2122,16,147492,11799,2071,1147,1705,2065,1143,1577,98,100,0,600,2095
spec3libquantum,597,372,2067,1145,1670,2127,17,147497,11799,2068,1147,1706,2064,1144,1576,97,100,0,600,2114
spec3libquantum,597,373,2072,1146,1663,2133,17,147503,11800,2075,1147,1710,2065,1144,1577,99,100,0,600,2089
spec3libquantum,597,374,2066,1147,1665,2139,17,147507,11800,2072,1148,1705,2066,1145,1574,98,100,0,600,2089
spec3libquantum,597,375,2064,1146,1661,2145,17,147511,11800,2067,1147,1702,2063,1145,1573,98,100,0,601,2103
spec3libquantum,597,376,2060,1146,1651,2150,17,147514,11801,2064,1147,1704,2060,1145,1575,98,100,0,601,2097
spec3libquantum,597,377,2061,1146,1673,2156,17,147518,11801,2062,1147,1696,2059,1143,1576,98,100,0,601,2103
spec3libquantum,597,378,2073,1145,1666,2162,17,147528,11802,2074,1147,1712,2061,1144,1587,98,100,0,601,2106
spec3libquantum,597,379,2069,1147,1651,2168,17,147529,11802,2075,1148,1708,2069,1145,1575,98,100,0,601,2095
spec3libquantum,597,380,2074,1146,1684,2174,17,147535,11802,2074,1147,1711,2066,1145,1577,97,100,0,601,2129
spec3libquantum,597,381,2075,1145,1660,2179,17,147545,11803,2079,1147,1709,2074,1143,1583,98,100,0,601,2106
spec3libquantum,597,382,2072,1146,1672,2185,17,147547,11803,2081,1147,1712,2072,1144,1587,98,100,0,601,2109
spec3libquantum,597,383,2071,1146,1668,2191,17,147552,11804,2072,1148,1698,2065,1145,1575,97,100,0,601,2117
spec3libquantum,597,384,2074,1147,1675,2197,17,147558,11804,2076,1148,1708,2067,1145,1582,98,100,0,601,2100
spec3libquantum,597,385,2078,1147,1690,2203,17,147565,11805,2079,1148,1710,2074,1145,1583,97,100,0,601,2123
spec3libquantum,597,386,2075,1146,1667,2208,17,147574,11805,2080,1148,1710,2071,1145,1575,99,100,0,601,2089
spec3libquantum,597,387,2067,1146,1668,2214,17,147574,11805,2075,1148,1701,2067,1145,1574,98,100,0,601,2092
spec3libquantum,597,388,2068,1146,1677,2220,17,147579,11806,2070,1148,1696,2065,1145,1574,97,100,0,601,2112
spec3libquantum,597,389,2070,1146,1666,2226,17,147584,11806,2071,1147,1709,2064,1144,1575,98,100,0,601,2109
spec3libquantum,597,390,2070,1146,1674,2231,17,147593,11807,2077,1147,1711,2070,1144,1588,98,100,0,601,2097
spec3libquantum,597,391,2068,1146,1673,2237,17,147594,11807,2072,1147,1698,2067,1144,1576,98,100,0,601,2106
spec3libquantum,597,392,2071,1145,1663,2243,17,147598,11807,2071,1147,1711,2065,1143,1576,98,100,0,601,2112
spec3libquantum,597,393,2072,1147,1669,2248,17,147607,11808,2073,1148,1711,2068,1144,1573,97,100,0,601,2120
spec3libquantum,597,394,2066,1145,1697,2254,18,147608,11808,2075,1148,1698,2066,1145,1574,99,100,0,601,2077
spec3libquantum,597,395,2063,1147,1670,2260,18,147611,11808,2068,1148,1701,2063,1144,1574,98,100,0,601,2089
spec3libquantum,597,396,2066,1146,1674,2266,18,147616,11809,2067,1147,1700,2062,1145,1574,98,100,0,600,2100
spec3libquantum,597,397,2063,1145,1667,2272,18,147619,11809,2068,1147,1699,2063,1144,1576,98,100,0,600,2086
spec3libquantum,597,398,2063,1145,1663,2277,18,147623,11809,2066,1147,1697,2062,1144,1575,98,100,0,600,2092
spec3libquantum,597,399,2069,1147,1669,2283,18,147627,11810,2071,1147,1709,2063,1144,1578,98,100,0,600,2092
spec3libquantum,597,400,2067,1145,1666,2289,18,147632,11810,2075,1147,1708,2067,1145,1576,99,100,0,600,2086
spec3libquantum,597,401,2079,1145,1685,2295,18,147638,11811,2079,1147,1709,2066,1145,1587,98,100,0,600,2120
spec3libquantum,597,402,2073,1146,1651,2300,18,147647,11811,2081,1148,1711,2073,1145,1578,98,100,0,600,2097
spec3libquantum,597,403,2066,1146,1661,2306,18,147647,11811,2073,1147,1695,2065,1145,1576,98,100,0,600,2106
spec3libquantum,597,404,2075,1146,1664,2312,18,147653,11812,2076,1147,1709,2066,1145,1587,98,100,0,600,2100
spec3libquantum,597,405,2068,1147,1649,2318,18,147660,11812,2075,1148,1705,2068,1145,1575,98,100,0,600,2100
spec3libquantum,597,406,2066,1146,1658,2324,18,147660,11812,2068,1148,1697,2063,1145,1573,97,100,0,600,2109
spec3libquantum,597,407,2063,1147,1672,2329,18,147663,11813,2066,1148,1696,2061,1145,1575,99,100,0,600,2080
spec3libquantum,597,408,2069,1146,1675,2335,18,147671,11813,2069,1147,1712,2062,1144,1581,97,100,0,600,2114
spec3libquantum,597,409,2076,1146,1662,2341,18,147674,11813,2077,1147,1715,2069,1145,1585,98,100,0,601,2097
spec3libquantum,597,410,2073,1146,1680,2347,18,147679,11814,2079,1147,1710,2072,1145,1588,98,100,0,600,2109
spec3libquantum,597,411,2069,1146,1650,2352,18,147683,11814,2074,1147,1698,2067,1144,1577,99,100,0,600,2083
spec3libquantum,597,412,2068,1146,1667,2358,18,147687,11814,2071,1147,1701,2066,1144,1576,98,100,0,600,2103
spec3libquantum,597,413,2070,1145,1670,2364,18,147695,11815,2072,1147,1700,2066,1144,1575,97,100,0,600,2114
spec3libquantum,597,414,2068,1144,1695,2370,18,147699,11815,2070,1147,1710,2064,1144,1577,98,100,0,600,2103
spec3libquantum,597,415,2072,1146,1679,2375,19,147700,11816,2076,1146,1713,2067,1143,1576,99,100,0,600,2080
spec3libquantum,597,416,2073,1145,1663,2381,19,147705,11816,2079,1146,1715,2072,1144,1589,98,100,0,600,2112
spec3libquantum,597,417,2065,1146,1653,2387,19,147708,11816,2073,1146,1701,2065,1144,1576,98,100,0,600,2086
spec3libquantum,597,418,2063,1145,1670,2393,19,147711,11816,2067,1146,1699,2062,1144,1576,98,100,0,600,2092
spec3libquantum,597,419,2061,1145,1668,2398,19,147717,11817,2064,1147,1704,2060,1144,1576,98,100,0,600,2089
spec3libquantum,597,420,2068,1146,1701,2404,19,147718,11817,2068,1146,1715,2061,1144,1578,97,100,0,600,2120
spec3libquantum,597,421,2069,1146,1664,2410,19,147722,11817,2075,1147,1708,2067,1144,1576,98,100,0,600,2100
spec3libquantum,597,422,2062,1146,1656,2416,19,147728,11818,2069,1147,1703,2062,1144,1575,98,100,0,601,2086
spec3libquantum,597,423,2070,1146,1674,2421,19,147729,11818,2070,1147,1710,2061,1145,1576,97,100,0,601,2123
spec3libquantum,597,424,2065,1146,1665,2427,19,147732,11818,2072,1147,1695,2065,1143,1576,98,100,0,601,2092
spec3libquantum,597,425,2066,1145,1678,2433,19,147735,11818,2068,1147,1700,2063,1144,1577,98,100,0,601,2106
spec3libquantum,597,426,2072,1145,1669,2439,19,147740,11819,2072,1146,1710,2064,1144,1578,98,100,0,601,2106
spec3libquantum,597,427,2078,1145,1688,2445,19,147746,11819,2082,1147,1717,2072,1144,1589,98,100,0,601,2114
spec3libquantum,597,428,2073,1146,1669,2450,19,147750,11820,2083,1147,1712,2072,1144,1577,98,100,0,601,2112
spec3libquantum,597,429,2063,1145,1666,2456,19,147753,11820,2073,1146,1701,2063,1144,1577,98,100,0,601,2092
spec3libquantum,597,430,2064,1146,1657,2462,19,147756,11820,2066,1146,1700,2062,1144,1578,99,100,0,601,2080
spec3libquantum,597,431,2064,1145,1659,2468,19,147759,11820,2066,1147,1704,2062,1144,1577,97,100,0,601,2109
spec3libquantum,597,432,2065,1145,1659,2473,19,147762,11820,2066,1147,1709,2060,1144,1577,97,100,0,601,2109
spec3libquantum,597,433,2066,1145,1668,2479,19,147769,11821,2069,1147,1716,2065,1144,1575,98,100,0,601,2095
spec3libquantum,597,434,2073,1146,1680,2485,19,147770,11821,2073,1147,1710,2065,1144,1577,97,100,0,600,2120
spec3libquantum,597,435,2071,1146,1654,2491,19,147774,11821,2077,1146,1712,2071,1144,1577,98,100,0,600,2095
spec3libquantum,597,436,2077,1146,1683,2497,19,147780,11822,2077,1146,1711,2070,1143,1588,97,100,0,600,2129
spec3libquantum,597,437,2080,1145,1667,2502,20,147789,11823,2083,1147,1713,2076,1144,1583,99,100,0,600,2095
spec3libquantum,597,438,2072,1146,1679,2508,20,147789,11823,2080,1146,1710,2072,1143,1587,98,100,0,600,2109
spec3libquantum,597,439,2070,1146,1595,2514,20,147793,11823,2078,1147,1713,2070,1143,1578,98,100,0,599,2109
spec3libquantum,597,440,2072,1145,1656,2520,20,147801,11824,2077,1146,1714,2066,1144,1579,98,100,0,600,2097
spec3libquantum,597,441,2081,1144,1674,2525,20,147804,11824,2081,1146,1715,2070,1143,1591,97,100,0,600,2129
spec3libquantum,597,442,2074,1144,1650,2531,20,147807,11824,2083,1146,1712,2074,1144,1577,98,100,0,600,2109
spec3libquantum,597,443,2067,1143,1657,2537,20,147811,11824,2074,1145,1704,2067,1142,1580,98,100,0,600,2097
spec3libquantum,597,444,2067,1144,1659,2543,20,147814,11825,2069,1145,1703,2065,1142,1581,98,100,0,600,2106
spec3libquantum,597,445,2064,1144,1656,2548,20,147817,11825,2068,1145,1704,2064,1142,1578,99,100,0,600,2077
spec3libquantum,597,446,2068,1144,1685,2554,20,147820,11825,2068,1145,1713,2061,1142,1579,97,100,0,600,2117
spec3libquantum,597,447,2069,1144,1675,2560,20,147827,11826,2071,1145,1713,2065,1143,1586,99,100,0,600,2086
spec3libquantum,597,448,2064,1145,1655,2566,20,147826,11826,2070,1146,1708,2064,1143,1578,98,100,0,600,2089
spec3libquantum,597,449,2067,1145,1671,2571,20,147830,11826,2068,1146,1700,2064,1143,1580,98,100,0,600,2106
spec3libquantum,597,450,2065,1143,1658,2577,20,147836,11826,2069,1146,1705,2064,1143,1579,99,100,0,599,2077
spec3libquantum,597,451,2065,1143,1676,2583,20,147839,11827,2067,1145,1703,2064,1142,1579,98,100,0,600,2106
spec3libquantum,597,452,2075,1143,1689,2589,20,147841,11827,2075,1144,1718,2065,1141,1592,98,100,0,600,2112
spec3libquantum,597,453,2067,1144,1657,2594,20,147843,11827,2075,1144,1702,2067,1142,1580,98,100,0,600,2095
spec3libquantum,597,454,2072,1142,1685,2600,20,147848,11827,2072,1144,1714,2066,1141,1582,98,100,0,600,2112
spec3libquantum,597,455,2076,1144,1608,2606,20,147852,11828,2076,1145,1710,2070,1142,1581,97,100,0,600,2123
spec3libquantum,597,456,2067,1143,1656,2612,20,147855,11828,2076,1144,1715,2067,1142,1581,98,100,0,600,2097
spec3libquantum,597,457,2069,1143,1676,2618,20,147858,11828,2071,1144,1703,2066,1142,1582,97,100,0,600,2112
spec3libquantum,597,458,2066,1143,1655,2623,20,147861,11828,2070,1144,1705,2066,1141,1581,99,100,0,600,2075
spec3libquantum,597,459,2064,1142,1696,2629,21,147864,11829,2068,1144,1701,2064,1141,1580,98,100,0,600,2095
spec3libquantum,597,460,2065,1141,1677,2635,21,147867,11829,2067,1143,1707,2063,1139,1581,98,100,0,600,2097
spec3libquantum,597,461,2063,1144,1660,2641,21,147869,11829,2066,1145,1705,2063,1140,1581,99,100,0,600,2083
spec3libquantum,597,462,2067,1143,1682,2646,21,147875,11830,2067,1145,1714,2062,1142,1580,98,100,0,601,2106
spec3libquantum,597,463,2066,1145,1665,2652,21,147875,11830,2070,1146,1712,2065,1143,1577,98,100,0,601,2103
spec3libquantum,597,464,2064,1145,1660,2658,21,147877,11830,2067,1146,1702,2063,1143,1577,98,100,0,601,2097
spec3libquantum,597,465,2062,1143,1668,2664,21,147880,11830,2065,1145,1701,2061,1142,1580,98,100,0,601,2097
spec3libquantum,597,466,2062,1144,1655,2669,21,147882,11830,2064,1145,1706,2061,1142,1578,98,100,0,601,2083
spec3libquantum,597,467,2062,1144,1671,2675,21,147884,11830,2065,1145,1702,2061,1142,1578,98,100,0,600,2097
spec3libquantum,597,468,2066,1143,1670,2681,21,147887,11831,2068,1145,1698,2062,1142,1580,98,100,0,601,2100
spec3libquantum,597,469,2073,1142,1691,2687,21,147892,11831,2076,1144,1719,2065,1142,1580,98,100,0,600,2100
spec3libquantum,597,470,2065,1144,1670,2692,21,147894,11831,2073,1145,1703,2065,1142,1578,98,100,0,600,2089
spec3libquantum,597,471,2066,1142,1680,2698,21,147900,11832,2069,1145,1702,2064,1142,1578,98,100,0,600,2100
spec3libquantum,597,472,2068,1143,1660,2704,21,147904,11832,2073,1145,1712,2065,1142,1578,99,100,0,601,2086
spec3libquantum,597,473,2065,1145,1681,2710,21,147903,11832,2070,1145,1700,2065,1142,1580,98,100,0,600,2097
spec3libquantum,597,474,2068,1144,1613,2715,21,147906,11832,2068,1145,1703,2065,1142,1580,98,100,0,600,2109
spec3libquantum,597,475,2064,1143,1658,2721,21,147909,11832,2068,1144,1706,2064,1142,1581,98,100,0,600,2089
spec3libquantum,597,476,2062,1143,1667,2727,21,147911,11832,2066,1145,1706,2062,1142,1578,98,100,0,600,2097
spec3libquantum,597,477,2065,1143,1664,2733,21,147913,11833,2065,1145,1718,2060,1141,1578,97,100,0,600,2109
spec3libquantum,597,478,2065,1142,1671,2738,21,147916,11833,2069,1143,1710,2064,1140,1582,98,100,0,600,2100
spec3libquantum,597,479,2061,1144,1654,2744,21,147921,11833,2066,1145,1705,2061,1141,1579,98,100,0,600,2095
spec3libquantum,597,480,2063,1145,1666,2750,22,147920,11833,2064,1146,1702,2060,1143,1576,97,100,0,599,2112
spec3libquantum,597,481,2072,1146,1652,2756,22,147923,11833,2072,1147,1710,2061,1144,1579,97,100,0,600,2126
spec3libquantum,597,482,2065,1146,1694,2761,22,147926,11834,2072,1147,1705,2065,1145,1576,98,100,0,600,2092
spec3libquantum,597,483,2070,1146,1685,2767,22,147932,11834,2070,1148,1708,2065,1145,1574,98,100,0,600,2112
spec3libquantum,597,484,2068,1146,1652,2773,22,147936,11834,2074,1147,1709,2068,1145,1574,100,100,0,600,2068
spec3libquantum,597,485,2062,1146,1664,2779,22,147937,11835,2068,1147,1697,2061,1145,1574,98,100,0,600,2092
spec3libquantum,597,486,2063,1146,1597,2785,22,147939,11835,2064,1147,1698,2059,1144,1575,98,100,0,600,2103
spec3libquantum,597,487,2061,1144,1651,2790,22,147941,11835,2064,1147,1696,2059,1144,1575,98,100,0,600,2092
spec3libquantum,597,488,2062,1144,1665,2796,22,147940,11835,2063,1147,1699,2059,1143,1575,98,100,0,600,2103
spec3libquantum,597,489,2065,1144,1666,2802,22,147946,11835,2067,1146,1702,2060,1142,1577,98,100,0,600,2086
spec3libquantum,597,490,2062,1145,1654,2808,22,147945,11835,2066,1146,1710,2062,1143,1576,98,100,0,600,2095
spec3libquantum,597,491,2073,1144,1671,2813,22,147952,11836,2073,1146,1717,2062,1142,1591,97,100,0,600,2126
spec3libquantum,597,492,2077,1144,1668,2819,22,147953,11836,2079,1146,1714,2073,1142,1585,99,100,0,599,2092
spec3libquantum,597,493,2074,1145,1654,2825,22,147957,11836,2081,1146,1712,2074,1143,1584,98,100,0,600,2097
spec3libquantum,597,494,2073,1145,1676,2830,22,147961,11836,2078,1147,1711,2073,1144,1589,98,100,0,600,2106
spec3libquantum,597,495,2066,1146,1667,2836,22,147963,11837,2074,1146,1700,2066,1144,1575,98,100,0,600,2089
spec3libquantum,597,496,2064,1145,1669,2842,22,147965,11837,2070,1147,1699,2064,1144,1575,98,100,0,600,2089
spec3libquantum,597,497,2073,1145,1671,2848,22,147972,11837,2073,1146,1717,2064,1143,1577,98,100,0,600,2114
spec3libquantum,597,498,2071,1145,1674,2854,22,147972,11837,2073,1146,1711,2067,1143,1577,98,100,0,599,2112
spec3libquantum,597,499,2079,1146,1680,2859,22,147979,11838,2079,1146,1713,2071,1143,1592,97,100,0,600,2126
spec3libquantum,597,500,2073,1145,1649,2865,22,147980,11838,2081,1146,1709,2073,1143,1577,99,100,0,600,2080
spec3libquantum,597,501,2067,1145,1663,2871,22,147982,11838,2073,1146,1701,2067,1142,1579,98,100,0,600,2095
spec3libquantum,597,502,2073,1143,1678,2877,23,147985,11838,2073,1145,1713,2066,1142,1582,97,100,0,599,2120
spec3libquantum,597,503,2075,1143,1667,2882,23,147989,11839,2078,1146,1713,2073,1141,1585,99,100,0,600,2089
spec3libquantum,597,504,2067,1145,1657,2888,23,147992,11839,2075,1145,1711,2067,1142,1578,98,100,0,600,2095
spec3libquantum,597,505,2064,1143,1667,2894,23,147994,11839,2067,1146,1705,2063,1141,1579,98,100,0,600,2103
spec3libquantum,597,506,2063,1145,1657,2900,23,147995,11839,2064,1146,1703,2062,1143,1578,98,100,0,600,2095
spec3libquantum,597,507,2075,1145,1680,2906,23,148000,11840,2075,1146,1715,2062,1144,1590,97,100,0,600,2126
spec3libquantum,597,508,2070,1145,1662,2911,23,148002,11840,2078,1146,1709,2070,1144,1576,98,100,0,600,2100
spec3libquantum,597,509,2074,1144,1659,2917,23,148006,11840,2079,1146,1714,2068,1142,1586,98,100,0,600,2103
spec3libquantum,597,510,2069,1143,1667,2923,23,148009,11840,2074,1146,1699,2068,1143,1579,98,100,0,600,2106
spec3libquantum,597,511,2074,1144,1657,2929,23,148015,11841,2078,1146,1714,2068,1142,1584,99,100,0,601,2089
spec3libquantum,597,512,2069,1146,1655,2934,23,148018,11841,2074,1147,1699,2069,1144,1577,98,100,0,600,2095
spec3libquantum,597,513,2073,1146,1686,2940,23,148019,11841,2076,1146,1712,2069,1143,1589,98,100,0,601,2100
spec3libquantum,597,514,2072,1145,1674,2946,23,148022,11841,2075,1147,1715,2068,1143,1578,99,100,0,601,2086
spec3libquantum,597,515,2071,1145,1674,2952,23,148028,11842,2079,1147,1711,2071,1144,1585,98,100,0,601,2092
spec3libquantum,597,516,2075,1143,1674,2957,23,148029,11842,2076,1146,1714,2071,1142,1579,98,100,0,601,2106
spec3libquantum,597,517,2075,1144,1660,2963,23,148032,11842,2078,1145,1712,2070,1142,1592,98,100,0,601,2103
spec3libquantum,597,518,2076,1144,1671,2969,23,148036,11842,2078,1146,1717,2074,1142,1592,98,100,0,601,2103
spec3libquantum,597,519,2069,1143,1645,2975,23,148041,11843,2076,1145,1705,2068,1142,1580,98,100,0,601,2103
spec3libquantum,597,520,2066,1143,1655,2981,23,148040,11843,2069,1145,1703,2064,1142,1587,98,100,0,601,2097
spec3libquantum,597,521,2072,1144,1654,2986,23,148044,11843,2073,1145,1711,2065,1143,1591,98,100,0,601,2112
spec3libquantum,597,522,2070,1144,1655,2992,23,148047,11843,2077,1145,1715,2070,1143,1581,99,100,0,601,2072
spec3libquantum,597,523,2075,1143,1708,2998,23,148053,11844,2075,1145,1714,2069,1142,1592,98,100,0,601,2106
spec3libquantum,597,524,2069,1144,1680,3004,24,148053,11844,2077,1144,1708,2068,1142,1579,98,100,0,600,2100
spec3libquantum,597,525,2066,1145,1678,3009,24,148055,11844,2071,1145,1703,2066,1142,1579,98,100,0,600,2089
spec3libquantum,597,526,2065,1142,1692,3015,24,148057,11844,2068,1145,1699,2065,1142,1580,98,100,0,600,2100
spec3libquantum,597,527,2071,1143,1680,3021,24,148061,11844,2073,1145,1713,2065,1142,1591,98,100,0,600,2100
spec3libquantum,597,528,2071,1143,1682,3027,24,148063,11845,2072,1145,1710,2066,1142,1578,98,100,0,600,2103
spec3libquantum,597,529,2068,1144,1677,3033,24,148066,11845,2074,1145,1714,2068,1142,1578,98,100,0,601,2100
spec3libquantum,597,530,2078,1144,1623,3038,24,148070,11845,2078,1145,1713,2068,1143,1589,98,100,0,601,2120
spec3libquantum,597,531,2066,1144,1657,3044,24,148071,11845,2078,1145,1697,2066,1142,1579,98,100,0,601,2095
spec3libquantum,597,532,2066,1144,1669,3050,24,148076,11846,2068,1144,1703,2064,1142,1581,97,100,0,601,2109
spec3libquantum,597,533,2068,1143,1667,3056,24,148075,11846,2069,1144,1709,2063,1142,1580,98,100,0,601,2095
spec3libquantum,597,534,2072,1143,1666,3061,24,148081,11846,2072,1143,1715,2067,1141,1591,97,100,0,601,2117
spec3libquantum,597,535,2068,1141,1658,3067,24,148081,11846,2075,1143,1705,2067,1140,1580,98,100,0,601,2109
spec3libquantum,597,536,2064,1142,1656,3073,24,148082,11846,2069,1143,1703,2063,1140,1579,98,100,0,601,2097
spec3libquantum,597,537,2066,1144,1673,3079,24,148084,11846,2066,1144,1711,2062,1141,1590,97,100,0,601,2109
spec3libquantum,597,538,2075,1142,1683,3085,24,148088,11847,2075,1144,1711,2066,1141,1592,98,100,0,601,2117
spec3libquantum,597,539,2072,1143,1652,3090,24,148094,11847,2077,1144,1710,2072,1141,1580,99,100,0,601,2077
spec3libquantum,597,540,2068,1144,1673,3096,24,148093,11847,2072,1145,1710,2065,1141,1585,98,100,0,601,2109
spec3libquantum,597,541,2071,1142,1686,3102,24,148096,11847,2072,1145,1712,2065,1141,1578,97,100,0,601,2114
spec3libquantum,597,542,2068,1144,1655,3107,24,148101,11848,2074,1145,1710,2067,1141,1577,98,100,0,601,2100
spec3libquantum,597,543,2060,1144,1653,3113,24,148099,11847,2068,1145,1697,2060,1142,1577,98,100,0,601,2092
spec3libquantum,597,544,2066,1144,1700,3119,24,148101,11848,2066,1146,1704,2059,1142,1576,97,100,0,601,2112
spec3libquantum,597,545,2068,1144,1670,3125,25,148104,11848,2074,1145,1713,2066,1143,1578,98,100,0,601,2089
spec3libquantum,597,546,2064,1145,1680,3130,25,148108,11848,2068,1146,1699,2064,1143,1578,98,100,0,600,2097
spec3libquantum,597,547,2072,1145,1685,3136,25,148109,11848,2072,1146,1715,2064,1144,1588,98,100,0,600,2112
spec3libquantum,597,548,2062,1145,1657,3142,25,148110,11848,2074,1146,1695,2062,1143,1575,98,100,0,600,2086
spec3libquantum,597,549,2060,1145,1656,3148,25,148111,11848,2063,1146,1700,2059,1143,1576,98,100,0,600,2095
spec3libquantum,597,550,2062,1145,1586,3153,25,148112,11849,2062,1146,1697,2058,1144,1576,98,100,0,600,2100
spec3libquantum,597,551,2060,1145,1654,3159,25,148113,11849,2062,1146,1698,2059,1143,1576,98,100,0,600,2092
spec3libquantum,597,552,2070,1144,1672,3165,25,148119,11849,2070,1146,1711,2059,1143,1589,98,100,0,600,2109
spec3libquantum,597,553,2072,1145,1670,3171,25,148119,11849,2072,1146,1711,2069,1143,1587,98,100,0,600,2103
spec3libquantum,597,554,2071,1144,1662,3177,25,148124,11849,2073,1146,1707,2066,1143,1577,98,100,0,600,2109
spec3libquantum,597,555,2070,1144,1664,3182,25,148124,11849,2074,1146,1706,2070,1143,1587,98,100,0,599,2103
spec3libquantum,597,556,2062,1145,1655,3188,25,148125,11850,2070,1146,1694,2062,1143,1576,99,100,0,600,2072
spec3libquantum,597,557,2062,1145,1661,3194,25,148127,11850,2064,1146,1700,2061,1142,1576,98,100,0,600,2092
spec3libquantum,597,558,2071,1145,1679,3200,25,148130,11850,2071,1146,1707,2061,1143,1586,97,100,0,600,2120
spec3libquantum,597,559,2067,1146,1652,3205,25,148132,11850,2074,1146,1708,2067,1144,1574,99,100,0,600,2069
spec3libquantum,597,560,2067,1145,1653,3211,25,148134,11850,2070,1146,1703,2065,1143,1585,99,100,0,600,2086
spec3libquantum,597,561,2063,1144,1668,3217,25,148135,11850,2067,1146,1695,2062,1143,1577,98,100,0,600,2095
spec3libquantum,597,562,2060,1144,1655,3223,25,148136,11850,2064,1146,1698,2060,1143,1575,99,100,0,600,2066
spec3libquantum,597,563,2059,1142,1658,3228,25,148137,11851,2062,1145,1696,2059,1142,1578,98,100,0,600,2089
spec3libquantum,597,564,2059,1143,1687,3234,25,148139,11851,2061,1145,1701,2058,1142,1578,98,100,0,600,2097
spec3libquantum,597,565,2058,1145,1665,3240,25,148140,11851,2061,1146,1692,2058,1143,1574,98,100,0,601,2083
spec3libquantum,597,566,2058,1145,1652,3246,25,148141,11851,2061,1146,1697,2058,1143,1575,98,100,0,601,2086
spec3libquantum,597,567,2065,1144,1668,3251,26,148142,11851,2065,1146,1706,2058,1143,1575,97,100,0,600,2117
spec3libquantum,597,568,2061,1144,1657,3257,26,148144,11851,2067,1146,1705,2061,1144,1575,99,100,0,599,2072
spec3libquantum,597,569,2058,1145,1662,3263,26,148144,11851,2062,1146,1698,2058,1144,1577,98,100,0,600,2095
spec3libquantum,597,570,2061,1146,1658,3268,26,148146,11851,2063,1147,1697,2058,1144,1573,98,100,0,599,2103
spec3libquantum,597,571,2057,1146,1653,3274,26,148146,11851,2062,1146,1693,2057,1143,1572,99,100,0,600,2077
spec3libquantum,597,572,2057,1146,1664,3280,26,148147,11851,2060,1147,1696,2057,1144,1575,98,100,0,600,2092
spec3libquantum,597,573,2059,1145,1662,3286,26,148149,11851,2059,1146,1694,2056,1143,1575,98,100,0,600,2097
spec3libquantum,597,574,2056,1145,1675,3291,26,148149,11851,2059,1146,1696,2056,1143,1575,98,100,0,599,2086
spec3libquantum,597,575,2059,1144,1663,3297,26,148153,11852,2062,1146,1696,2056,1143,1575,98,100,0,599,2097
spec3libquantum,597,576,2066,1145,1661,3303,26,148155,11852,2066,1146,1707,2059,1143,1587,98,100,0,600,2097
spec3libquantum,597,577,2069,1145,1668,3309,26,148157,11852,2069,1146,1706,2062,1143,1573,98,100,0,600,2106
spec3libquantum,597,578,2069,1144,1657,3314,26,148159,11852,2072,1146,1709,2068,1143,1586,98,100,0,599,2100
spec3libquantum,597,579,2063,1144,1659,3320,26,148158,11852,2069,1146,1696,2062,1143,1574,98,100,0,599,2100
spec3libquantum,597,580,2057,1145,1653,3326,26,148158,11852,2063,1146,1696,2057,1143,1575,98,100,0,600,2089
spec3libquantum,597,581,2065,1144,1669,3332,26,148160,11852,2065,1146,1710,2057,1143,1578,97,100,0,600,2117
spec3libquantum,597,582,2068,1143,1665,3337,26,148162,11853,2070,1146,1708,2065,1141,1582,99,100,0,600,2083
spec3libquantum,597,583,2061,1144,1666,3343,26,148163,11853,2068,1145,1700,2060,1141,1577,98,100,0,600,2095
spec3libquantum,597,584,2064,1143,1665,3349,26,148165,11853,2065,1145,1707,2058,1143,1576,98,100,0,599,2095
spec3libquantum,597,585,2067,1145,1659,3355,26,148167,11853,2072,1146,1708,2064,1142,1587,98,100,0,599,2097
spec3libquantum,597,586,2065,1145,1648,3360,26,148168,11853,2067,1145,1698,2063,1143,1575,98,100,0,600,2103
spec3libquantum,597,587,2060,1144,1650,3366,26,148169,11853,2065,1146,1698,2060,1143,1575,98,100,0,600,2095
spec3libquantum,597,588,2065,1144,1680,3372,26,148171,11853,2066,1146,1701,2060,1143,1587,98,100,0,600,2095
spec3libquantum,597,589,2058,1144,1659,3378,27,148172,11853,2065,1146,1701,2058,1143,1574,98,100,0,600,2083
spec3libquantum,597,590,2068,1145,1597,3384,27,148174,11853,2068,1146,1709,2058,1143,1585,98,100,0,600,2103
spec3libquantum,597,591,2060,1146,1660,3389,27,148175,11854,2068,1146,1710,2060,1143,1575,98,100,0,600,2092
spec3libquantum,597,592,2059,1144,1636,3395,27,148175,11854,2061,1146,1698,2057,1143,1573,98,100,0,600,2097
spec3libquantum,597,593,1938,1145,1562,3400,27,148164,11853,2059,1147,1696,1938,1144,1541,98,100,0,600,1964
spec3libquantum,597,594,1938,1146,1545,3406,27,148152,11852,1940,1147,1616,1937,1144,1540,98,100,0,600,1975
spec3libquantum,597,595,2024,1144,1666,3411,27,148145,11851,2024,1146,1698,1937,1142,1516,97,100,0,600,2072
spec3libquantum,597,596,1710,1146,1367,3417,27,148122,11849,2037,1148,1699,1710,1143,1366,99,100,0,599,1719
Processed 597 lines from power meter
There were 0 errors in reading from the meter
