RunId,NumDataLines,SeqNum,Watts,Amps,WattHours,Cost,MoKWh,MoCost,MaxWatts,MaxVolts,MaxAmps,MinWatts,MinVolts,MinAmps,Factor,DutyCycle,PowerCycle
spec3namd,309,0,1889,1147,1516,10,0,135969,10877,1894,1148,1549,1889,1146,1507,98,100,0,599,1913
spec3namd,309,1,1893,1147,1539,15,0,136294,10903,1893,1148,1559,1889,1145,1515,98,100,0,600,1927
spec3namd,309,2,1894,1146,1524,20,0,136450,10916,1895,1148,1552,1893,1144,1518,98,100,0,600,1921
spec3namd,309,3,1891,1146,1527,25,0,136446,10915,1894,1147,1560,1889,1145,1510,97,100,0,600,1930
spec3namd,309,4,1896,1146,1527,31,0,136557,10924,1896,1147,1552,1891,1146,1521,98,100,0,600,1927
spec3namd,309,5,1893,1147,1525,36,0,136778,10942,1896,1148,1550,1893,1145,1514,98,100,0,600,1921
spec3namd,309,6,1894,1148,1525,41,0,136597,10927,1894,1148,1557,1889,1146,1509,98,100,0,600,1932
spec3namd,309,7,1890,1147,1517,46,0,136589,10927,1894,1148,1547,1890,1146,1510,98,100,0,599,1915
spec3namd,309,8,1895,1147,1529,52,0,136628,10930,1895,1148,1560,1890,1145,1517,98,100,0,600,1930
spec3namd,309,9,1889,1147,1516,57,0,136614,10929,1896,1148,1550,1889,1146,1508,98,100,0,600,1913
spec3namd,309,10,1890,1147,1535,62,0,136602,10928,1890,1148,1558,1886,1146,1507,98,100,0,600,1927
spec3namd,309,11,1891,1147,1523,67,0,136604,10928,1891,1148,1546,1889,1146,1512,98,100,0,600,1924
spec3namd,309,12,1890,1147,1525,73,0,136594,10927,1891,1148,1559,1888,1145,1513,98,100,0,600,1927
spec3namd,309,13,1890,1147,1516,78,0,136598,10927,1893,1148,1549,1890,1146,1511,98,100,0,600,1913
spec3namd,309,14,1887,1147,1515,83,0,136671,10933,1891,1148,1546,1887,1146,1508,98,100,0,600,1910
spec3namd,309,15,1890,1148,1513,89,0,136589,10927,1891,1148,1558,1887,1146,1511,98,100,0,600,1918
spec3namd,309,16,1893,1147,1527,94,0,136600,10928,1893,1148,1546,1889,1146,1513,98,100,0,600,1927
spec3namd,309,17,1890,1147,1519,99,0,136596,10927,1893,1149,1556,1890,1146,1512,98,100,0,600,1918
spec3namd,309,18,1892,1148,1522,104,0,136674,10933,1892,1149,1551,1890,1146,1512,98,100,0,600,1924
spec3namd,309,19,1889,1149,1526,110,0,136665,10933,1893,1149,1548,1889,1147,1509,98,100,0,600,1915
spec3namd,309,20,1888,1148,1511,115,0,136660,10932,1893,1149,1551,1888,1147,1506,98,100,0,600,1910
spec3namd,309,21,1888,1148,1524,120,0,136587,10926,1888,1149,1552,1885,1146,1508,97,100,0,600,1930
spec3namd,309,22,1885,1149,1514,125,1,136623,10929,1889,1149,1539,1885,1147,1509,98,100,0,600,1910
spec3namd,309,23,1886,1149,1521,131,1,136551,10924,1886,1149,1547,1882,1147,1504,98,100,0,601,1918
spec3namd,309,24,1889,1148,1525,136,1,136599,10927,1889,1149,1548,1884,1147,1508,98,100,0,601,1927
spec3namd,309,25,1888,1148,1524,141,1,136535,10922,1889,1149,1545,1885,1147,1505,98,100,0,601,1924
spec3namd,309,26,1889,1149,1527,146,1,136527,10922,1889,1149,1547,1884,1147,1505,98,100,0,601,1927
spec3namd,309,27,1886,1149,1512,152,1,136521,10921,1892,1149,1560,1886,1147,1506,98,100,0,601,1910
spec3namd,309,28,1884,1146,1515,157,1,136510,10920,1888,1149,1548,1884,1146,1509,98,100,0,601,1910
spec3namd,309,29,1888,1147,1523,162,1,136509,10920,1888,1148,1547,1884,1146,1512,98,100,0,601,1918
spec3namd,309,30,1888,1147,1526,168,1,136546,10923,1888,1148,1548,1886,1146,1509,97,100,0,601,1927
spec3namd,309,31,1890,1148,1525,173,1,136505,10920,1890,1148,1550,1887,1146,1513,98,100,0,601,1927
spec3namd,309,32,1889,1148,1524,178,1,136501,10920,1891,1148,1549,1886,1146,1508,98,100,0,601,1918
spec3namd,309,33,1892,1148,1526,183,1,136542,10923,1892,1148,1551,1887,1145,1511,97,100,0,600,1932
spec3namd,309,34,1888,1147,1517,189,1,136539,10923,1893,1148,1547,1888,1146,1509,98,100,0,600,1913
spec3namd,309,35,1889,1146,1522,194,1,136539,10923,1890,1148,1549,1888,1145,1513,98,100,0,600,1915
spec3namd,309,36,1888,1146,1518,199,1,136504,10920,1893,1148,1553,1888,1144,1510,98,100,0,600,1913
spec3namd,309,37,1887,1145,1519,204,1,136502,10920,1891,1147,1551,1887,1145,1514,98,100,0,600,1915
spec3namd,309,38,1890,1146,1524,210,1,136503,10920,1890,1148,1549,1887,1145,1511,98,100,0,600,1921
spec3namd,309,39,1889,1146,1525,215,1,136499,10919,1890,1148,1548,1887,1146,1508,98,100,0,600,1924
spec3namd,309,40,1893,1147,1526,220,1,136509,10920,1893,1148,1550,1889,1146,1520,98,100,0,600,1927
spec3namd,309,41,1888,1147,1514,226,1,136505,10920,1893,1148,1547,1888,1145,1506,99,100,0,600,1907
spec3namd,309,42,1888,1147,1512,231,1,136505,10920,1891,1148,1546,1887,1145,1512,98,100,0,600,1915
spec3namd,309,43,1888,1148,1528,236,1,136500,10920,1888,1148,1545,1885,1146,1506,98,100,0,600,1924
spec3namd,309,44,1890,1147,1529,241,1,136499,10919,1890,1148,1550,1885,1146,1506,97,100,0,599,1930
spec3namd,309,45,1887,1147,1511,247,1,136526,10922,1892,1148,1550,1887,1145,1508,98,100,0,600,1913
spec3namd,309,46,1891,1147,1528,252,2,136502,10920,1891,1148,1549,1887,1145,1511,98,100,0,600,1927
spec3namd,309,47,1891,1147,1524,257,2,136504,10920,1892,1148,1547,1889,1146,1512,98,100,0,600,1921
spec3namd,309,48,1890,1146,1525,262,2,136529,10922,1891,1148,1549,1887,1146,1508,98,100,0,600,1927
spec3namd,309,49,1892,1146,1528,268,2,136504,10920,1892,1147,1553,1888,1145,1514,98,100,0,600,1930
spec3namd,309,50,1885,1146,1516,273,2,136495,10919,1892,1147,1542,1885,1145,1508,98,100,0,600,1913
spec3namd,309,51,1888,1146,1521,278,2,136497,10919,1890,1147,1545,1885,1144,1515,98,100,0,600,1915
spec3namd,309,52,1891,1145,1529,283,2,136501,10920,1891,1147,1549,1888,1145,1513,97,100,0,600,1930
spec3namd,309,53,1889,1145,1522,289,2,136500,10920,1892,1147,1550,1889,1144,1514,98,100,0,600,1915
spec3namd,309,54,1890,1147,1524,294,2,136529,10922,1893,1147,1554,1889,1144,1513,98,100,0,600,1915
spec3namd,309,55,1885,1146,1520,299,2,136497,10919,1890,1148,1540,1885,1144,1507,98,100,0,600,1915
spec3namd,309,56,1892,1146,1525,305,2,136505,10920,1892,1147,1551,1885,1145,1517,98,100,0,600,1924
spec3namd,309,57,1889,1147,1526,310,2,136501,10920,1892,1148,1550,1888,1145,1511,98,100,0,600,1921
spec3namd,309,58,1891,1148,1525,315,2,136502,10920,1891,1148,1550,1887,1146,1510,98,100,0,600,1924
spec3namd,309,59,1887,1148,1511,320,2,136499,10919,1891,1148,1545,1887,1147,1504,98,100,0,600,1913
spec3namd,309,60,1889,1148,1519,325,2,136501,10920,1891,1148,1541,1887,1147,1510,98,100,0,600,1915
spec3namd,309,61,1889,1148,1526,331,2,136500,10920,1889,1148,1546,1886,1146,1506,98,100,0,600,1927
spec3namd,309,62,1894,1148,1528,336,2,136505,10920,1894,1149,1548,1889,1146,1511,98,100,0,599,1930
spec3namd,309,63,1891,1147,1521,341,2,136507,10920,1894,1149,1563,1891,1147,1510,98,100,0,600,1921
spec3namd,309,64,1891,1148,1526,347,2,136527,10922,1892,1148,1540,1888,1146,1505,98,100,0,600,1927
spec3namd,309,65,1890,1149,1509,352,2,136508,10920,1894,1149,1546,1890,1146,1506,98,100,0,600,1913
spec3namd,309,66,1892,1148,1523,357,2,136532,10922,1892,1149,1548,1889,1146,1509,98,100,0,599,1921
spec3namd,309,67,1893,1148,1526,362,2,136515,10921,1893,1148,1551,1891,1146,1511,98,100,0,599,1924
spec3namd,309,68,1888,1148,1512,368,2,136512,10921,1893,1149,1545,1888,1147,1504,98,100,0,600,1915
spec3namd,309,69,1890,1148,1527,373,2,136512,10920,1890,1149,1566,1885,1146,1508,98,100,0,600,1927
spec3namd,309,70,1888,1149,1517,378,3,136512,10920,1893,1149,1550,1888,1147,1507,98,100,0,599,1913
spec3namd,309,71,1891,1149,1527,384,3,136514,10921,1891,1149,1549,1888,1147,1515,98,100,0,600,1927
spec3namd,309,72,1890,1148,1522,389,3,136514,10921,1892,1149,1545,1889,1147,1508,98,100,0,600,1921
spec3namd,309,73,1890,1148,1526,394,3,136533,10922,1891,1149,1548,1889,1147,1512,98,100,0,600,1924
spec3namd,309,74,1886,1149,1507,399,3,136510,10920,1890,1149,1540,1886,1147,1505,98,100,0,600,1913
spec3namd,309,75,1887,1147,1522,405,3,136507,10920,1887,1149,1549,1883,1144,1506,98,100,0,600,1924
spec3namd,309,76,1887,1147,1516,410,3,136505,10920,1889,1148,1543,1887,1145,1510,98,100,0,600,1913
spec3namd,309,77,1890,1147,1531,415,3,136507,10920,1890,1147,1550,1887,1145,1515,98,100,0,599,1924
spec3namd,309,78,1890,1147,1529,420,3,136506,10920,1890,1147,1551,1886,1145,1510,97,100,0,599,1932
spec3namd,309,79,1889,1148,1527,426,3,136505,10920,1891,1148,1548,1888,1145,1506,98,100,0,600,1921
spec3namd,309,80,1890,1147,1525,431,3,136520,10921,1890,1148,1550,1885,1146,1506,97,100,0,600,1930
spec3namd,309,81,1890,1147,1523,436,3,136519,10921,1890,1148,1547,1888,1145,1510,98,100,0,600,1924
spec3namd,309,82,1888,1146,1528,441,3,136501,10920,1890,1148,1541,1886,1146,1507,98,100,0,600,1924
spec3namd,309,83,1891,1146,1524,447,3,136502,10920,1891,1148,1554,1887,1145,1512,98,100,0,601,1927
spec3namd,309,84,1889,1147,1523,452,3,136499,10919,1891,1148,1548,1886,1146,1510,98,100,0,601,1918
spec3namd,309,85,1693,1148,1361,457,3,136354,10908,1889,1149,1545,1687,1145,1360,95,100,0,601,1768
spec3namd,309,86,1878,1147,1516,462,3,136341,10907,1879,1148,1556,1692,1146,1361,98,100,0,601,1910
spec3namd,309,87,1875,1148,1504,467,3,136317,10905,1880,1148,1546,1875,1146,1501,98,100,0,601,1895
spec3namd,309,88,1874,1147,1505,472,3,136307,10904,1879,1148,1554,1874,1146,1502,98,100,0,601,1898
spec3namd,309,89,1880,1147,1517,477,3,136304,10904,1880,1148,1547,1874,1145,1504,98,100,0,600,1913
spec3namd,309,90,1876,1148,1503,483,3,136296,10903,1880,1148,1544,1876,1146,1503,98,100,0,599,1895
spec3namd,309,91,1880,1147,1517,488,3,136292,10903,1880,1148,1546,1876,1146,1503,98,100,0,600,1910
spec3namd,309,92,1879,1147,1518,493,3,136285,10902,1881,1148,1558,1876,1145,1501,98,100,0,599,1915
spec3namd,309,93,1876,1147,1506,499,3,136278,10902,1881,1147,1522,1876,1146,1504,98,100,0,600,1898
spec3namd,309,94,1874,1148,1505,504,4,136269,10901,1879,1148,1548,1874,1145,1503,98,100,0,600,1895
spec3namd,309,95,1877,1146,1520,509,4,136262,10901,1877,1148,1547,1872,1145,1501,97,100,0,601,1918
spec3namd,309,96,1878,1147,1510,514,4,136255,10900,1878,1148,1546,1874,1144,1506,98,100,0,601,1913
spec3namd,309,97,1878,1147,1517,519,4,136262,10900,1878,1148,1557,1874,1146,1504,97,100,0,601,1918
spec3namd,309,98,1872,1147,1506,525,4,136236,10898,1878,1148,1535,1872,1146,1499,98,100,0,601,1898
spec3namd,309,99,1874,1148,1506,530,4,136229,10898,1876,1148,1538,1872,1146,1499,98,100,0,601,1904
spec3namd,309,100,1875,1147,1507,535,4,136223,10897,1877,1148,1535,1874,1145,1501,98,100,0,600,1901
spec3namd,309,101,1875,1147,1506,540,4,136216,10897,1878,1148,1536,1875,1146,1499,98,100,0,600,1898
spec3namd,309,102,1874,1148,1504,545,4,136210,10896,1878,1148,1537,1874,1146,1499,98,100,0,600,1898
spec3namd,309,103,1875,1147,1504,551,4,136204,10896,1877,1148,1547,1874,1145,1498,98,100,0,599,1898
spec3namd,309,104,1874,1147,1505,556,4,136197,10895,1877,1148,1536,1874,1146,1499,98,100,0,600,1898
spec3namd,309,105,1876,1147,1516,561,4,136190,10895,1876,1148,1546,1872,1145,1504,98,100,0,600,1910
spec3namd,309,106,1877,1147,1505,567,4,136185,10894,1878,1148,1540,1876,1146,1503,98,100,0,600,1901
spec3namd,309,107,1880,1148,1515,572,4,136183,10894,1880,1148,1542,1876,1146,1503,98,100,0,600,1913
spec3namd,309,108,1878,1147,1514,577,4,136176,10894,1880,1148,1546,1874,1146,1502,98,100,0,600,1913
spec3namd,309,109,1879,1147,1515,582,4,136173,10893,1880,1148,1556,1878,1146,1503,98,100,0,599,1910
spec3namd,309,110,1872,1147,1506,587,4,136163,10893,1879,1148,1534,1872,1145,1497,98,100,0,600,1898
spec3namd,309,111,1873,1147,1505,593,4,136158,10892,1876,1148,1539,1872,1145,1500,98,100,0,599,1895
spec3namd,309,112,1875,1146,1505,598,4,136152,10892,1877,1148,1546,1873,1145,1502,98,100,0,599,1895
spec3namd,309,113,1880,1147,1516,603,4,136150,10892,1880,1148,1546,1874,1145,1504,98,100,0,599,1910
spec3namd,309,114,1876,1147,1505,608,4,136145,10891,1880,1147,1549,1876,1145,1503,98,100,0,600,1898
spec3namd,309,115,1880,1145,1518,614,4,136155,10892,1880,1148,1558,1875,1144,1503,98,100,0,600,1910
spec3namd,309,116,1878,1146,1516,619,4,136149,10891,1880,1148,1538,1875,1145,1499,98,100,0,600,1910
spec3namd,309,117,1878,1146,1515,624,4,136145,10891,1878,1148,1539,1875,1145,1498,98,100,0,600,1910
spec3namd,309,118,1876,1148,1506,629,5,136129,10890,1881,1148,1546,1876,1145,1503,98,100,0,600,1898
spec3namd,309,119,1880,1147,1516,635,5,136127,10890,1880,1148,1546,1876,1145,1505,98,100,0,600,1910
spec3namd,309,120,1879,1147,1516,640,5,136123,10889,1880,1148,1539,1876,1145,1500,98,100,0,600,1913
spec3namd,309,121,1881,1148,1514,645,5,136122,10889,1881,1148,1558,1879,1146,1507,98,100,0,600,1910
spec3namd,309,122,1878,1147,1517,650,5,136117,10889,1881,1148,1535,1876,1146,1499,98,100,0,600,1913
spec3namd,309,123,1877,1147,1516,655,5,136112,10889,1878,1148,1537,1874,1145,1498,98,100,0,600,1913
spec3namd,309,124,1875,1146,1506,661,5,136108,10888,1880,1147,1546,1875,1145,1504,98,100,0,600,1901
spec3namd,309,125,1874,1147,1504,666,5,136103,10888,1878,1148,1545,1874,1145,1503,98,100,0,600,1898
spec3namd,309,126,1879,1148,1515,671,5,136102,10888,1879,1148,1547,1874,1145,1503,98,100,0,600,1915
spec3namd,309,127,1879,1149,1513,676,5,136099,10887,1880,1149,1550,1878,1147,1502,98,100,0,600,1910
spec3namd,309,128,1877,1147,1514,682,5,136105,10888,1879,1149,1531,1874,1147,1500,98,100,0,600,1910
spec3namd,309,129,1875,1147,1502,687,5,136090,10887,1880,1149,1563,1875,1146,1499,98,100,0,600,1895
spec3namd,309,130,1875,1148,1504,692,5,136086,10886,1878,1149,1543,1875,1146,1498,98,100,0,600,1901
spec3namd,309,131,1874,1148,1504,697,5,136091,10887,1877,1149,1523,1874,1146,1497,98,100,0,600,1895
spec3namd,309,132,1874,1148,1506,703,5,136077,10886,1877,1149,1545,1874,1146,1498,98,100,0,601,1901
spec3namd,309,133,1879,1148,1513,708,5,136076,10886,1879,1149,1544,1874,1147,1504,98,100,0,601,1913
spec3namd,309,134,1877,1149,1507,713,5,136071,10885,1879,1149,1547,1874,1147,1500,98,100,0,601,1910
spec3namd,309,135,1881,1147,1518,718,5,136070,10885,1881,1149,1545,1877,1146,1507,98,100,0,601,1915
spec3namd,309,136,1879,1147,1516,723,5,136067,10885,1881,1148,1545,1877,1146,1503,98,100,0,601,1910
spec3namd,309,137,1876,1148,1505,729,5,136073,10885,1880,1149,1536,1876,1147,1498,98,100,0,601,1901
spec3namd,309,138,1874,1149,1505,734,5,136059,10884,1877,1150,1543,1874,1147,1497,98,100,0,601,1898
spec3namd,309,139,1878,1148,1514,739,5,136067,10885,1878,1150,1543,1874,1147,1502,98,100,0,601,1910
spec3namd,309,140,1876,1149,1516,744,5,136052,10884,1879,1150,1546,1874,1148,1499,98,100,0,601,1910
spec3namd,309,141,1876,1149,1504,750,6,136058,10884,1878,1150,1532,1876,1148,1497,98,100,0,601,1898
spec3namd,309,142,1874,1149,1502,755,6,136045,10883,1878,1150,1532,1874,1147,1495,98,100,0,601,1898
spec3namd,309,143,1874,1148,1505,760,6,136050,10884,1877,1151,1535,1874,1147,1496,98,100,0,601,1895
spec3namd,309,144,1879,1148,1513,765,6,136040,10883,1879,1149,1551,1873,1146,1504,98,100,0,601,1913
spec3namd,309,145,1877,1149,1513,771,6,136036,10882,1879,1150,1533,1874,1147,1497,98,100,0,600,1913
spec3namd,309,146,1875,1150,1503,776,6,136032,10882,1878,1150,1534,1875,1147,1496,98,100,0,600,1898
spec3namd,309,147,1875,1149,1501,781,6,136029,10882,1878,1150,1534,1874,1148,1497,98,100,0,600,1898
spec3namd,309,148,1879,1150,1510,786,6,136028,10882,1879,1150,1543,1874,1148,1501,98,100,0,601,1910
spec3namd,309,149,1876,1149,1510,791,6,136023,10881,1879,1150,1542,1873,1148,1497,98,100,0,601,1910
spec3namd,309,150,1871,1149,1504,797,6,136017,10881,1876,1150,1539,1871,1148,1496,98,100,0,600,1895
spec3namd,309,151,1873,1147,1503,802,6,136023,10881,1876,1149,1543,1871,1146,1500,98,100,0,600,1898
spec3namd,309,152,1874,1147,1504,807,6,136010,10880,1877,1148,1546,1873,1146,1501,98,100,0,599,1895
spec3namd,309,153,1879,1147,1516,812,6,136010,10880,1879,1148,1544,1873,1145,1502,98,100,0,600,1910
spec3namd,309,154,1877,1147,1514,818,6,136015,10881,1879,1149,1534,1875,1146,1497,98,100,0,599,1910
spec3namd,309,155,1872,1147,1502,823,6,136000,10880,1877,1149,1536,1872,1146,1498,98,100,0,600,1898
spec3namd,309,156,1877,1149,1510,828,6,135999,10879,1877,1149,1549,1871,1147,1502,98,100,0,600,1907
spec3namd,309,157,1875,1148,1503,833,6,136005,10880,1880,1149,1544,1875,1146,1501,98,100,0,600,1895
spec3namd,309,158,1874,1148,1503,839,6,135993,10879,1878,1149,1546,1874,1146,1501,98,100,0,600,1895
spec3namd,309,159,1876,1147,1514,844,6,135998,10879,1876,1149,1535,1871,1147,1499,98,100,0,600,1913
spec3namd,309,160,1871,1149,1503,849,6,135984,10878,1877,1149,1534,1871,1146,1497,98,100,0,599,1895
spec3namd,309,161,1872,1146,1505,854,6,135981,10878,1876,1149,1544,1870,1145,1501,98,100,0,600,1895
spec3namd,309,162,1873,1149,1503,859,6,135986,10878,1877,1149,1549,1872,1145,1499,98,100,0,600,1895
spec3namd,309,163,1874,1148,1503,865,6,135975,10878,1877,1149,1545,1872,1147,1501,98,100,0,600,1895
spec3namd,309,164,1873,1149,1503,870,6,135972,10877,1877,1149,1543,1873,1147,1500,98,100,0,600,1895
spec3namd,309,165,1874,1147,1506,875,7,135969,10877,1878,1149,1545,1872,1145,1501,98,100,0,600,1898
spec3namd,309,166,1878,1149,1513,880,7,135969,10877,1878,1149,1536,1874,1147,1498,98,100,0,600,1910
spec3namd,309,167,1877,1148,1515,886,7,135974,10877,1879,1150,1535,1874,1147,1495,98,100,0,600,1910
spec3namd,309,168,1877,1148,1516,891,7,135972,10877,1878,1149,1548,1874,1147,1500,98,100,0,600,1915
spec3namd,309,169,1880,1148,1523,896,7,135963,10877,1880,1149,1525,1877,1145,1507,98,100,0,600,1910
spec3namd,309,170,1877,1147,1522,901,7,135961,10876,1881,1148,1548,1875,1146,1500,98,100,0,601,1910
spec3namd,309,171,1877,1147,1518,906,7,135958,10876,1878,1148,1545,1874,1146,1502,98,100,0,601,1915
spec3namd,309,172,1880,1147,1512,912,7,135958,10876,1880,1149,1546,1877,1146,1508,98,100,0,601,1913
spec3namd,309,173,1878,1148,1517,917,7,135955,10876,1880,1149,1547,1874,1146,1502,98,100,0,601,1913
spec3namd,309,174,1875,1148,1504,922,7,135960,10876,1879,1149,1534,1875,1146,1497,98,100,0,601,1898
spec3namd,309,175,1879,1149,1515,927,7,135952,10876,1879,1149,1547,1874,1147,1502,98,100,0,601,1913
spec3namd,309,176,1877,1147,1515,933,7,135949,10875,1879,1149,1546,1874,1146,1500,98,100,0,601,1913
spec3namd,309,177,1875,1148,1503,938,7,135947,10875,1879,1149,1534,1875,1146,1496,98,100,0,601,1898
spec3namd,309,178,1879,1147,1515,943,7,135954,10876,1879,1149,1547,1874,1146,1502,98,100,0,601,1910
spec3namd,309,179,1877,1147,1513,948,7,135944,10875,1879,1149,1545,1873,1147,1499,98,100,0,601,1910
spec3namd,309,180,1874,1150,1501,954,7,135940,10875,1878,1150,1534,1874,1147,1494,98,100,0,601,1895
spec3namd,309,181,1874,1150,1512,959,7,135937,10874,1874,1151,1541,1869,1149,1496,98,100,0,601,1907
spec3namd,309,182,1874,1150,1498,964,7,135934,10874,1876,1151,1531,1874,1148,1495,98,100,0,601,1895
spec3namd,309,183,1877,1150,1509,969,7,135933,10874,1877,1151,1539,1873,1148,1493,98,100,0,601,1910
spec3namd,309,184,1879,1150,1510,974,7,135933,10874,1879,1151,1542,1877,1148,1503,98,100,0,601,1910
spec3namd,309,185,1879,1150,1509,980,7,135932,10874,1880,1151,1542,1878,1148,1501,98,100,0,601,1907
spec3namd,309,186,1875,1149,1499,985,7,135936,10874,1880,1151,1541,1875,1148,1498,98,100,0,601,1895
spec3namd,309,187,1879,1150,1510,990,7,135928,10874,1879,1151,1544,1874,1148,1498,98,100,0,601,1913
spec3namd,309,188,1881,1150,1511,995,7,135929,10874,1881,1151,1542,1879,1149,1505,98,100,0,601,1910
spec3namd,309,189,1881,1150,1512,1001,8,135928,10874,1881,1151,1542,1881,1149,1504,98,100,0,601,1910
spec3namd,309,190,1876,1150,1498,1006,8,135933,10874,1881,1151,1542,1876,1149,1496,98,100,0,601,1895
spec3namd,309,191,1873,1150,1498,1011,8,135923,10873,1878,1151,1541,1873,1148,1496,98,100,0,601,1893
spec3namd,309,192,1872,1150,1501,1016,8,135921,10873,1876,1151,1539,1872,1149,1497,98,100,0,601,1895
spec3namd,309,193,1878,1149,1509,1022,8,135920,10873,1878,1151,1543,1872,1148,1497,98,100,0,600,1910
spec3namd,309,194,1877,1149,1510,1027,8,135918,10873,1878,1150,1532,1874,1148,1496,98,100,0,600,1910
spec3namd,309,195,1881,1149,1510,1032,8,135919,10873,1881,1150,1557,1877,1149,1502,98,100,0,599,1913
spec3namd,309,196,1873,1150,1499,1037,8,135915,10873,1881,1151,1534,1873,1149,1495,98,100,0,600,1898
spec3namd,309,197,1879,1150,1509,1042,8,135915,10873,1879,1151,1542,1872,1148,1499,98,100,0,600,1907
spec3namd,309,198,1880,1150,1511,1048,8,135922,10873,1880,1151,1543,1879,1149,1499,98,100,0,599,1910
spec3namd,309,199,1876,1150,1499,1053,8,135920,10873,1882,1151,1542,1876,1149,1495,98,100,0,600,1898
spec3namd,309,200,1873,1150,1501,1058,8,135910,10872,1876,1151,1532,1873,1149,1496,98,100,0,600,1898
spec3namd,309,201,1879,1149,1511,1063,8,135910,10872,1879,1151,1542,1873,1149,1499,98,100,0,600,1910
spec3namd,309,202,1881,1150,1510,1069,8,135910,10872,1881,1150,1544,1879,1147,1507,98,100,0,600,1910
spec3namd,309,203,1881,1149,1513,1074,8,135911,10872,1882,1150,1541,1881,1146,1505,98,100,0,600,1910
spec3namd,309,204,1881,1148,1513,1079,8,135911,10872,1882,1150,1544,1881,1147,1504,98,100,0,600,1913
spec3namd,309,205,1878,1148,1513,1084,8,135909,10872,1881,1149,1537,1876,1146,1497,98,100,0,600,1910
spec3namd,309,206,1877,1148,1519,1090,8,135914,10873,1878,1150,1544,1875,1147,1499,98,100,0,600,1913
spec3namd,309,207,1875,1150,1502,1095,8,135905,10872,1879,1150,1525,1875,1148,1498,98,100,0,600,1898
spec3namd,309,208,1876,1150,1512,1100,8,135910,10872,1876,1150,1542,1872,1147,1494,97,100,0,600,1915
spec3namd,309,209,1877,1149,1511,1105,8,135901,10872,1877,1150,1544,1873,1147,1497,98,100,0,600,1915
spec3namd,309,210,1880,1148,1544,1111,8,135902,10872,1880,1150,1544,1877,1147,1505,98,100,0,600,1910
spec3namd,309,211,1875,1148,1501,1116,8,135899,10871,1881,1150,1544,1875,1148,1498,98,100,0,600,1898
spec3namd,309,212,1874,1150,1500,1121,8,135897,10871,1878,1150,1533,1874,1144,1496,98,100,0,600,1898
spec3namd,309,213,1873,1150,1500,1126,9,135895,10871,1876,1151,1533,1873,1148,1495,98,100,0,600,1898
spec3namd,309,214,1878,1150,1511,1132,9,135895,10871,1878,1151,1539,1873,1149,1500,98,100,0,600,1910
spec3namd,309,215,1880,1150,1511,1137,9,135894,10871,1880,1151,1540,1878,1149,1503,98,100,0,600,1910
spec3namd,309,216,1877,1151,1510,1142,9,135892,10871,1880,1151,1541,1874,1149,1497,98,100,0,600,1910
spec3namd,309,217,1880,1151,1512,1147,9,135892,10871,1880,1151,1541,1877,1149,1503,98,100,0,601,1913
spec3namd,309,218,1881,1151,1509,1152,9,135892,10871,1881,1151,1540,1880,1149,1504,98,100,0,601,1910
spec3namd,309,219,1878,1150,1510,1158,9,135890,10871,1881,1151,1541,1875,1149,1497,98,100,0,600,1910
spec3namd,309,220,1881,1150,1509,1163,9,135891,10871,1881,1151,1537,1878,1149,1503,98,100,0,600,1910
spec3namd,309,221,1881,1150,1511,1168,9,135891,10871,1881,1151,1539,1880,1149,1503,98,100,0,600,1910
spec3namd,309,222,1881,1150,1510,1173,9,135891,10871,1881,1151,1541,1880,1149,1503,98,100,0,600,1910
spec3namd,309,223,1881,1151,1510,1179,9,135891,10871,1881,1151,1541,1880,1149,1504,98,100,0,600,1910
spec3namd,309,224,1876,1150,1499,1184,9,135889,10871,1881,1151,1541,1876,1149,1497,98,100,0,600,1895
spec3namd,309,225,1874,1150,1499,1189,9,135887,10870,1877,1151,1539,1874,1149,1495,98,100,0,600,1895
spec3namd,309,226,1874,1149,1498,1194,9,135885,10870,1877,1151,1537,1873,1148,1497,98,100,0,600,1893
spec3namd,309,227,1879,1149,1511,1200,9,135885,10870,1879,1150,1542,1873,1147,1498,98,100,0,600,1910
spec3namd,309,228,1881,1150,1510,1205,9,135885,10870,1881,1151,1542,1879,1149,1501,98,100,0,600,1910
spec3namd,309,229,1878,1151,1510,1210,9,135889,10871,1881,1151,1530,1875,1148,1496,98,100,0,600,1910
spec3namd,309,230,1881,1150,1509,1215,9,135884,10870,1881,1151,1540,1878,1149,1504,98,100,0,600,1910
spec3namd,309,231,1877,1150,1509,1220,9,135887,10871,1881,1151,1532,1875,1149,1494,98,100,0,601,1907
spec3namd,309,232,1880,1151,1510,1226,9,135882,10870,1880,1151,1537,1877,1149,1504,98,100,0,601,1910
spec3namd,309,233,1881,1151,1510,1231,9,135882,10870,1881,1151,1542,1880,1149,1503,98,100,0,601,1910
spec3namd,309,234,1880,1151,1510,1236,9,135882,10870,1881,1151,1543,1880,1149,1504,98,100,0,601,1910
spec3namd,309,235,1881,1149,1513,1241,9,135882,10870,1882,1151,1541,1880,1147,1504,98,100,0,601,1910
spec3namd,309,236,1878,1151,1510,1247,9,135881,10870,1881,1151,1532,1876,1148,1495,98,100,0,600,1910
spec3namd,309,237,1871,1150,1500,1252,10,135877,10870,1878,1151,1530,1871,1149,1494,98,100,0,600,1895
spec3namd,309,238,1873,1150,1502,1257,10,135876,10870,1876,1151,1537,1871,1149,1496,98,100,0,600,1895
spec3namd,309,239,1874,1150,1502,1262,10,135874,10869,1877,1151,1542,1872,1148,1497,98,100,0,600,1895
spec3namd,309,240,1874,1150,1499,1268,10,135873,10869,1877,1151,1548,1873,1149,1498,98,100,0,600,1895
spec3namd,309,241,1879,1149,1513,1273,10,135873,10869,1879,1151,1542,1873,1148,1499,98,100,0,599,1910
spec3namd,309,242,1877,1149,1511,1278,10,135871,10869,1879,1150,1541,1875,1146,1498,98,100,0,600,1910
spec3namd,309,243,1875,1149,1503,1283,10,135870,10869,1880,1150,1544,1875,1148,1500,98,100,0,600,1898
spec3namd,309,244,1878,1151,1523,1288,10,135870,10869,1878,1151,1540,1875,1149,1499,98,100,0,600,1910
spec3namd,309,245,1876,1150,1510,1294,10,135868,10869,1879,1151,1523,1875,1149,1498,98,100,0,600,1907
spec3namd,309,246,1874,1150,1500,1299,10,135867,10869,1879,1151,1538,1874,1149,1497,98,100,0,600,1895
spec3namd,309,247,1877,1151,1512,1304,10,135866,10869,1877,1152,1540,1873,1149,1495,98,100,0,600,1913
spec3namd,309,248,1879,1149,1544,1309,10,135866,10869,1879,1152,1544,1877,1149,1503,98,100,0,600,1910
spec3namd,309,249,1877,1151,1501,1315,10,135865,10869,1881,1152,1544,1877,1149,1496,98,100,0,600,1904
spec3namd,309,250,1874,1150,1500,1320,10,135863,10869,1877,1152,1532,1874,1149,1494,98,100,0,600,1898
spec3namd,309,251,1874,1150,1504,1325,10,135861,10868,1877,1151,1534,1873,1148,1494,98,100,0,600,1901
spec3namd,309,252,1879,1150,1512,1330,10,135861,10868,1879,1151,1541,1873,1148,1497,98,100,0,600,1915
spec3namd,309,253,1880,1150,1512,1336,10,135861,10868,1881,1151,1539,1879,1147,1500,98,100,0,600,1913
spec3namd,309,254,1877,1151,1500,1341,10,135860,10868,1880,1151,1531,1877,1148,1494,98,100,0,600,1898
spec3namd,309,255,1879,1150,1511,1346,10,135860,10868,1879,1151,1545,1876,1148,1499,98,100,0,601,1913
spec3namd,309,256,1881,1150,1510,1351,10,135860,10868,1881,1151,1541,1879,1149,1504,98,100,0,601,1910
spec3namd,309,257,1877,1150,1501,1357,10,135864,10869,1881,1151,1533,1877,1149,1494,98,100,0,601,1898
spec3namd,309,258,1880,1151,1512,1362,10,135859,10868,1880,1151,1542,1876,1149,1500,98,100,0,601,1913
spec3namd,309,259,1881,1151,1510,1367,10,135859,10868,1881,1151,1542,1880,1149,1504,98,100,0,601,1910
spec3namd,309,260,1874,1151,1499,1372,10,135856,10868,1881,1152,1532,1874,1149,1493,98,100,0,601,1898
spec3namd,309,261,1879,1150,1508,1378,11,135862,10868,1879,1151,1556,1873,1149,1498,98,100,0,601,1910
spec3namd,309,262,1880,1151,1515,1383,11,135856,10868,1880,1151,1541,1879,1150,1501,98,100,0,601,1907
spec3namd,309,263,1881,1151,1509,1388,11,135856,10868,1881,1152,1542,1880,1149,1504,98,100,0,601,1910
spec3namd,309,264,1880,1152,1509,1393,11,135856,10868,1881,1152,1539,1880,1150,1500,98,100,0,601,1910
spec3namd,309,265,1877,1151,1510,1398,11,135855,10868,1881,1152,1529,1875,1150,1493,98,100,0,601,1910
spec3namd,309,266,1875,1151,1508,1404,11,135853,10868,1877,1152,1529,1873,1149,1493,98,100,0,601,1910
spec3namd,309,267,1875,1150,1510,1409,11,135851,10868,1876,1152,1525,1873,1150,1494,98,100,0,601,1907
spec3namd,309,268,1875,1151,1499,1414,11,135850,10868,1878,1152,1541,1875,1149,1498,98,100,0,601,1895
spec3namd,309,269,1878,1151,1512,1419,11,135850,10868,1878,1152,1541,1873,1149,1497,98,100,0,601,1910
spec3namd,309,270,1879,1151,1504,1425,11,135850,10868,1879,1152,1540,1877,1150,1501,98,100,0,601,1910
spec3namd,309,271,1875,1152,1497,1430,11,135853,10868,1880,1152,1539,1875,1150,1496,98,100,0,601,1895
spec3namd,309,272,1873,1152,1497,1435,11,135852,10868,1877,1152,1540,1873,1150,1495,98,100,0,601,1895
spec3namd,309,273,1869,1151,1498,1440,11,135843,10867,1873,1152,1523,1869,1149,1496,98,100,0,601,1893
spec3namd,309,274,1877,1150,1504,1446,11,135843,10867,1877,1152,1539,1868,1149,1497,98,100,0,601,1910
spec3namd,309,275,1879,1150,1509,1451,11,135843,10867,1879,1152,1541,1876,1149,1503,98,100,0,601,1907
spec3namd,309,276,1880,1151,1512,1456,11,135848,10867,1881,1152,1541,1879,1149,1498,98,100,0,601,1907
spec3namd,309,277,1880,1150,1510,1461,11,135843,10867,1881,1152,1540,1880,1150,1502,98,100,0,601,1910
spec3namd,309,278,1880,1152,1508,1466,11,135843,10867,1881,1153,1538,1880,1150,1502,98,100,0,601,1907
spec3namd,309,279,1879,1152,1507,1472,11,135843,10867,1880,1153,1528,1879,1150,1502,98,100,0,601,1910
spec3namd,309,280,1877,1152,1508,1477,11,135842,10867,1880,1153,1540,1875,1150,1494,98,100,0,601,1910
spec3namd,309,281,1875,1152,1497,1482,11,135841,10867,1879,1153,1541,1875,1151,1495,98,100,0,601,1895
spec3namd,309,282,1874,1152,1498,1487,11,135840,10867,1878,1153,1539,1874,1151,1495,98,100,0,601,1895
spec3namd,309,283,1877,1151,1509,1493,11,135839,10867,1877,1153,1528,1874,1150,1492,98,100,0,601,1907
spec3namd,309,284,1870,1152,1497,1498,11,135836,10866,1878,1153,1539,1870,1149,1495,98,100,0,601,1893
spec3namd,309,285,1877,1152,1505,1503,12,135836,10866,1877,1153,1539,1870,1149,1497,98,100,0,601,1910
spec3namd,309,286,1874,1153,1497,1508,12,135840,10867,1879,1154,1512,1874,1151,1494,98,100,0,601,1895
spec3namd,309,287,1877,1153,1507,1514,12,135834,10866,1877,1153,1530,1873,1151,1493,98,100,0,601,1907
spec3namd,309,288,1880,1153,1507,1519,12,135835,10866,1880,1153,1539,1877,1151,1502,98,100,0,601,1915
spec3namd,309,289,1875,1152,1495,1524,12,135838,10867,1880,1153,1530,1875,1150,1495,98,100,0,601,1895
spec3namd,309,290,1879,1152,1510,1529,12,135833,10866,1879,1153,1534,1875,1150,1493,98,100,0,601,1913
spec3namd,309,291,1876,1152,1499,1534,12,135832,10866,1879,1153,1544,1876,1150,1491,98,100,0,601,1895
spec3namd,309,292,1874,1151,1503,1540,12,135836,10866,1877,1153,1530,1874,1151,1491,98,100,0,601,1898
spec3namd,309,293,1879,1153,1510,1545,12,135831,10866,1879,1153,1558,1874,1151,1499,98,100,0,601,1915
spec3namd,309,294,1877,1152,1498,1550,12,135831,10866,1881,1153,1530,1877,1151,1493,99,100,0,601,1895
spec3namd,309,295,1875,1152,1499,1555,12,135830,10866,1878,1153,1529,1875,1150,1492,98,100,0,601,1898
spec3namd,309,296,1875,1151,1511,1561,12,135828,10866,1875,1153,1534,1872,1150,1494,98,100,0,601,1910
spec3namd,309,297,1880,1152,1509,1566,12,135828,10866,1880,1153,1534,1875,1149,1498,98,100,0,601,1910
spec3namd,309,298,1878,1153,1510,1571,12,135828,10866,1880,1153,1540,1875,1151,1496,98,100,0,601,1913
spec3namd,309,299,1878,1152,1530,1576,12,135827,10866,1879,1153,1540,1874,1151,1494,98,100,0,601,1915
spec3namd,309,300,1877,1152,1509,1582,12,135826,10866,1879,1153,1530,1874,1151,1494,98,100,0,601,1910
spec3namd,309,301,1876,1152,1500,1587,12,135825,10866,1879,1153,1531,1876,1151,1494,98,100,0,601,1898
spec3namd,309,302,1879,1150,1512,1592,12,135825,10866,1879,1153,1534,1875,1148,1496,98,100,0,601,1910
spec3namd,309,303,1877,1150,1510,1597,12,135828,10866,1879,1152,1531,1875,1149,1492,98,100,0,601,1913
spec3namd,309,304,1877,1152,1497,1602,12,135823,10865,1880,1153,1536,1877,1150,1496,98,100,0,601,1898
spec3namd,309,305,1876,1153,1497,1608,12,135822,10865,1878,1154,1539,1875,1151,1495,98,100,0,601,1898
spec3namd,309,306,1879,1153,1507,1613,12,135822,10865,1879,1154,1538,1874,1152,1495,98,100,0,601,1910
spec3namd,309,307,1877,1153,1508,1618,12,135821,10865,1879,1154,1540,1875,1151,1490,98,100,0,601,1913
spec3namd,309,308,1709,1154,1354,1623,12,135799,10863,1879,1155,1548,1709,1152,1353,99,100,0,601,1714
Processed 309 lines from power meter
There were 0 errors in reading from the meter
