RunId,NumDataLines,SeqNum,Watts,Amps,WattHours,Cost,MoKWh,MoCost,MaxWatts,MaxVolts,MaxAmps,MinWatts,MinVolts,MinAmps,Factor,DutyCycle,PowerCycle
tas3libquantum,596,0,2014,1131,1638,10,0,142506,11400,2014,1132,1703,2010,1129,1633,98,100,0,600,2055
tas3libquantum,596,1,2014,1130,1640,16,0,143524,11481,2014,1132,1686,2013,1129,1633,98,100,0,600,2046
tas3libquantum,596,2,2024,1131,1655,21,0,144277,11542,2024,1133,1701,2014,1130,1634,97,100,0,600,2066
tas3libquantum,596,3,2021,1130,1647,27,0,144593,11567,2026,1132,1693,2021,1128,1637,98,100,0,600,2052
tas3libquantum,596,4,2019,1130,1641,33,0,144789,11583,2021,1131,1690,2018,1128,1636,98,100,0,600,2055
tas3libquantum,596,5,2019,1130,1644,38,0,144947,11595,2020,1131,1693,2018,1128,1637,98,100,0,600,2052
tas3libquantum,596,6,2027,1130,1654,44,0,145132,11610,2027,1131,1704,2019,1129,1639,97,100,0,600,2069
tas3libquantum,596,7,2031,1129,1654,49,0,145491,11639,2031,1131,1702,2027,1129,1648,98,100,0,600,2069
tas3libquantum,596,8,2027,1129,1648,55,0,145437,11635,2033,1131,1702,2027,1128,1639,98,100,0,600,2049
tas3libquantum,596,9,2023,1130,1658,61,0,145492,11639,2027,1131,1692,2023,1129,1640,98,100,0,600,2049
tas3libquantum,596,10,2021,1129,1651,66,0,145532,11642,2023,1131,1693,2021,1129,1639,98,100,0,600,2052
tas3libquantum,596,11,2023,1130,1648,72,0,145689,11655,2023,1131,1693,2021,1128,1640,98,100,0,600,2055
tas3libquantum,596,12,2032,1130,1660,78,0,145679,11654,2032,1131,1707,2022,1129,1642,98,100,0,600,2072
tas3libquantum,596,13,2030,1130,1646,83,0,145744,11659,2035,1131,1708,2030,1128,1642,98,100,0,600,2055
tas3libquantum,596,14,2025,1130,1644,89,0,145771,11661,2030,1132,1698,2025,1129,1641,98,100,0,600,2055
tas3libquantum,596,15,2034,1130,1656,95,0,145850,11668,2034,1131,1709,2025,1128,1642,98,100,0,600,2075
tas3libquantum,596,16,2037,1131,1658,100,0,145927,11674,2037,1132,1704,2034,1129,1652,98,100,0,600,2069
tas3libquantum,596,17,2038,1130,1663,106,0,145997,11679,2038,1131,1707,2036,1128,1652,98,100,0,600,2075
tas3libquantum,596,18,2039,1130,1657,112,0,146059,11684,2039,1131,1708,2038,1128,1653,98,100,0,599,2066
tas3libquantum,596,19,2038,1129,1660,117,0,146113,11689,2039,1131,1714,2037,1128,1653,98,100,0,600,2072
tas3libquantum,596,20,2037,1130,1656,123,0,146158,11692,2038,1130,1707,2036,1128,1653,98,100,0,600,2069
tas3libquantum,596,21,2033,1129,1653,129,1,146186,11694,2037,1130,1710,2033,1128,1645,98,100,0,600,2060
tas3libquantum,596,22,2028,1129,1695,134,1,146197,11695,2033,1130,1697,2028,1128,1644,98,100,0,600,2052
tas3libquantum,596,23,2027,1130,1659,140,1,146206,11696,2029,1130,1697,2027,1128,1646,98,100,0,600,2055
tas3libquantum,596,24,2029,1130,1650,146,1,146275,11702,2029,1131,1701,2027,1128,1643,98,100,0,600,2069
tas3libquantum,596,25,2030,1129,1650,151,1,146287,11703,2030,1130,1697,2029,1128,1646,98,100,0,600,2058
tas3libquantum,596,26,2031,1129,1659,157,1,146252,11700,2032,1130,1704,2029,1127,1646,98,100,0,600,2063
tas3libquantum,596,27,2034,1129,1652,163,1,146274,11701,2034,1130,1707,2031,1127,1647,98,100,0,600,2066
tas3libquantum,596,28,2044,1129,1669,168,1,146328,11706,2044,1130,1721,2034,1127,1652,97,100,0,600,2092
tas3libquantum,596,29,2040,1129,1654,174,1,146360,11708,2047,1130,1718,2040,1127,1646,98,100,0,600,2072
tas3libquantum,596,30,2036,1128,1690,180,1,146381,11710,2040,1130,1709,2036,1128,1648,99,100,0,600,2055
tas3libquantum,596,31,2040,1128,1656,185,1,146418,11713,2044,1130,1725,2036,1127,1648,98,100,0,600,2069
tas3libquantum,596,32,2038,1129,1654,191,1,146439,11715,2040,1130,1712,2036,1128,1649,98,100,0,600,2063
tas3libquantum,596,33,2040,1129,1668,197,1,146465,11717,2040,1130,1713,2037,1127,1648,98,100,0,600,2080
tas3libquantum,596,34,2041,1129,1653,203,1,146489,11719,2042,1130,1715,2038,1128,1651,98,100,0,599,2063
tas3libquantum,596,35,2037,1129,1659,208,1,146507,11720,2041,1131,1709,2037,1128,1647,98,100,0,600,2066
tas3libquantum,596,36,2044,1128,1679,214,1,146538,11723,2044,1131,1724,2037,1128,1650,97,100,0,600,2089
tas3libquantum,596,37,2041,1129,1654,220,1,146558,11724,2046,1130,1719,2041,1128,1648,98,100,0,600,2066
tas3libquantum,596,38,2037,1129,1667,225,1,146573,11725,2042,1130,1709,2037,1127,1648,98,100,0,600,2069
tas3libquantum,596,39,2036,1128,1674,231,1,146584,11726,2038,1130,1712,2035,1127,1649,99,100,0,601,2055
tas3libquantum,596,40,2037,1129,1673,237,1,146600,11728,2038,1130,1720,2035,1127,1652,98,100,0,601,2075
tas3libquantum,596,41,2038,1129,1653,242,1,146613,11729,2040,1130,1712,2037,1127,1649,98,100,0,601,2066
tas3libquantum,596,42,2035,1127,1660,248,1,146620,11729,2038,1130,1710,2035,1126,1650,98,100,0,601,2066
tas3libquantum,596,43,2046,1127,1669,254,2,146651,11732,2046,1130,1729,2035,1127,1659,98,100,0,601,2086
tas3libquantum,596,44,2039,1128,1657,259,2,146692,11735,2046,1130,1713,2039,1127,1652,98,100,0,601,2060
tas3libquantum,596,45,2038,1128,1664,265,2,146671,11733,2040,1129,1712,2037,1126,1653,98,100,0,601,2069
tas3libquantum,596,46,2036,1128,1659,271,2,146678,11734,2038,1129,1712,2035,1127,1651,98,100,0,601,2066
tas3libquantum,596,47,2041,1127,1685,276,2,146724,11737,2041,1129,1719,2035,1126,1653,98,100,0,601,2080
tas3libquantum,596,48,2042,1126,1656,282,2,146713,11737,2045,1128,1724,2041,1126,1652,98,100,0,601,2069
tas3libquantum,596,49,2047,1128,1670,288,2,146767,11741,2049,1129,1724,2041,1126,1654,98,100,0,601,2075
tas3libquantum,596,50,2038,1128,1673,293,2,146773,11741,2047,1130,1722,2038,1127,1651,98,100,0,601,2063
tas3libquantum,596,51,2035,1127,1656,299,2,146776,11742,2039,1129,1716,2035,1125,1652,99,100,0,601,2055
tas3libquantum,596,52,2035,1127,1665,305,2,146780,11742,2036,1128,1723,2034,1125,1653,98,100,0,601,2063
tas3libquantum,596,53,2041,1126,1668,310,2,146764,11741,2041,1128,1727,2034,1123,1654,97,100,0,601,2086
tas3libquantum,596,54,2045,1127,1676,316,2,146783,11742,2046,1129,1725,2041,1126,1663,98,100,0,601,2077
tas3libquantum,596,55,2045,1129,1669,322,2,146796,11743,2046,1130,1720,2039,1127,1652,98,100,0,601,2086
tas3libquantum,596,56,2043,1127,1664,327,2,146806,11744,2045,1130,1726,2040,1127,1652,98,100,0,601,2077
tas3libquantum,596,57,2040,1128,1688,333,2,146819,11745,2046,1129,1718,2040,1126,1653,99,100,0,601,2060
tas3libquantum,596,58,2041,1128,1671,339,2,146851,11748,2042,1129,1723,2037,1127,1652,98,100,0,601,2072
tas3libquantum,596,59,2049,1127,1680,344,2,146875,11750,2049,1129,1731,2041,1127,1662,98,100,0,601,2080
tas3libquantum,596,60,2054,1128,1681,350,2,146876,11750,2054,1129,1731,2049,1126,1664,98,100,0,601,2083
tas3libquantum,596,61,2049,1128,1680,356,2,146891,11751,2054,1129,1731,2047,1127,1655,98,100,0,601,2080
tas3libquantum,596,62,2053,1128,1681,362,2,146914,11753,2053,1129,1730,2049,1126,1662,98,100,0,601,2089
tas3libquantum,596,63,2043,1129,1653,367,2,146922,11753,2053,1130,1713,2043,1127,1651,98,100,0,601,2066
tas3libquantum,596,64,2038,1129,1656,373,2,146925,11754,2043,1130,1712,2038,1128,1651,98,100,0,601,2072
tas3libquantum,596,65,2039,1127,1657,379,3,146931,11754,2040,1130,1721,2038,1127,1651,98,100,0,601,2069
tas3libquantum,596,66,2046,1129,1669,384,3,146947,11755,2046,1130,1724,2039,1127,1654,98,100,0,600,2077
tas3libquantum,596,67,2050,1128,1677,390,3,146964,11757,2050,1130,1722,2046,1128,1663,97,100,0,600,2092
tas3libquantum,596,68,2044,1128,1657,396,3,146972,11757,2050,1129,1718,2044,1127,1651,98,100,0,599,2066
tas3libquantum,596,69,2039,1130,1660,402,3,146976,11758,2044,1130,1713,2039,1127,1650,98,100,0,600,2080
tas3libquantum,596,70,2039,1129,1654,407,3,146979,11758,2040,1130,1711,2038,1128,1652,98,100,0,600,2069
tas3libquantum,596,71,2038,1131,1663,413,3,146982,11758,2039,1131,1711,2037,1129,1651,98,100,0,600,2072
tas3libquantum,596,72,2039,1130,1659,419,3,147007,11760,2039,1131,1713,2037,1128,1653,98,100,0,600,2077
tas3libquantum,596,73,2039,1129,1654,424,3,146990,11759,2040,1131,1711,2038,1128,1652,98,100,0,600,2072
tas3libquantum,596,74,2041,1130,1655,430,3,146997,11759,2042,1131,1715,2038,1129,1650,98,100,0,600,2075
tas3libquantum,596,75,2039,1131,1653,436,3,147000,11760,2041,1131,1712,2038,1129,1651,98,100,0,600,2069
tas3libquantum,596,76,2039,1130,1665,441,3,147004,11760,2040,1131,1712,2038,1129,1650,98,100,0,600,2080
tas3libquantum,596,77,2042,1130,1654,447,3,147010,11760,2042,1131,1711,2038,1128,1651,98,100,0,600,2077
tas3libquantum,596,78,2046,1130,1673,453,3,147020,11761,2046,1131,1720,2040,1129,1654,98,100,0,600,2083
tas3libquantum,596,79,2051,1131,1666,458,3,147036,11762,2051,1132,1722,2046,1129,1661,98,100,0,600,2089
tas3libquantum,596,80,2048,1130,1663,464,3,147046,11763,2052,1131,1720,2046,1128,1653,98,100,0,600,2083
tas3libquantum,596,81,2049,1130,1673,470,3,147060,11764,2052,1132,1720,2048,1129,1652,98,100,0,599,2075
tas3libquantum,596,82,2045,1130,1695,476,3,147069,11765,2050,1131,1723,2045,1128,1651,99,100,0,600,2063
tas3libquantum,596,83,2042,1130,1672,481,3,147090,11767,2045,1131,1712,2041,1129,1651,98,100,0,600,2072
tas3libquantum,596,84,2042,1130,1659,487,3,147076,11766,2042,1131,1712,2040,1128,1650,98,100,0,600,2069
tas3libquantum,596,85,2039,1129,1667,493,3,147078,11766,2042,1131,1711,2039,1129,1651,98,100,0,599,2069
tas3libquantum,596,86,2040,1130,1658,498,3,147081,11766,2040,1131,1712,2038,1129,1650,98,100,0,600,2077
tas3libquantum,596,87,2039,1131,1674,504,4,147083,11766,2040,1131,1708,2037,1129,1651,98,100,0,600,2066
tas3libquantum,596,88,2039,1130,1662,510,4,147085,11766,2041,1131,1713,2038,1129,1650,98,100,0,600,2069
tas3libquantum,596,89,2045,1129,1670,515,4,147095,11767,2047,1131,1723,2039,1128,1654,99,100,0,599,2063
tas3libquantum,596,90,2049,1129,1676,521,4,147107,11768,2049,1131,1723,2044,1128,1653,98,100,0,600,2086
tas3libquantum,596,91,2050,1129,1671,527,4,147115,11769,2051,1131,1726,2045,1128,1652,98,100,0,600,2080
tas3libquantum,596,92,2041,1130,1669,533,4,147117,11769,2050,1131,1710,2041,1128,1652,98,100,0,600,2069
tas3libquantum,596,93,2047,1130,1703,538,4,147126,11770,2047,1131,1723,2040,1129,1652,97,100,0,600,2089
tas3libquantum,596,94,2043,1130,1673,544,4,147130,11770,2049,1131,1711,2043,1128,1649,98,100,0,600,2069
tas3libquantum,596,95,2049,1129,1672,550,4,147141,11771,2051,1131,1721,2042,1129,1652,98,100,0,600,2083
tas3libquantum,596,96,2048,1130,1659,555,4,147150,11772,2052,1131,1718,2048,1128,1655,98,100,0,600,2077
tas3libquantum,596,97,2040,1130,1666,561,4,147150,11772,2048,1131,1708,2040,1129,1651,98,100,0,600,2069
tas3libquantum,596,98,2051,1130,1666,567,4,147161,11772,2051,1131,1721,2040,1129,1656,97,100,0,600,2097
tas3libquantum,596,99,2050,1130,1678,573,4,147170,11773,2053,1131,1721,2049,1129,1661,98,100,0,600,2077
tas3libquantum,596,100,2053,1130,1670,578,4,147182,11774,2053,1131,1724,2050,1128,1660,98,100,0,600,2086
tas3libquantum,596,101,2052,1130,1665,584,4,147191,11775,2053,1131,1721,2050,1129,1661,98,100,0,600,2086
tas3libquantum,596,102,2044,1130,1662,590,4,147195,11775,2052,1131,1720,2044,1129,1650,98,100,0,600,2075
tas3libquantum,596,103,2040,1130,1653,595,4,147209,11776,2044,1132,1707,2040,1129,1651,98,100,0,600,2066
tas3libquantum,596,104,2039,1130,1658,601,4,147196,11775,2040,1131,1711,2038,1129,1650,98,100,0,600,2080
tas3libquantum,596,105,2050,1130,1671,607,4,147206,11776,2050,1131,1721,2039,1129,1654,98,100,0,600,2089
tas3libquantum,596,106,2052,1130,1673,613,4,147217,11777,2053,1131,1720,2050,1128,1664,98,100,0,600,2086
tas3libquantum,596,107,2047,1130,1697,618,4,147222,11777,2053,1131,1716,2047,1130,1652,98,100,0,599,2075
tas3libquantum,596,108,2051,1130,1681,624,4,147243,11779,2051,1131,1714,2044,1129,1655,98,100,0,600,2086
tas3libquantum,596,109,2055,1130,1675,630,5,147242,11779,2055,1131,1724,2051,1128,1664,98,100,0,599,2089
tas3libquantum,596,110,2047,1129,1655,635,5,147245,11779,2055,1131,1717,2047,1128,1653,98,100,0,600,2069
tas3libquantum,596,111,2047,1130,1689,641,5,147264,11781,2047,1131,1722,2045,1127,1652,97,100,0,600,2089
tas3libquantum,596,112,2051,1130,1664,647,5,147258,11780,2051,1131,1722,2047,1128,1660,98,100,0,600,2080
tas3libquantum,596,113,2044,1130,1658,652,5,147273,11781,2051,1131,1708,2043,1129,1650,98,100,0,600,2077
tas3libquantum,596,114,2044,1129,1671,658,5,147279,11782,2049,1131,1720,2044,1129,1652,99,100,0,600,2060
tas3libquantum,596,115,2040,1130,1669,664,5,147267,11781,2044,1131,1712,2040,1128,1651,98,100,0,600,2069
tas3libquantum,596,116,2039,1130,1654,669,5,147266,11781,2041,1131,1709,2038,1128,1650,98,100,0,599,2063
tas3libquantum,596,117,2040,1129,1664,675,5,147279,11782,2040,1131,1712,2037,1129,1650,97,100,0,600,2083
tas3libquantum,596,118,2037,1129,1675,681,5,147265,11781,2040,1131,1707,2037,1129,1648,98,100,0,600,2069
tas3libquantum,596,119,2043,1130,1665,686,5,147267,11781,2043,1130,1720,2036,1128,1648,98,100,0,600,2080
tas3libquantum,596,120,2040,1129,1661,692,5,147269,11781,2046,1131,1714,2040,1129,1649,98,100,0,600,2069
tas3libquantum,596,121,2042,1129,1664,698,5,147270,11781,2042,1130,1715,2037,1128,1648,98,100,0,600,2080
tas3libquantum,596,122,2043,1128,1707,703,5,147285,11782,2046,1130,1712,2042,1128,1649,98,100,0,600,2069
tas3libquantum,596,123,2045,1129,1678,709,5,147276,11782,2045,1130,1721,2039,1128,1652,98,100,0,600,2077
tas3libquantum,596,124,2045,1129,1675,715,5,147279,11782,2045,1130,1722,2043,1127,1653,98,100,0,600,2080
tas3libquantum,596,125,2052,1129,1665,721,5,147299,11783,2052,1130,1721,2045,1128,1663,98,100,0,600,2086
tas3libquantum,596,126,2044,1127,1666,726,5,147289,11783,2052,1130,1714,2043,1126,1653,98,100,0,599,2083
tas3libquantum,596,127,2048,1129,1668,732,5,147305,11784,2048,1130,1720,2043,1127,1654,98,100,0,599,2080
tas3libquantum,596,128,2052,1127,1674,738,5,147302,11784,2053,1130,1723,2048,1127,1664,98,100,0,600,2092
tas3libquantum,596,129,2055,1128,1669,743,5,147311,11784,2055,1129,1728,2052,1126,1666,98,100,0,600,2086
tas3libquantum,596,130,2043,1129,1663,749,5,147311,11784,2055,1130,1718,2043,1126,1655,98,100,0,600,2072
tas3libquantum,596,131,2048,1128,1668,755,6,147317,11785,2049,1130,1721,2043,1126,1657,98,100,0,600,2077
tas3libquantum,596,132,2041,1126,1712,761,6,147318,11785,2048,1128,1715,2041,1126,1653,98,100,0,600,2069
tas3libquantum,596,133,2037,1128,1664,766,6,147316,11785,2042,1129,1712,2037,1126,1652,98,100,0,600,2058
tas3libquantum,596,134,2047,1127,1668,772,6,147333,11786,2047,1129,1721,2037,1126,1651,98,100,0,600,2083
tas3libquantum,596,135,2045,1127,1678,778,6,147337,11786,2051,1128,1723,2045,1126,1654,99,100,0,600,2058
tas3libquantum,596,136,2041,1127,1670,783,6,147327,11786,2046,1128,1724,2041,1124,1657,98,100,0,600,2063
tas3libquantum,596,137,2047,1127,1661,789,6,147331,11786,2048,1128,1723,2041,1126,1660,98,100,0,600,2075
tas3libquantum,596,138,2051,1128,1679,795,6,147337,11787,2051,1128,1724,2045,1126,1655,98,100,0,600,2089
tas3libquantum,596,139,2051,1127,1666,801,6,147343,11787,2052,1128,1727,2050,1126,1664,98,100,0,600,2080
tas3libquantum,596,140,2045,1128,1701,806,6,147346,11787,2052,1129,1721,2045,1127,1653,98,100,0,600,2072
tas3libquantum,596,141,2039,1129,1656,812,6,147345,11787,2045,1129,1710,2039,1127,1652,99,100,0,600,2055
tas3libquantum,596,142,2047,1128,1678,818,6,147350,11788,2047,1129,1725,2039,1127,1656,98,100,0,600,2075
tas3libquantum,596,143,2044,1129,1667,823,6,147352,11788,2050,1130,1723,2043,1127,1651,98,100,0,600,2080
tas3libquantum,596,144,2038,1129,1657,829,6,147350,11788,2044,1130,1712,2038,1127,1651,98,100,0,599,2063
tas3libquantum,596,145,2039,1128,1658,835,6,147349,11787,2040,1129,1720,2037,1127,1653,98,100,0,600,2075
tas3libquantum,596,146,2043,1127,1664,840,6,147350,11788,2043,1129,1725,2037,1126,1652,98,100,0,600,2077
tas3libquantum,596,147,2048,1128,1673,846,6,147355,11788,2048,1129,1724,2043,1127,1663,98,100,0,600,2089
tas3libquantum,596,148,2050,1127,1669,852,6,147359,11788,2051,1129,1721,2048,1124,1663,98,100,0,600,2083
tas3libquantum,596,149,2053,1127,1673,858,6,147366,11789,2053,1128,1726,2050,1126,1664,98,100,0,600,2092
tas3libquantum,596,150,2051,1128,1669,863,6,147371,11789,2054,1130,1725,2049,1126,1652,98,100,0,600,2083
tas3libquantum,596,151,2050,1129,1680,869,6,147376,11790,2051,1130,1725,2049,1127,1664,98,100,0,600,2072
tas3libquantum,596,152,2053,1128,1670,875,7,147382,11790,2053,1130,1723,2050,1127,1664,98,100,0,601,2083
tas3libquantum,596,153,2052,1128,1678,880,7,147387,11791,2053,1129,1723,2052,1126,1666,98,100,0,600,2077
tas3libquantum,596,154,2054,1127,1681,886,7,147394,11791,2055,1129,1727,2052,1126,1663,98,100,0,600,2089
tas3libquantum,596,155,2050,1128,1663,892,7,147398,11791,2054,1129,1725,2050,1126,1655,99,100,0,600,2069
tas3libquantum,596,156,2042,1127,1666,898,7,147397,11791,2050,1129,1714,2040,1125,1654,98,100,0,600,2077
tas3libquantum,596,157,2040,1127,1659,903,7,147405,11792,2042,1129,1711,2038,1126,1653,98,100,0,599,2072
tas3libquantum,596,158,2044,1128,1680,909,7,147397,11791,2044,1129,1718,2038,1126,1654,98,100,0,600,2083
tas3libquantum,596,159,2052,1128,1674,915,7,147404,11792,2052,1129,1727,2044,1126,1662,98,100,0,600,2092
tas3libquantum,596,160,2047,1127,1679,920,7,147415,11793,2053,1129,1720,2045,1126,1655,98,100,0,600,2080
tas3libquantum,596,161,2042,1129,1684,926,7,147406,11792,2048,1129,1714,2042,1125,1654,98,100,0,600,2069
tas3libquantum,596,162,2039,1128,1658,932,7,147414,11793,2043,1129,1713,2039,1126,1655,98,100,0,600,2060
tas3libquantum,596,163,2039,1128,1675,937,7,147404,11792,2040,1129,1714,2038,1126,1652,98,100,0,599,2069
tas3libquantum,596,164,2039,1127,1674,943,7,147404,11792,2041,1129,1712,2039,1127,1655,98,100,0,600,2066
tas3libquantum,596,165,2037,1129,1658,949,7,147402,11792,2039,1130,1711,2037,1127,1653,98,100,0,601,2058
tas3libquantum,596,166,2038,1128,1659,954,7,147401,11792,2038,1129,1712,2036,1126,1653,98,100,0,601,2072
tas3libquantum,596,167,2037,1128,1667,960,7,147400,11792,2039,1128,1712,2037,1126,1654,98,100,0,601,2063
tas3libquantum,596,168,2038,1128,1668,966,7,147407,11792,2039,1129,1714,2037,1127,1653,98,100,0,601,2075
tas3libquantum,596,169,2038,1127,1662,971,7,147406,11792,2040,1128,1713,2037,1125,1653,98,100,0,600,2063
tas3libquantum,596,170,2043,1129,1680,977,7,147399,11791,2043,1129,1715,2037,1126,1654,98,100,0,600,2080
tas3libquantum,596,171,2051,1128,1676,983,7,147405,11792,2051,1129,1726,2043,1126,1663,98,100,0,600,2089
tas3libquantum,596,172,2045,1128,1657,988,7,147406,11792,2052,1128,1723,2045,1126,1655,98,100,0,600,2066
tas3libquantum,596,173,2051,1127,1681,994,7,147411,11792,2051,1129,1725,2044,1127,1655,98,100,0,600,2089
tas3libquantum,596,174,2042,1128,1656,1000,8,147419,11793,2052,1130,1727,2042,1127,1650,98,100,0,600,2066
tas3libquantum,596,175,2044,1128,1675,1006,8,147411,11792,2044,1129,1726,2040,1127,1653,97,100,0,600,2089
tas3libquantum,596,176,2043,1129,1653,1011,8,147412,11793,2047,1129,1720,2043,1126,1652,98,100,0,600,2075
tas3libquantum,596,177,2037,1129,1659,1017,8,147418,11793,2043,1130,1705,2037,1127,1650,98,100,0,600,2063
tas3libquantum,596,178,2046,1129,1666,1023,8,147413,11793,2046,1129,1718,2037,1127,1653,98,100,0,599,2077
tas3libquantum,596,179,2047,1128,1661,1028,8,147416,11793,2048,1129,1731,2045,1127,1655,98,100,0,600,2080
tas3libquantum,596,180,2049,1129,1666,1034,8,147418,11793,2049,1130,1726,2046,1127,1654,98,100,0,600,2077
tas3libquantum,596,181,2049,1129,1660,1040,8,147422,11793,2051,1130,1720,2048,1128,1655,98,100,0,600,2083
tas3libquantum,596,182,2050,1129,1684,1045,8,147426,11794,2051,1130,1724,2048,1128,1658,98,100,0,600,2077
tas3libquantum,596,183,2046,1130,1653,1051,8,147428,11794,2053,1130,1725,2046,1127,1652,99,100,0,600,2055
tas3libquantum,596,184,2043,1129,1656,1057,8,147428,11794,2046,1130,1711,2041,1127,1651,98,100,0,600,2077
tas3libquantum,596,185,2039,1129,1660,1063,8,147427,11794,2043,1130,1712,2039,1127,1652,98,100,0,600,2063
tas3libquantum,596,186,2040,1129,1657,1068,8,147426,11794,2041,1130,1721,2037,1127,1651,98,100,0,600,2077
tas3libquantum,596,187,2038,1128,1656,1074,8,147424,11793,2040,1130,1715,2037,1127,1651,98,100,0,600,2063
tas3libquantum,596,188,2037,1128,1658,1080,8,147423,11793,2038,1129,1710,2036,1127,1652,98,100,0,601,2069
tas3libquantum,596,189,2038,1129,1656,1085,8,147422,11793,2038,1129,1714,2037,1127,1653,98,100,0,601,2066
tas3libquantum,596,190,2038,1128,1664,1091,8,147428,11794,2039,1130,1712,2036,1127,1652,98,100,0,600,2075
tas3libquantum,596,191,2039,1128,1661,1097,8,147420,11793,2039,1129,1712,2037,1126,1654,98,100,0,600,2075
tas3libquantum,596,192,2037,1128,1665,1102,8,147419,11793,2039,1129,1711,2037,1127,1653,98,100,0,600,2063
tas3libquantum,596,193,2039,1128,1683,1108,8,147418,11793,2040,1129,1714,2037,1127,1651,98,100,0,600,2069
tas3libquantum,596,194,2039,1127,1666,1114,8,147418,11793,2041,1129,1713,2038,1127,1654,98,100,0,600,2060
tas3libquantum,596,195,2040,1128,1666,1119,8,147418,11793,2042,1128,1713,2038,1125,1654,98,100,0,600,2069
tas3libquantum,596,196,2047,1127,1658,1125,9,147428,11794,2047,1129,1728,2040,1126,1657,98,100,0,600,2077
tas3libquantum,596,197,2041,1128,1658,1131,9,147419,11793,2047,1128,1715,2041,1126,1654,98,100,0,600,2066
tas3libquantum,596,198,2040,1127,1669,1136,9,147426,11794,2041,1128,1714,2039,1125,1654,98,100,0,600,2077
tas3libquantum,596,199,2038,1126,1659,1142,9,147418,11793,2040,1129,1713,2038,1124,1654,98,100,0,600,2066
tas3libquantum,596,200,2049,1127,1679,1148,9,147422,11793,2049,1127,1729,2038,1125,1655,97,100,0,600,2092
tas3libquantum,596,201,2050,1127,1657,1154,9,147433,11794,2053,1128,1726,2049,1125,1657,98,100,0,600,2075
tas3libquantum,596,202,2041,1128,1658,1159,9,147425,11794,2050,1129,1710,2041,1126,1655,98,100,0,599,2069
tas3libquantum,596,203,2050,1127,1671,1165,9,147429,11794,2050,1129,1727,2041,1126,1656,97,100,0,600,2092
tas3libquantum,596,204,2045,1127,1659,1171,9,147430,11794,2050,1129,1721,2045,1126,1654,98,100,0,600,2069
tas3libquantum,596,205,2041,1129,1664,1176,9,147437,11794,2045,1129,1711,2040,1127,1652,98,100,0,600,2075
tas3libquantum,596,206,2039,1127,1659,1182,9,147428,11794,2041,1129,1713,2039,1126,1654,98,100,0,600,2066
tas3libquantum,596,207,2040,1128,1672,1188,9,147428,11794,2040,1129,1714,2038,1126,1654,98,100,0,600,2080
tas3libquantum,596,208,2041,1128,1667,1193,9,147428,11794,2041,1129,1714,2039,1127,1654,98,100,0,600,2075
tas3libquantum,596,209,2038,1127,1670,1199,9,147427,11794,2041,1129,1714,2038,1127,1651,98,100,0,600,2063
tas3libquantum,596,210,2049,1129,1677,1205,9,147430,11794,2049,1129,1724,2038,1127,1657,97,100,0,600,2092
tas3libquantum,596,211,2046,1130,1654,1211,9,147432,11794,2051,1130,1725,2046,1127,1651,98,100,0,600,2075
tas3libquantum,596,212,2046,1129,1673,1216,9,147433,11794,2046,1130,1723,2042,1128,1652,97,100,0,600,2092
tas3libquantum,596,213,2051,1129,1672,1222,9,147437,11795,2051,1130,1725,2046,1128,1661,98,100,0,600,2083
tas3libquantum,596,214,2051,1130,1676,1228,9,147440,11795,2052,1131,1724,2050,1128,1661,98,100,0,600,2083
tas3libquantum,596,215,2049,1130,1653,1233,9,147443,11795,2053,1131,1719,2049,1128,1652,98,100,0,600,2075
tas3libquantum,596,216,2045,1129,1680,1239,9,147443,11795,2049,1131,1713,2042,1128,1652,98,100,0,600,2083
tas3libquantum,596,217,2043,1130,1672,1245,9,147444,11795,2049,1131,1721,2043,1128,1652,98,100,0,600,2066
tas3libquantum,596,218,2039,1130,1653,1251,10,147450,11796,2043,1130,1710,2039,1128,1651,98,100,0,600,2066
tas3libquantum,596,219,2038,1130,1671,1256,10,147449,11795,2039,1130,1708,2038,1128,1651,98,100,0,600,2066
tas3libquantum,596,220,2044,1130,1669,1262,10,147443,11795,2044,1131,1722,2038,1128,1652,98,100,0,600,2083
tas3libquantum,596,221,2048,1129,1680,1268,10,147446,11795,2049,1131,1723,2044,1127,1660,98,100,0,600,2077
tas3libquantum,596,222,2052,1130,1676,1273,10,147450,11796,2052,1130,1721,2048,1128,1662,98,100,0,601,2092
tas3libquantum,596,223,2043,1130,1659,1279,10,147450,11796,2052,1131,1713,2043,1128,1653,98,100,0,601,2066
tas3libquantum,596,224,2044,1129,1660,1285,10,147451,11796,2048,1131,1724,2042,1129,1649,98,100,0,600,2080
tas3libquantum,596,225,2040,1128,1692,1290,10,147450,11796,2044,1131,1714,2040,1128,1651,99,100,0,600,2060
tas3libquantum,596,226,2045,1129,1679,1296,10,147451,11796,2045,1130,1717,2038,1128,1653,98,100,0,600,2077
tas3libquantum,596,227,2054,1129,1680,1302,10,147456,11796,2054,1130,1726,2045,1128,1665,98,100,0,600,2092
tas3libquantum,596,228,2053,1129,1668,1308,10,147460,11796,2056,1130,1729,2053,1127,1663,98,100,0,600,2083
tas3libquantum,596,229,2055,1128,1683,1313,10,147464,11797,2056,1129,1728,2053,1126,1664,98,100,0,600,2092
tas3libquantum,596,230,2055,1129,1668,1319,10,147469,11797,2057,1130,1724,2054,1127,1665,98,100,0,600,2083
tas3libquantum,596,231,2053,1129,1675,1325,10,147472,11797,2055,1130,1722,2052,1128,1662,98,100,0,600,2089
tas3libquantum,596,232,2050,1129,1653,1330,10,147474,11797,2054,1131,1722,2050,1128,1649,99,100,0,600,2069
tas3libquantum,596,233,2040,1129,1690,1336,10,147473,11797,2050,1131,1717,2040,1128,1650,98,100,0,600,2063
tas3libquantum,596,234,2038,1129,1680,1342,10,147472,11797,2041,1130,1710,2038,1128,1649,98,100,0,599,2066
tas3libquantum,596,235,2044,1129,1681,1347,10,147473,11797,2044,1130,1719,2037,1128,1652,98,100,0,600,2077
tas3libquantum,596,236,2043,1129,1708,1353,10,147474,11797,2048,1130,1719,2043,1128,1653,98,100,0,600,2072
tas3libquantum,596,237,2042,1128,1662,1359,10,147474,11797,2044,1130,1709,2041,1128,1653,98,100,0,600,2075
tas3libquantum,596,238,2049,1130,1655,1364,10,147476,11798,2049,1130,1721,2041,1128,1654,98,100,0,599,2075
tas3libquantum,596,239,2044,1128,1667,1370,10,147477,11798,2049,1130,1712,2042,1127,1653,98,100,0,599,2080
tas3libquantum,596,240,2041,1128,1657,1376,11,147476,11798,2044,1130,1708,2040,1128,1650,98,100,0,599,2069
tas3libquantum,596,241,2039,1127,1668,1381,11,147475,11798,2041,1130,1712,2038,1127,1652,98,100,0,600,2075
tas3libquantum,596,242,2041,1132,1652,1387,11,147475,11798,2042,1134,1713,2039,1127,1647,98,100,0,600,2069
tas3libquantum,596,243,2048,1134,1668,1393,11,147478,11798,2048,1135,1714,2039,1132,1647,97,100,0,600,2092
tas3libquantum,596,244,2053,1135,1659,1399,11,147481,11798,2053,1136,1713,2048,1134,1653,97,100,0,600,2097
tas3libquantum,596,245,2050,1135,1658,1404,11,147483,11798,2053,1137,1709,2050,1134,1651,98,100,0,600,2080
tas3libquantum,596,246,2050,1135,1671,1410,11,147486,11798,2051,1136,1712,2049,1133,1654,98,100,0,600,2080
tas3libquantum,596,247,2042,1135,1649,1416,11,147485,11798,2050,1136,1698,2042,1134,1641,98,100,0,600,2063
tas3libquantum,596,248,2040,1135,1648,1421,11,147484,11798,2042,1137,1700,2039,1134,1643,98,100,0,600,2075
tas3libquantum,596,249,2044,1135,1658,1427,11,147485,11798,2044,1136,1711,2038,1134,1644,98,100,0,600,2083
tas3libquantum,596,250,2041,1134,1665,1433,11,147485,11798,2046,1136,1704,2041,1134,1644,98,100,0,600,2069
tas3libquantum,596,251,2040,1135,1647,1439,11,147484,11798,2043,1137,1700,2040,1134,1644,98,100,0,600,2077
tas3libquantum,596,252,2037,1136,1656,1444,11,147483,11798,2040,1137,1696,2037,1135,1641,98,100,0,600,2069
tas3libquantum,596,253,2038,1139,1655,1450,11,147482,11798,2039,1140,1698,2037,1135,1638,98,100,0,600,2075
tas3libquantum,596,254,2043,1140,1656,1456,11,147483,11798,2044,1140,1701,2038,1137,1636,98,100,0,599,2075
tas3libquantum,596,255,2045,1139,1657,1461,11,147483,11798,2045,1141,1697,2042,1138,1640,97,100,0,600,2089
tas3libquantum,596,256,2050,1138,1652,1467,11,147492,11799,2050,1140,1711,2045,1137,1649,97,100,0,600,2092
tas3libquantum,596,257,2049,1138,1660,1473,11,147488,11799,2052,1139,1708,2049,1137,1650,98,100,0,599,2075
tas3libquantum,596,258,2049,1138,1659,1478,11,147491,11799,2053,1139,1705,2049,1137,1646,98,100,0,600,2077
tas3libquantum,596,259,2046,1138,1654,1484,11,147491,11799,2049,1139,1706,2043,1137,1639,98,100,0,599,2083
tas3libquantum,596,260,2053,1140,1657,1490,11,147500,11800,2053,1140,1710,2046,1137,1650,97,100,0,600,2095
tas3libquantum,596,261,2054,1139,1657,1496,11,147498,11799,2054,1140,1710,2052,1138,1646,98,100,0,600,2092
tas3libquantum,596,262,2052,1139,1661,1501,12,147506,11800,2055,1140,1709,2052,1138,1649,98,100,0,599,2083
tas3libquantum,596,263,2049,1139,1665,1507,12,147502,11800,2053,1139,1708,2045,1137,1640,97,100,0,600,2095
tas3libquantum,596,264,2041,1138,1683,1513,12,147507,11800,2050,1139,1701,2041,1137,1640,98,100,0,600,2063
tas3libquantum,596,265,2040,1138,1660,1518,12,147501,11800,2043,1139,1695,2040,1137,1640,98,100,0,599,2069
tas3libquantum,596,266,2044,1137,1654,1524,12,147501,11800,2044,1138,1710,2038,1136,1640,97,100,0,600,2086
tas3libquantum,596,267,2041,1137,1646,1530,12,147501,11800,2046,1138,1701,2041,1136,1640,98,100,0,600,2077
tas3libquantum,596,268,2040,1137,1645,1535,12,147501,11800,2041,1138,1697,2039,1135,1641,98,100,0,599,2075
tas3libquantum,596,269,2039,1137,1655,1541,12,147500,11800,2040,1138,1699,2037,1135,1640,97,100,0,599,2086
tas3libquantum,596,270,2049,1137,1698,1547,12,147502,11800,2049,1138,1707,2039,1136,1646,98,100,0,600,2083
tas3libquantum,596,271,2047,1138,1676,1553,12,147504,11800,2049,1138,1709,2046,1136,1639,98,100,0,600,2077
tas3libquantum,596,272,2051,1138,1663,1558,12,147506,11800,2051,1139,1706,2047,1136,1649,98,100,0,599,2086
tas3libquantum,596,273,2047,1138,1643,1564,12,147507,11800,2053,1139,1712,2047,1136,1641,98,100,0,599,2069
tas3libquantum,596,274,2043,1137,1658,1570,12,147507,11800,2047,1138,1698,2042,1136,1639,98,100,0,599,2075
tas3libquantum,596,275,2044,1137,1665,1575,12,147507,11800,2044,1137,1708,2040,1135,1639,98,100,0,600,2083
tas3libquantum,596,276,2046,1136,1653,1581,12,147514,11801,2048,1137,1709,2044,1134,1643,98,100,0,600,2072
tas3libquantum,596,277,2040,1138,1642,1587,12,147508,11800,2046,1138,1699,2040,1135,1640,98,100,0,600,2075
tas3libquantum,596,278,2046,1134,1689,1593,12,147514,11801,2046,1138,1708,2039,1134,1640,98,100,0,600,2083
tas3libquantum,596,279,2043,1137,1657,1598,12,147509,11800,2049,1138,1707,2043,1134,1641,99,100,0,600,2060
tas3libquantum,596,280,2039,1136,1653,1604,12,147508,11800,2043,1138,1694,2039,1135,1640,98,100,0,600,2072
tas3libquantum,596,281,2039,1138,1650,1610,12,147507,11800,2041,1138,1695,2038,1136,1640,98,100,0,600,2063
tas3libquantum,596,282,2042,1136,1660,1615,12,147507,11800,2042,1138,1710,2037,1135,1640,97,100,0,600,2089
tas3libquantum,596,283,2048,1137,1653,1621,12,147509,11800,2048,1139,1709,2042,1136,1649,98,100,0,600,2077
tas3libquantum,596,284,2046,1138,1663,1627,13,147511,11800,2051,1139,1711,2046,1136,1642,98,100,0,600,2069
tas3libquantum,596,285,2037,1136,1662,1632,13,147514,11801,2046,1138,1717,2037,1134,1637,98,100,0,601,2058
tas3libquantum,596,286,2045,1135,1651,1638,13,147515,11801,2045,1137,1706,2037,1134,1644,98,100,0,601,2072
tas3libquantum,596,287,2037,1136,1644,1644,13,147508,11800,2045,1137,1695,2037,1134,1639,98,100,0,601,2069
tas3libquantum,596,288,2006,1135,1632,1649,13,147497,11799,2037,1137,1700,2006,1135,1576,99,100,0,601,2018
tas3libquantum,596,289,2021,1135,1652,1655,13,147493,11799,2021,1137,1701,2000,1134,1587,97,100,0,601,2069
tas3libquantum,596,290,1696,1138,1376,1660,13,147420,11793,2022,1139,1693,1691,1134,1376,97,100,0,601,1736
tas3libquantum,596,291,2048,1136,1685,1665,13,147405,11792,2051,1138,1722,1696,1135,1375,99,100,0,601,2060
tas3libquantum,596,292,2050,1136,1672,1671,13,147407,11792,2050,1139,1707,2048,1135,1580,98,100,0,601,2086
tas3libquantum,596,293,2050,1138,1677,1677,13,147410,11792,2052,1139,1710,2050,1134,1582,98,100,0,601,2080
tas3libquantum,596,294,2051,1138,1657,1682,13,147418,11793,2054,1139,1714,2050,1135,1582,98,100,0,601,2072
tas3libquantum,596,295,2053,1137,1695,1688,13,147416,11793,2054,1138,1713,2050,1136,1583,98,100,0,601,2089
tas3libquantum,596,296,2057,1137,1664,1694,13,147425,11794,2061,1138,1725,2052,1135,1584,99,100,0,601,2077
tas3libquantum,596,297,2061,1137,1676,1700,13,147425,11794,2061,1139,1728,2054,1136,1582,97,100,0,601,2112
tas3libquantum,596,298,2057,1137,1658,1705,13,147428,11794,2063,1139,1723,2057,1135,1587,98,100,0,601,2089
tas3libquantum,596,299,2055,1139,1642,1711,13,147431,11794,2057,1139,1711,2053,1136,1583,98,100,0,601,2095
tas3libquantum,596,300,2058,1138,1666,1717,13,147436,11794,2060,1139,1721,2052,1136,1596,98,100,0,601,2095
tas3libquantum,596,301,2058,1139,1666,1723,13,147444,11795,2060,1140,1719,2054,1137,1583,98,100,0,600,2083
tas3libquantum,596,302,2064,1138,1682,1728,13,147450,11796,2064,1139,1718,2058,1137,1593,98,100,0,600,2106
tas3libquantum,596,303,2067,1138,1671,1734,13,147457,11796,2068,1139,1725,2064,1136,1594,99,100,0,600,2086
tas3libquantum,596,304,2068,1137,1678,1740,13,147463,11797,2070,1138,1727,2067,1135,1595,98,100,0,600,2109
tas3libquantum,596,305,2064,1138,1674,1745,13,147464,11797,2069,1139,1722,2064,1136,1591,98,100,0,600,2097
tas3libquantum,596,306,2059,1137,1685,1751,14,147467,11797,2067,1139,1721,2059,1136,1582,98,100,0,600,2092
tas3libquantum,596,307,2063,1138,1681,1757,14,147472,11797,2063,1139,1727,2055,1136,1599,98,100,0,600,2103
tas3libquantum,596,308,2059,1137,1660,1763,14,147477,11798,2068,1139,1720,2059,1134,1583,99,100,0,600,2072
tas3libquantum,596,309,2054,1137,1654,1768,14,147479,11798,2059,1138,1713,2054,1136,1585,98,100,0,600,2089
tas3libquantum,596,310,2062,1138,1655,1774,14,147485,11798,2063,1138,1720,2054,1135,1595,98,100,0,600,2095
tas3libquantum,596,311,2053,1137,1671,1780,14,147486,11798,2062,1138,1709,2052,1135,1583,98,100,0,600,2086
tas3libquantum,596,312,2055,1137,1602,1786,14,147489,11799,2055,1138,1710,2052,1135,1588,98,100,0,600,2095
tas3libquantum,596,313,2052,1137,1661,1791,14,147491,11799,2055,1138,1708,2051,1135,1585,98,100,0,600,2089
tas3libquantum,596,314,2055,1137,1668,1797,14,147499,11799,2056,1139,1713,2052,1135,1583,98,100,0,600,2095
tas3libquantum,596,315,2058,1137,1716,1803,14,147498,11799,2058,1138,1723,2053,1136,1584,98,100,0,600,2095
tas3libquantum,596,316,2056,1137,1681,1809,14,147502,11800,2063,1138,1724,2056,1136,1585,99,100,0,600,2063
tas3libquantum,596,317,2055,1137,1664,1814,14,147505,11800,2058,1138,1712,2055,1135,1584,98,100,0,600,2080
tas3libquantum,596,318,2061,1136,1598,1820,14,147508,11800,2061,1138,1720,2054,1133,1585,98,100,0,599,2103
tas3libquantum,596,319,2058,1136,1665,1826,14,147512,11801,2061,1137,1722,2058,1135,1588,98,100,0,599,2089
tas3libquantum,596,320,2057,1136,1668,1832,14,147520,11801,2060,1138,1711,2056,1135,1586,98,100,0,600,2092
tas3libquantum,596,321,2056,1136,1707,1837,14,147523,11801,2058,1138,1711,2054,1135,1586,98,100,0,600,2080
tas3libquantum,596,322,2063,1136,1692,1843,14,147523,11801,2063,1138,1722,2056,1135,1584,97,100,0,600,2117
tas3libquantum,596,323,2063,1138,1659,1849,14,147527,11802,2067,1138,1727,2061,1135,1585,99,100,0,600,2075
tas3libquantum,596,324,2060,1137,1669,1855,14,147531,11802,2063,1138,1721,2057,1135,1585,98,100,0,600,2095
tas3libquantum,596,325,2071,1137,1672,1860,14,147539,11803,2071,1138,1727,2060,1135,1598,98,100,0,600,2103
tas3libquantum,596,326,2073,1135,1679,1866,14,147545,11803,2075,1138,1725,2067,1135,1587,98,100,0,600,2106
tas3libquantum,596,327,2072,1134,1694,1872,14,147556,11804,2076,1136,1726,2072,1134,1600,98,100,0,600,2106
tas3libquantum,596,328,2073,1136,1681,1878,15,147558,11804,2075,1137,1725,2068,1134,1598,98,100,0,600,2106
tas3libquantum,596,329,2066,1135,1665,1883,15,147563,11805,2074,1137,1725,2066,1134,1590,99,100,0,600,2083
tas3libquantum,596,330,2060,1136,1696,1889,15,147566,11805,2066,1138,1714,2060,1134,1587,98,100,0,600,2092
tas3libquantum,596,331,2070,1137,1698,1895,15,147573,11805,2070,1138,1721,2060,1136,1598,98,100,0,600,2109
tas3libquantum,596,332,2074,1138,1682,1901,15,147580,11806,2077,1139,1724,2068,1136,1598,98,100,0,600,2103
tas3libquantum,596,333,2072,1137,1700,1907,15,147586,11806,2075,1139,1713,2070,1136,1597,97,100,0,600,2120
tas3libquantum,596,334,2074,1137,1658,1912,15,147593,11807,2077,1139,1736,2072,1136,1598,98,100,0,600,2106
tas3libquantum,596,335,2069,1136,1690,1918,15,147598,11807,2074,1138,1725,2068,1135,1584,98,100,0,599,2103
tas3libquantum,596,336,2075,1136,1691,1924,15,147605,11808,2075,1138,1725,2069,1135,1597,97,100,0,600,2126
tas3libquantum,596,337,2066,1138,1677,1929,15,147613,11809,2078,1139,1724,2066,1135,1583,98,100,0,600,2095
tas3libquantum,596,338,2058,1137,1699,1935,15,147611,11808,2066,1139,1702,2058,1137,1584,98,100,0,600,2092
tas3libquantum,596,339,2061,1138,1680,1941,15,147615,11809,2064,1139,1710,2058,1136,1587,98,100,0,600,2100
tas3libquantum,596,340,2062,1137,1688,1947,15,147619,11809,2063,1138,1709,2060,1136,1586,98,100,0,600,2097
tas3libquantum,596,341,2059,1138,1674,1952,15,147623,11809,2063,1139,1713,2059,1136,1584,100,100,0,600,2059
tas3libquantum,596,342,2068,1137,1714,1958,15,147628,11810,2068,1139,1721,2059,1136,1598,98,100,0,600,2103
tas3libquantum,596,343,2078,1138,1674,1964,15,147636,11810,2078,1138,1723,2068,1136,1597,97,100,0,599,2126
tas3libquantum,596,344,2068,1138,1658,1970,15,147640,11811,2078,1138,1718,2068,1135,1587,99,100,0,600,2086
tas3libquantum,596,345,2055,1136,1667,1976,15,147646,11811,2068,1138,1708,2055,1135,1586,99,100,0,600,2072
tas3libquantum,596,346,2059,1136,1693,1981,15,147645,11811,2059,1138,1712,2053,1134,1586,98,100,0,600,2097
tas3libquantum,596,347,2062,1137,1675,1987,15,147649,11811,2066,1137,1717,2059,1134,1589,99,100,0,600,2069
tas3libquantum,596,348,2068,1135,1695,1993,15,147659,11812,2068,1137,1717,2062,1134,1590,98,100,0,600,2109
tas3libquantum,596,349,2073,1135,1604,1999,15,147660,11812,2073,1138,1727,2068,1134,1590,98,100,0,600,2109
tas3libquantum,596,350,2066,1137,1665,2004,16,147664,11813,2073,1138,1714,2066,1134,1589,98,100,0,600,2092
tas3libquantum,596,351,2065,1137,1704,2010,16,147668,11813,2066,1138,1717,2063,1135,1587,98,100,0,600,2103
tas3libquantum,596,352,2063,1136,1672,2016,16,147672,11813,2067,1137,1713,2062,1134,1586,99,100,0,599,2075
tas3libquantum,596,353,2065,1137,1664,2022,16,147676,11814,2067,1137,1725,2062,1133,1588,98,100,0,600,2106
tas3libquantum,596,354,2070,1136,1679,2027,16,147681,11814,2070,1137,1722,2063,1133,1588,97,100,0,600,2117
tas3libquantum,596,355,2073,1135,1664,2033,16,147687,11815,2077,1138,1725,2070,1133,1598,99,100,0,600,2080
tas3libquantum,596,356,2066,1136,1672,2039,16,147691,11815,2073,1137,1712,2066,1134,1588,98,100,0,600,2095
tas3libquantum,596,357,2072,1137,1697,2045,16,147701,11816,2072,1137,1724,2065,1134,1589,97,100,0,600,2123
tas3libquantum,596,358,2076,1135,1684,2051,16,147703,11816,2079,1137,1723,2072,1134,1598,98,100,0,600,2109
tas3libquantum,596,359,2077,1135,1714,2056,16,147710,11816,2080,1137,1727,2075,1134,1597,98,100,0,600,2114
tas3libquantum,596,360,2080,1137,1684,2062,16,147717,11817,2081,1138,1764,2077,1097,1595,98,100,0,600,2112
tas3libquantum,596,361,2077,1137,1679,2068,16,147723,11817,2081,1138,1724,2077,1135,1595,98,100,0,600,2103
tas3libquantum,596,362,2080,1137,1687,2074,16,147730,11818,2080,1138,1723,2077,1136,1599,97,100,0,600,2129
tas3libquantum,596,363,2080,1137,1674,2079,16,147737,11819,2082,1139,1725,2078,1136,1594,99,100,0,601,2100
tas3libquantum,596,364,2077,1137,1674,2085,16,147743,11819,2083,1138,1720,2077,1136,1598,98,100,0,601,2106
tas3libquantum,596,365,2079,1128,1719,2091,16,147751,11820,2082,1138,1735,2077,1127,1597,98,100,0,601,2109
tas3libquantum,596,366,2066,1136,1668,2097,16,147754,11820,2081,1137,1736,2066,1127,1588,99,100,0,601,2083
tas3libquantum,596,367,2065,1135,1695,2102,16,147762,11820,2070,1137,1715,2064,1133,1588,98,100,0,601,2097
tas3libquantum,596,368,2069,1135,1675,2108,16,147762,11821,2069,1136,1716,2065,1134,1589,98,100,0,600,2109
tas3libquantum,596,369,2074,1135,1687,2114,16,147768,11821,2077,1136,1726,2067,1133,1590,98,100,0,601,2106
tas3libquantum,596,370,2079,1135,1696,2120,16,147775,11822,2079,1136,1728,2073,1133,1601,97,100,0,600,2126
tas3libquantum,596,371,2077,1133,1685,2126,17,147781,11822,2081,1136,1723,2075,1132,1602,98,100,0,600,2100
tas3libquantum,596,372,2070,1133,1677,2131,17,147785,11822,2079,1134,1725,2070,1132,1593,98,100,0,600,2103
tas3libquantum,596,373,2066,1134,1682,2137,17,147789,11823,2072,1135,1712,2065,1132,1591,98,100,0,600,2103
tas3libquantum,596,374,2060,1134,1696,2143,17,147791,11823,2067,1135,1717,2060,1132,1590,98,100,0,600,2092
tas3libquantum,596,375,2061,1133,1682,2149,17,147794,11823,2063,1134,1715,2059,1131,1592,98,100,0,600,2100
tas3libquantum,596,376,2065,1133,1694,2154,17,147798,11823,2067,1135,1722,2060,1132,1592,99,100,0,600,2083
tas3libquantum,596,377,2064,1134,1662,2160,17,147801,11824,2068,1135,1719,2064,1133,1590,98,100,0,600,2095
tas3libquantum,596,378,2070,1133,1699,2166,17,147806,11824,2070,1135,1724,2064,1132,1589,97,100,0,600,2117
tas3libquantum,596,379,2077,1133,1681,2172,17,147812,11825,2079,1134,1729,2070,1132,1600,98,100,0,599,2100
tas3libquantum,596,380,2075,1133,1679,2178,17,147818,11825,2080,1134,1729,2075,1132,1605,98,100,0,600,2109
tas3libquantum,596,381,2068,1133,1667,2183,17,147821,11825,2075,1134,1711,2066,1132,1591,98,100,0,599,2100
tas3libquantum,596,382,2066,1132,1672,2189,17,147824,11825,2069,1134,1720,2063,1132,1592,98,100,0,600,2103
tas3libquantum,596,383,2065,1133,1689,2195,17,147828,11826,2070,1134,1718,2063,1131,1592,97,100,0,599,2112
tas3libquantum,596,384,2071,1132,1684,2200,17,147832,11826,2071,1133,1729,2063,1131,1592,97,100,0,600,2123
tas3libquantum,596,385,2066,1132,1696,2206,17,147836,11826,2074,1133,1725,2066,1131,1592,99,100,0,600,2083
tas3libquantum,596,386,2067,1133,1693,2212,17,147840,11827,2068,1134,1717,2063,1131,1593,98,100,0,600,2100
tas3libquantum,596,387,2071,1132,1685,2218,17,147844,11827,2071,1134,1727,2062,1131,1592,98,100,0,600,2103
tas3libquantum,596,388,2076,1132,1687,2224,17,147854,11828,2078,1134,1728,2071,1131,1604,98,100,0,600,2117
tas3libquantum,596,389,2079,1132,1652,2229,17,147856,11828,2079,1133,1725,2075,1130,1608,98,100,0,599,2117
tas3libquantum,596,390,2075,1134,1670,2235,17,147861,11828,2082,1136,1729,2075,1131,1591,98,100,0,599,2100
tas3libquantum,596,391,2073,1134,1689,2241,17,147865,11829,2075,1136,1724,2069,1133,1599,97,100,0,600,2126
tas3libquantum,596,392,2067,1135,1669,2247,17,147869,11829,2076,1135,1727,2067,1134,1591,98,100,0,600,2097
tas3libquantum,596,393,2062,1134,1691,2252,18,147872,11829,2067,1135,1714,2062,1133,1606,98,100,0,601,2089
tas3libquantum,596,394,2065,1134,1699,2258,18,147879,11830,2068,1135,1713,2062,1133,1591,98,100,0,601,2100
tas3libquantum,596,395,2064,1134,1697,2264,18,147878,11830,2067,1135,1709,2062,1132,1590,98,100,0,601,2086
tas3libquantum,596,396,2062,1131,1693,2270,18,147881,11830,2065,1134,1715,2061,1131,1594,98,100,0,601,2100
tas3libquantum,596,397,2065,1134,1616,2275,18,147884,11830,2065,1134,1721,2061,1131,1592,98,100,0,601,2103
tas3libquantum,596,398,2060,1134,1687,2281,18,147886,11830,2065,1135,1713,2060,1132,1592,98,100,0,601,2086
tas3libquantum,596,399,2062,1133,1686,2287,18,147889,11831,2065,1134,1713,2060,1132,1592,98,100,0,601,2095
tas3libquantum,596,400,2063,1133,1668,2293,18,147891,11831,2065,1134,1715,2060,1131,1592,99,100,0,601,2075
tas3libquantum,596,401,2065,1132,1706,2298,18,147895,11831,2065,1134,1726,2061,1131,1592,97,100,0,601,2112
tas3libquantum,596,402,2075,1132,1623,2304,18,147904,11832,2075,1133,1728,2065,1131,1601,97,100,0,601,2123
tas3libquantum,596,403,2075,1133,1685,2310,18,147905,11832,2078,1133,1731,2072,1131,1604,98,100,0,601,2109
tas3libquantum,596,404,2069,1132,1684,2316,18,147909,11832,2078,1134,1726,2068,1131,1592,98,100,0,601,2103
tas3libquantum,596,405,2065,1131,1664,2322,18,147911,11832,2069,1133,1724,2063,1130,1594,98,100,0,601,2100
tas3libquantum,596,406,2061,1133,1711,2327,18,147913,11833,2065,1134,1716,2061,1129,1595,98,100,0,601,2086
tas3libquantum,596,407,2063,1133,1689,2333,18,147920,11833,2065,1134,1717,2060,1132,1592,98,100,0,601,2097
tas3libquantum,596,408,2059,1133,1669,2339,18,147918,11833,2063,1134,1723,2059,1131,1592,98,100,0,601,2080
tas3libquantum,596,409,2068,1133,1717,2344,18,147922,11833,2068,1134,1726,2059,1132,1592,97,100,0,601,2117
tas3libquantum,596,410,2073,1133,1688,2350,18,147927,11834,2077,1134,1727,2068,1131,1600,98,100,0,601,2106
tas3libquantum,596,411,2077,1132,1688,2356,18,147935,11834,2078,1134,1725,2073,1131,1605,98,100,0,601,2103
tas3libquantum,596,412,2066,1133,1673,2362,18,147934,11834,2077,1134,1720,2066,1132,1591,99,100,0,601,2083
tas3libquantum,596,413,2070,1133,1699,2368,18,147938,11835,2070,1134,1733,2062,1131,1592,97,100,0,601,2134
tas3libquantum,596,414,2064,1132,1670,2373,18,147941,11835,2073,1134,1726,2064,1131,1592,98,100,0,600,2089
tas3libquantum,596,415,2065,1130,1691,2379,19,147943,11835,2067,1133,1720,2062,1129,1596,98,100,0,600,2103
tas3libquantum,596,416,2059,1130,1683,2385,19,147945,11835,2065,1131,1719,2059,1129,1595,98,100,0,600,2092
tas3libquantum,596,417,2068,1129,1681,2391,19,147949,11835,2069,1131,1730,2059,1128,1602,98,100,0,600,2095
tas3libquantum,596,418,2071,1130,1691,2396,19,147953,11836,2073,1133,1731,2068,1129,1605,98,100,0,599,2106
tas3libquantum,596,419,2077,1130,1732,2402,19,147959,11836,2077,1132,1734,2071,1129,1603,98,100,0,600,2112
tas3libquantum,596,420,2070,1130,1695,2408,19,147962,11836,2079,1132,1732,2070,1129,1598,98,100,0,600,2095
tas3libquantum,596,421,2068,1130,1703,2414,19,147965,11837,2074,1132,1731,2068,1129,1597,98,100,0,600,2106
tas3libquantum,596,422,2068,1131,1685,2419,19,147968,11837,2070,1132,1733,2064,1129,1597,98,100,0,600,2095
tas3libquantum,596,423,2072,1130,1686,2425,19,147973,11837,2077,1131,1730,2068,1129,1608,98,100,0,600,2100
tas3libquantum,596,424,2076,1131,1681,2431,19,147977,11838,2079,1132,1735,2070,1129,1599,99,100,0,600,2092
tas3libquantum,596,425,2070,1131,1673,2437,19,147985,11838,2078,1132,1731,2070,1129,1597,98,100,0,600,2095
tas3libquantum,596,426,2068,1131,1704,2443,19,147985,11838,2073,1132,1721,2067,1129,1597,98,100,0,600,2100
tas3libquantum,596,427,2064,1129,1678,2448,19,147987,11839,2070,1132,1722,2064,1129,1595,100,100,0,600,2064
tas3libquantum,596,428,2069,1130,1727,2454,19,147994,11839,2069,1133,1735,2062,1128,1600,97,100,0,600,2131
tas3libquantum,596,429,2073,1132,1687,2460,19,147998,11839,2077,1133,1732,2069,1128,1605,98,100,0,600,2097
tas3libquantum,596,430,2073,1133,1633,2466,19,147998,11839,2077,1134,1730,2067,1131,1592,98,100,0,600,2114
tas3libquantum,596,431,2071,1133,1669,2472,19,148002,11840,2074,1133,1733,2069,1131,1605,98,100,0,600,2095
tas3libquantum,596,432,2067,1133,1681,2477,19,148005,11840,2071,1134,1720,2065,1131,1592,98,100,0,600,2103
tas3libquantum,596,433,2062,1132,1674,2483,19,148010,11840,2067,1134,1716,2062,1132,1591,99,100,0,600,2072
tas3libquantum,596,434,2064,1133,1729,2489,19,148009,11840,2064,1134,1729,2061,1131,1593,98,100,0,600,2106
tas3libquantum,596,435,2068,1132,1691,2494,19,148013,11841,2071,1134,1732,2064,1131,1594,98,100,0,600,2106
tas3libquantum,596,436,2073,1132,1683,2500,20,148017,11841,2077,1134,1727,2064,1131,1595,98,100,0,600,2106
tas3libquantum,596,437,2073,1133,1699,2506,20,148021,11841,2077,1134,1728,2072,1131,1599,98,100,0,600,2114
tas3libquantum,596,438,2063,1133,1683,2512,20,148023,11841,2075,1134,1712,2063,1132,1591,100,100,0,600,2063
tas3libquantum,596,439,2061,1132,1669,2517,20,148025,11842,2067,1134,1717,2061,1131,1592,98,100,0,600,2089
tas3libquantum,596,440,2069,1131,1707,2523,20,148029,11842,2069,1133,1728,2061,1130,1593,97,100,0,600,2120
tas3libquantum,596,441,2072,1131,1669,2529,20,148033,11842,2077,1133,1731,2069,1131,1593,100,100,0,599,2072
tas3libquantum,596,442,2065,1132,1685,2535,20,148035,11842,2072,1133,1715,2065,1130,1594,98,100,0,600,2095
tas3libquantum,596,443,2067,1131,1698,2541,20,148038,11843,2067,1133,1720,2064,1130,1595,98,100,0,599,2103
tas3libquantum,596,444,2063,1132,1687,2546,20,148040,11843,2067,1133,1718,2063,1130,1595,98,100,0,600,2086
tas3libquantum,596,445,2062,1132,1673,2552,20,148042,11843,2063,1133,1716,2060,1130,1594,98,100,0,600,2097
tas3libquantum,596,446,2070,1131,1673,2558,20,148045,11843,2071,1133,1746,2060,1130,1594,98,100,0,600,2100
tas3libquantum,596,447,2074,1130,1688,2564,20,148049,11843,2075,1133,1731,2067,1130,1607,98,100,0,600,2112
tas3libquantum,596,448,2076,1131,1700,2569,20,148054,11844,2079,1132,1735,2071,1130,1596,97,100,0,599,2123
tas3libquantum,596,449,2068,1132,1672,2575,20,148056,11844,2077,1133,1727,2068,1130,1602,98,100,0,600,2095
tas3libquantum,596,450,2067,1130,1691,2581,20,148059,11844,2070,1133,1723,2064,1130,1595,98,100,0,599,2109
tas3libquantum,596,451,2067,1131,1662,2587,20,148064,11845,2068,1132,1718,2063,1129,1596,98,100,0,600,2106
tas3libquantum,596,452,2068,1130,1689,2592,20,148064,11845,2068,1132,1729,2064,1130,1594,98,100,0,599,2109
tas3libquantum,596,453,2077,1131,1703,2598,20,148069,11845,2077,1132,1740,2068,1129,1601,98,100,0,600,2117
tas3libquantum,596,454,2071,1131,1714,2604,20,148075,11846,2080,1132,1731,2071,1129,1607,99,100,0,600,2086
tas3libquantum,596,455,2075,1132,1689,2610,20,148076,11846,2077,1133,1731,2071,1131,1605,98,100,0,600,2103
tas3libquantum,596,456,2074,1131,1693,2616,20,148080,11846,2080,1133,1731,2072,1128,1601,98,100,0,600,2103
tas3libquantum,596,457,2065,1131,1679,2621,20,148082,11846,2074,1133,1717,2065,1129,1594,98,100,0,600,2086
tas3libquantum,596,458,2063,1131,1682,2627,21,148084,11846,2067,1132,1719,2063,1129,1596,98,100,0,600,2092
tas3libquantum,596,459,2070,1132,1697,2633,21,148087,11847,2070,1133,1736,2062,1130,1594,97,100,0,600,2123
tas3libquantum,596,460,2075,1132,1679,2638,21,148091,11847,2075,1133,1732,2068,1130,1601,98,100,0,600,2114
tas3libquantum,596,461,2067,1131,1677,2644,21,148094,11847,2076,1132,1734,2067,1130,1595,98,100,0,600,2097
tas3libquantum,596,462,2068,1132,1677,2650,21,148096,11847,2068,1133,1733,2062,1130,1604,97,100,0,600,2117
tas3libquantum,596,463,2073,1131,1681,2656,21,148100,11848,2076,1132,1735,2067,1130,1606,98,100,0,600,2106
tas3libquantum,596,464,2072,1131,1688,2662,21,148103,11848,2076,1132,1727,2072,1130,1601,98,100,0,600,2103
tas3libquantum,596,465,2066,1132,1699,2667,21,148105,11848,2072,1133,1718,2065,1130,1593,98,100,0,600,2103
tas3libquantum,596,466,2075,1131,1701,2673,21,148110,11848,2075,1133,1729,2066,1130,1605,97,100,0,600,2120
tas3libquantum,596,467,2075,1131,1706,2679,21,148113,11849,2078,1133,1732,2074,1131,1593,98,100,0,600,2103
tas3libquantum,596,468,2068,1132,1687,2685,21,148116,11849,2075,1134,1717,2068,1131,1594,98,100,0,600,2089
tas3libquantum,596,469,2074,1132,1693,2691,21,148119,11849,2074,1133,1729,2066,1130,1605,98,100,0,600,2114
tas3libquantum,596,470,2076,1131,1704,2696,21,148124,11849,2079,1133,1731,2074,1130,1604,98,100,0,600,2100
tas3libquantum,596,471,2068,1133,1670,2702,21,148129,11850,2077,1133,1722,2068,1131,1593,98,100,0,600,2092
tas3libquantum,596,472,2066,1133,1686,2708,21,148132,11850,2070,1134,1717,2064,1132,1593,98,100,0,600,2106
tas3libquantum,596,473,2063,1133,1695,2714,21,148133,11850,2067,1134,1717,2063,1131,1591,99,100,0,600,2066
tas3libquantum,596,474,2062,1133,1674,2719,21,148132,11850,2066,1134,1719,2062,1131,1592,98,100,0,599,2089
tas3libquantum,596,475,2070,1134,1690,2725,21,148135,11850,2070,1134,1727,2062,1131,1603,98,100,0,600,2106
tas3libquantum,596,476,2071,1132,1681,2731,21,148138,11851,2073,1134,1732,2068,1132,1598,98,100,0,600,2106
tas3libquantum,596,477,2068,1132,1666,2737,21,148141,11851,2074,1133,1734,2068,1130,1593,99,100,0,600,2086
tas3libquantum,596,478,2062,1133,1692,2742,21,148145,11851,2068,1133,1718,2062,1130,1594,98,100,0,600,2089
tas3libquantum,596,479,2073,1132,1699,2748,21,148146,11851,2073,1133,1730,2062,1131,1604,98,100,0,600,2109
tas3libquantum,596,480,2076,1133,1680,2754,22,148150,11852,2079,1134,1732,2073,1131,1603,98,100,0,599,2109
tas3libquantum,596,481,2077,1132,1702,2760,22,148157,11852,2081,1134,1729,2075,1131,1603,98,100,0,600,2112
tas3libquantum,596,482,2079,1133,1700,2765,22,148158,11852,2080,1134,1728,2077,1131,1603,98,100,0,600,2112
tas3libquantum,596,483,2066,1134,1671,2771,22,148160,11852,2079,1134,1730,2066,1131,1593,98,100,0,600,2095
tas3libquantum,596,484,2073,1133,1689,2777,22,148163,11853,2073,1134,1731,2066,1131,1605,97,100,0,600,2117
tas3libquantum,596,485,2069,1131,1688,2783,22,148169,11853,2075,1134,1727,2069,1130,1602,99,100,0,600,2089
tas3libquantum,596,486,2064,1132,1687,2789,22,148168,11853,2069,1134,1716,2064,1131,1591,98,100,0,599,2092
tas3libquantum,596,487,2073,1133,1690,2794,22,148171,11853,2073,1134,1730,2064,1131,1604,97,100,0,599,2120
tas3libquantum,596,488,2065,1134,1672,2800,22,148173,11853,2073,1135,1725,2065,1132,1592,98,100,0,600,2089
tas3libquantum,596,489,2064,1133,1670,2806,22,148175,11854,2066,1134,1715,2062,1132,1594,98,100,0,600,2103
tas3libquantum,596,490,2065,1134,1615,2812,22,148176,11854,2065,1134,1718,2062,1131,1591,98,100,0,600,2106
tas3libquantum,596,491,2062,1133,1670,2817,22,148178,11854,2066,1134,1718,2061,1132,1592,98,100,0,600,2092
tas3libquantum,596,492,2073,1133,1696,2823,22,148182,11854,2073,1134,1727,2062,1131,1604,97,100,0,600,2120
tas3libquantum,596,493,2076,1134,1683,2829,22,148185,11854,2077,1134,1730,2073,1132,1604,98,100,0,599,2103
tas3libquantum,596,494,2077,1134,1673,2835,22,148189,11855,2080,1135,1727,2076,1132,1604,98,100,0,600,2112
tas3libquantum,596,495,2080,1133,1694,2841,22,148194,11855,2082,1135,1731,2077,1132,1598,98,100,0,600,2114
tas3libquantum,596,496,2079,1132,1684,2846,22,148198,11855,2082,1134,1731,2078,1131,1603,98,100,0,600,2103
tas3libquantum,596,497,2076,1133,1699,2852,22,148204,11856,2080,1134,1725,2076,1131,1604,98,100,0,599,2103
tas3libquantum,596,498,2071,1134,1620,2858,22,148203,11856,2079,1134,1727,2070,1132,1592,98,100,0,600,2103
tas3libquantum,596,499,2063,1133,1667,2864,22,148205,11856,2071,1135,1716,2063,1131,1591,98,100,0,600,2092
tas3libquantum,596,500,2075,1133,1687,2869,22,148208,11856,2075,1134,1727,2062,1132,1604,97,100,0,600,2129
tas3libquantum,596,501,2077,1133,1682,2875,23,148212,11856,2079,1134,1729,2074,1132,1602,98,100,0,601,2100
tas3libquantum,596,502,2070,1133,1681,2881,23,148214,11857,2077,1135,1729,2069,1132,1591,98,100,0,601,2106
tas3libquantum,596,503,2067,1133,1682,2887,23,148217,11857,2075,1134,1725,2067,1132,1598,98,100,0,601,2097
tas3libquantum,596,504,2069,1134,1688,2892,23,148219,11857,2070,1135,1728,2062,1132,1589,98,100,0,601,2106
tas3libquantum,596,505,2074,1134,1685,2898,23,148222,11857,2074,1135,1726,2069,1133,1631,97,100,0,601,2117
tas3libquantum,596,506,2076,1134,1605,2904,23,148226,11858,2078,1135,1726,2074,1132,1598,98,100,0,601,2106
tas3libquantum,596,507,2068,1134,1679,2910,23,148230,11858,2076,1135,1724,2067,1133,1591,97,100,0,601,2112
tas3libquantum,596,508,2073,1133,1682,2915,23,148231,11858,2076,1134,1727,2068,1132,1602,98,100,0,601,2106
tas3libquantum,596,509,2065,1132,1671,2921,23,148232,11858,2073,1134,1718,2065,1131,1590,99,100,0,601,2080
tas3libquantum,596,510,2061,1133,1673,2927,23,148233,11858,2065,1134,1715,2061,1131,1593,98,100,0,601,2086
tas3libquantum,596,511,2071,1133,1687,2933,23,148237,11858,2071,1134,1725,2061,1131,1604,98,100,0,601,2109
tas3libquantum,596,512,2070,1132,1674,2939,23,148239,11859,2072,1134,1719,2066,1131,1592,97,100,0,601,2117
tas3libquantum,596,513,2065,1133,1667,2944,23,148241,11859,2071,1134,1727,2065,1131,1591,98,100,0,601,2092
tas3libquantum,596,514,2067,1132,1713,2950,23,148243,11859,2068,1134,1724,2062,1131,1593,97,100,0,601,2120
tas3libquantum,596,515,2072,1133,1680,2956,23,148246,11859,2076,1135,1726,2067,1131,1597,98,100,0,601,2097
tas3libquantum,596,516,2075,1133,1694,2962,23,148249,11859,2077,1134,1728,2072,1131,1606,98,100,0,601,2106
tas3libquantum,596,517,2070,1133,1705,2967,23,148252,11860,2080,1134,1730,2070,1131,1602,98,100,0,601,2100
tas3libquantum,596,518,2062,1133,1673,2973,23,148252,11860,2070,1135,1716,2062,1132,1590,98,100,0,601,2089
tas3libquantum,596,519,2062,1135,1678,2979,23,148257,11860,2065,1135,1714,2062,1133,1591,98,100,0,600,2095
tas3libquantum,596,520,2064,1134,1685,2985,23,148256,11860,2065,1135,1716,2061,1133,1591,98,100,0,600,2100
tas3libquantum,596,521,2061,1134,1665,2990,23,148259,11860,2066,1135,1716,2061,1132,1590,98,100,0,600,2095
tas3libquantum,596,522,2069,1134,1684,2996,23,148259,11860,2069,1135,1728,2061,1132,1602,98,100,0,600,2106
tas3libquantum,596,523,2066,1135,1699,3002,24,148260,11860,2070,1135,1711,2063,1133,1589,97,100,0,600,2109
tas3libquantum,596,524,2062,1133,1680,3008,24,148262,11860,2067,1135,1716,2062,1132,1591,98,100,0,600,2092
tas3libquantum,596,525,2065,1132,1687,3014,24,148264,11861,2065,1134,1718,2062,1130,1592,97,100,0,600,2109
tas3libquantum,596,526,2066,1133,1674,3019,24,148265,11861,2066,1134,1715,2063,1132,1593,98,100,0,600,2103
tas3libquantum,596,527,2062,1133,1674,3025,24,148266,11861,2066,1135,1715,2062,1132,1590,98,100,0,600,2092
tas3libquantum,596,528,2073,1133,1680,3031,24,148270,11861,2073,1134,1726,2062,1131,1604,97,100,0,600,2126
tas3libquantum,596,529,2075,1134,1677,3037,24,148273,11861,2079,1135,1724,2073,1132,1599,99,100,0,600,2092
tas3libquantum,596,530,2076,1133,1702,3042,24,148276,11862,2080,1135,1740,2074,1132,1604,98,100,0,600,2100
tas3libquantum,596,531,2077,1133,1713,3048,24,148282,11862,2078,1134,1728,2075,1131,1599,98,100,0,600,2109
tas3libquantum,596,532,2065,1133,1687,3054,24,148281,11862,2078,1134,1726,2065,1132,1590,99,100,0,601,2083
tas3libquantum,596,533,2062,1134,1679,3060,24,148282,11862,2067,1134,1715,2062,1131,1593,98,100,0,601,2083
tas3libquantum,596,534,2066,1133,1696,3065,24,148284,11862,2066,1134,1719,2060,1132,1592,97,100,0,601,2112
tas3libquantum,596,535,2072,1133,1681,3071,24,148287,11862,2073,1134,1728,2066,1131,1599,99,100,0,601,2083
tas3libquantum,596,536,2070,1133,1688,3077,24,148289,11863,2076,1134,1726,2070,1132,1592,98,100,0,600,2106
tas3libquantum,596,537,2073,1132,1681,3083,24,148292,11863,2075,1134,1724,2070,1131,1605,98,100,0,600,2097
tas3libquantum,596,538,2062,1133,1676,3088,24,148293,11863,2073,1133,1713,2062,1131,1592,98,100,0,600,2092
tas3libquantum,596,539,2068,1133,1677,3094,24,148295,11863,2069,1133,1726,2061,1131,1605,98,100,0,601,2103
tas3libquantum,596,540,2069,1132,1690,3100,24,148297,11863,2069,1133,1721,2064,1131,1594,97,100,0,601,2120
tas3libquantum,596,541,2073,1132,1679,3106,24,148299,11863,2076,1133,1726,2067,1131,1601,99,100,0,601,2086
tas3libquantum,596,542,2071,1132,1682,3112,24,148305,11864,2076,1134,1731,2071,1130,1603,98,100,0,601,2092
tas3libquantum,596,543,2065,1133,1661,3117,24,148303,11864,2071,1133,1716,2063,1131,1593,98,100,0,601,2103
tas3libquantum,596,544,2060,1132,1671,3123,24,148304,11864,2065,1133,1716,2060,1130,1591,98,100,0,601,2089
tas3libquantum,596,545,2064,1131,1722,3129,25,148306,11864,2064,1133,1724,2060,1131,1593,97,100,0,601,2117
tas3libquantum,596,546,2072,1132,1685,3135,25,148308,11864,2073,1133,1726,2064,1131,1604,98,100,0,601,2097
tas3libquantum,596,547,2061,1132,1681,3140,25,148309,11864,2072,1133,1715,2061,1131,1593,98,100,0,601,2086
tas3libquantum,596,548,2063,1132,1691,3146,25,148310,11864,2063,1133,1728,2058,1131,1594,97,100,0,601,2109
tas3libquantum,596,549,2070,1132,1688,3152,25,148313,11865,2073,1134,1723,2063,1130,1605,99,100,0,600,2089
tas3libquantum,596,550,2067,1133,1673,3158,25,148315,11865,2074,1133,1728,2067,1131,1593,98,100,0,601,2092
tas3libquantum,596,551,2064,1132,1681,3163,25,148316,11865,2067,1134,1714,2062,1131,1592,98,100,0,600,2106
tas3libquantum,596,552,2063,1132,1673,3169,25,148317,11865,2066,1133,1729,2062,1131,1593,98,100,0,600,2089
tas3libquantum,596,553,2064,1133,1679,3175,25,148318,11865,2064,1133,1727,2060,1131,1594,97,100,0,600,2109
tas3libquantum,596,554,2074,1132,1691,3181,25,148324,11865,2074,1134,1724,2064,1131,1601,98,100,0,600,2114
tas3libquantum,596,555,2066,1134,1670,3186,25,148323,11865,2075,1134,1725,2066,1131,1592,99,100,0,600,2075
tas3libquantum,596,556,2062,1132,1675,3192,25,148324,11865,2067,1134,1715,2062,1132,1592,98,100,0,600,2092
tas3libquantum,596,557,2063,1132,1680,3198,25,148325,11866,2065,1133,1712,2061,1131,1593,98,100,0,600,2100
tas3libquantum,596,558,2059,1131,1669,3203,25,148328,11866,2063,1134,1715,2059,1131,1591,99,100,0,600,2072
tas3libquantum,596,559,2067,1131,1725,3209,25,148330,11866,2067,1134,1726,2058,1131,1604,98,100,0,600,2103
tas3libquantum,596,560,2074,1132,1688,3215,25,148333,11866,2075,1133,1725,2067,1131,1600,98,100,0,600,2097
tas3libquantum,596,561,2064,1132,1671,3221,25,148331,11866,2074,1133,1720,2064,1131,1593,100,100,0,600,2064
tas3libquantum,596,562,2061,1133,1676,3227,25,148332,11866,2065,1133,1715,2061,1130,1594,98,100,0,600,2092
tas3libquantum,596,563,2061,1132,1681,3232,25,148333,11866,2063,1134,1715,2059,1131,1593,98,100,0,600,2100
tas3libquantum,596,564,2062,1131,1680,3238,25,148334,11866,2063,1133,1721,2059,1129,1593,98,100,0,599,2083
tas3libquantum,596,565,2061,1130,1673,3244,25,148335,11866,2064,1132,1721,2061,1130,1593,98,100,0,600,2092
tas3libquantum,596,566,2070,1131,1694,3250,26,148337,11867,2070,1133,1728,2060,1130,1605,97,100,0,600,2114
tas3libquantum,596,567,2065,1132,1672,3255,26,148339,11867,2070,1132,1730,2065,1130,1593,99,100,0,600,2072
tas3libquantum,596,568,2060,1131,1683,3261,26,148339,11867,2065,1133,1713,2060,1130,1595,98,100,0,600,2092
tas3libquantum,596,569,2070,1131,1695,3267,26,148342,11867,2070,1132,1726,2060,1130,1604,98,100,0,600,2112
tas3libquantum,596,570,2071,1132,1688,3273,26,148344,11867,2073,1133,1724,2068,1131,1603,98,100,0,600,2103
tas3libquantum,596,571,2071,1133,1676,3278,26,148346,11867,2076,1133,1728,2071,1130,1605,98,100,0,600,2095
tas3libquantum,596,572,2065,1133,1647,3284,26,148347,11867,2071,1134,1714,2062,1131,1591,97,100,0,600,2112
tas3libquantum,596,573,2063,1131,1691,3290,26,148348,11867,2067,1133,1723,2062,1131,1593,98,100,0,601,2103
tas3libquantum,596,574,2073,1133,1705,3296,26,148352,11868,2074,1133,1729,2063,1131,1605,98,100,0,601,2109
tas3libquantum,596,575,2065,1133,1674,3302,26,148353,11868,2076,1134,1725,2065,1131,1593,98,100,0,601,2086
tas3libquantum,596,576,2060,1133,1670,3307,26,148353,11868,2065,1133,1729,2060,1131,1594,98,100,0,600,2092
tas3libquantum,596,577,2063,1133,1692,3313,26,148355,11868,2063,1134,1722,2058,1130,1591,97,100,0,600,2112
tas3libquantum,596,578,2070,1131,1669,3319,26,148357,11868,2070,1134,1729,2063,1130,1605,98,100,0,600,2100
tas3libquantum,596,579,2060,1132,1679,3325,26,148357,11868,2070,1133,1717,2060,1130,1593,98,100,0,600,2089
tas3libquantum,596,580,2061,1131,1677,3330,26,148361,11868,2063,1133,1716,2059,1130,1593,98,100,0,599,2103
tas3libquantum,596,581,2059,1132,1671,3336,26,148359,11868,2062,1133,1716,2059,1130,1593,99,100,0,600,2077
tas3libquantum,596,582,2060,1131,1691,3342,26,148359,11868,2061,1132,1724,2058,1130,1594,97,100,0,600,2112
tas3libquantum,596,583,2070,1131,1670,3347,26,148362,11869,2073,1133,1735,2060,1130,1603,99,100,0,600,2089
tas3libquantum,596,584,2064,1132,1690,3353,26,148363,11869,2070,1133,1726,2062,1129,1592,97,100,0,600,2112
tas3libquantum,596,585,2077,1131,1645,3359,26,148366,11869,2077,1133,1732,2064,1129,1605,97,100,0,600,2120
tas3libquantum,596,586,2067,1132,1675,3365,26,148368,11869,2077,1134,1729,2067,1130,1592,98,100,0,600,2092
tas3libquantum,596,587,2063,1132,1676,3370,26,148368,11869,2067,1133,1718,2062,1130,1593,98,100,0,600,2100
tas3libquantum,596,588,2066,1131,1694,3376,27,148372,11869,2066,1133,1728,2059,1130,1593,98,100,0,600,2103
tas3libquantum,596,589,2067,1131,1652,3382,27,148371,11869,2072,1133,1731,2066,1130,1593,98,100,0,600,2092
tas3libquantum,596,590,2059,1131,1683,3388,27,148372,11869,2067,1132,1720,2059,1130,1593,98,100,0,600,2092
tas3libquantum,596,591,2057,1131,1665,3393,27,148372,11869,2061,1133,1717,2057,1130,1593,98,100,0,600,2089
tas3libquantum,596,592,1938,1130,1568,3399,27,148363,11869,2057,1133,1716,1932,1130,1562,98,100,0,600,1972
tas3libquantum,596,593,1938,1132,1563,3404,27,148346,11867,1938,1133,1637,1937,1130,1562,98,100,0,600,1967
tas3libquantum,596,594,2021,1131,1669,3410,27,148341,11867,2021,1133,1706,1937,1130,1535,98,100,0,600,2055
tas3libquantum,596,595,1719,1133,1385,3415,27,148317,11865,2029,1135,1709,1719,1130,1381,100,100,0,600,1719
Processed 596 lines from power meter
There were 0 errors in reading from the meter
