RunId,NumDataLines,SeqNum,Watts,Amps,WattHours,Cost,MoKWh,MoCost,MaxWatts,MaxVolts,MaxAmps,MinWatts,MinVolts,MinAmps,Factor,DutyCycle,PowerCycle
revised2ule,290,0,2021,1142,1617,10,0,140829,11266,2023,1145,1678,2019,1142,1616,98,100,0,600,2049
revised2ule,290,1,2019,1144,1638,16,0,142481,11398,2021,1144,1670,2018,1141,1616,98,100,0,600,2055
revised2ule,290,2,2030,1142,1636,21,0,143590,11487,2030,1144,1689,2019,1141,1629,98,100,0,600,2063
revised2ule,290,3,2026,1144,1623,27,0,144144,11531,2031,1145,1680,2026,1141,1619,98,100,0,600,2052
revised2ule,290,4,2022,1144,1653,33,0,144458,11556,2026,1145,1672,2022,1143,1617,98,100,0,600,2058
revised2ule,290,5,2031,1143,1674,38,0,144821,11585,2032,1145,1691,2022,1142,1628,98,100,0,599,2063
revised2ule,290,6,2035,1143,1625,44,0,145097,11607,2036,1145,1684,2031,1143,1625,98,100,0,600,2063
revised2ule,290,7,2026,1143,1629,50,0,145209,11616,2035,1144,1675,2026,1142,1620,98,100,0,600,2058
revised2ule,290,8,2023,1143,1632,55,0,145295,11623,2026,1144,1675,2023,1142,1620,98,100,0,600,2052
revised2ule,290,9,2033,1143,1636,61,0,145462,11637,2033,1144,1688,2023,1141,1631,97,100,0,600,2075
revised2ule,290,10,2029,1143,1631,67,0,145553,11644,2033,1144,1680,2029,1141,1624,98,100,0,600,2055
revised2ule,290,11,2026,1144,1636,72,0,145722,11657,2029,1146,1678,2026,1141,1622,98,100,0,600,2058
revised2ule,290,12,2024,1144,1648,78,0,145654,11652,2026,1146,1674,2024,1143,1620,98,100,0,600,2052
revised2ule,290,13,2024,1145,1629,84,0,145692,11655,2026,1146,1672,2024,1142,1620,98,100,0,600,2049
revised2ule,290,14,2026,1146,1634,89,0,145730,11658,2026,1147,1675,2024,1143,1620,98,100,0,600,2055
revised2ule,290,15,2035,1146,1638,95,0,145818,11665,2035,1147,1686,2026,1144,1630,98,100,0,600,2066
revised2ule,290,16,2040,1145,1634,101,0,145908,11672,2040,1146,1690,2035,1143,1632,98,100,0,600,2072
revised2ule,290,17,2039,1146,1639,106,0,145980,11678,2040,1147,1685,2038,1144,1629,98,100,0,600,2075
revised2ule,290,18,2033,1145,1640,112,0,146024,11681,2040,1147,1687,2033,1145,1622,98,100,0,601,2055
revised2ule,290,19,2027,1144,1647,118,0,146037,11682,2033,1147,1676,2027,1143,1621,98,100,0,601,2052
revised2ule,290,20,2026,1146,1636,123,0,146050,11684,2028,1147,1676,2026,1142,1621,98,100,0,601,2049
revised2ule,290,21,2035,1140,1648,129,1,146098,11687,2035,1146,1693,2026,1139,1631,98,100,0,601,2066
revised2ule,290,22,2039,1137,1648,135,1,146150,11692,2039,1141,1694,2035,1137,1640,98,100,0,601,2069
revised2ule,290,23,2036,1140,1633,140,1,146186,11694,2040,1140,1698,2036,1137,1632,98,100,0,601,2066
revised2ule,290,24,2030,1137,1645,146,1,146197,11695,2036,1141,1684,2030,1136,1631,98,100,0,601,2060
revised2ule,290,25,2037,1139,1649,152,1,146234,11698,2037,1141,1700,2030,1137,1632,98,100,0,601,2077
revised2ule,290,26,2033,1139,1681,157,1,146259,11700,2038,1141,1689,2033,1138,1631,98,100,0,601,2058
revised2ule,290,27,2034,1138,1643,163,1,146281,11702,2035,1140,1689,2032,1137,1633,98,100,0,601,2066
revised2ule,290,28,2033,1137,1656,169,1,146299,11703,2035,1141,1692,2032,1136,1636,99,100,0,601,2052
revised2ule,290,29,2036,1139,1669,174,1,146325,11706,2036,1140,1695,2033,1136,1632,98,100,0,601,2069
revised2ule,290,30,2046,1138,1648,180,1,146375,11710,2046,1140,1709,2036,1137,1644,98,100,0,601,2075
revised2ule,290,31,2041,1138,1652,186,1,146455,11716,2049,1141,1706,2041,1137,1634,99,100,0,601,2060
revised2ule,290,32,2038,1137,1640,191,1,146430,11714,2041,1140,1695,2036,1136,1636,99,100,0,601,2055
revised2ule,290,33,2038,1140,1647,197,1,146450,11716,2039,1142,1697,2036,1136,1629,98,100,0,601,2075
revised2ule,290,34,2039,1140,1644,203,1,146473,11717,2040,1141,1696,2036,1137,1632,98,100,0,601,2069
revised2ule,290,35,2035,1141,1640,208,1,146486,11718,2039,1142,1698,2035,1138,1632,98,100,0,601,2060
revised2ule,290,36,2037,1141,1645,214,1,146504,11720,2038,1141,1693,2035,1138,1633,98,100,0,601,2072
revised2ule,290,37,2038,1140,1639,220,1,146522,11721,2039,1141,1694,2035,1138,1633,98,100,0,601,2063
revised2ule,290,38,2043,1140,1653,226,1,146549,11723,2043,1141,1698,2036,1137,1631,98,100,0,601,2080
revised2ule,290,39,2049,1139,1647,231,1,146586,11726,2049,1141,1704,2043,1138,1644,98,100,0,601,2077
revised2ule,290,40,2042,1139,1665,237,1,146603,11728,2049,1140,1697,2041,1136,1635,98,100,0,601,2072
revised2ule,290,41,2045,1140,1638,242,1,146634,11730,2048,1140,1708,2042,1137,1638,98,100,0,601,2072
revised2ule,290,42,2038,1138,1641,248,1,146643,11731,2045,1141,1702,2038,1135,1635,98,100,0,601,2066
revised2ule,290,43,2045,1136,1663,254,2,146669,11733,2045,1138,1710,2038,1134,1640,97,100,0,601,2089
revised2ule,290,44,2042,1136,1663,259,2,146690,11735,2048,1137,1715,2042,1133,1642,99,100,0,601,2060
revised2ule,290,45,2045,1137,1681,265,2,146713,11737,2045,1137,1714,2041,1134,1642,98,100,0,601,2080
revised2ule,290,46,2043,1136,1653,271,2,146733,11738,2049,1138,1711,2043,1134,1643,99,100,0,601,2058
revised2ule,290,47,2038,1136,1655,277,2,146741,11739,2043,1138,1702,2038,1133,1639,98,100,0,601,2060
revised2ule,290,48,2039,1137,1642,282,2,146751,11740,2039,1138,1702,2036,1133,1639,98,100,0,601,2077
revised2ule,290,49,2045,1135,1661,288,2,146769,11741,2045,1138,1718,2037,1133,1640,98,100,0,601,2077
revised2ule,290,50,2041,1135,1658,294,2,146780,11742,2045,1137,1700,2040,1134,1641,98,100,0,601,2072
revised2ule,290,51,2038,1137,1644,299,2,146813,11745,2041,1138,1696,2038,1133,1640,98,100,0,601,2063
revised2ule,290,52,2037,1137,1645,305,2,146792,11743,2038,1137,1701,2036,1133,1640,98,100,0,601,2072
revised2ule,290,53,2038,1136,1651,311,2,146825,11746,2038,1137,1699,2035,1134,1641,98,100,0,601,2072
revised2ule,290,54,2036,1135,1656,316,2,146803,11744,2038,1137,1700,2036,1134,1641,98,100,0,601,2066
revised2ule,290,55,2038,1134,1682,322,2,146812,11744,2038,1137,1705,2036,1132,1640,98,100,0,601,2069
revised2ule,290,56,2037,1137,1659,328,2,146818,11745,2039,1138,1697,2036,1133,1640,98,100,0,599,2058
revised2ule,290,57,2037,1137,1654,333,2,146825,11746,2038,1137,1700,2036,1135,1640,98,100,0,600,2063
revised2ule,290,58,2037,1135,1642,339,2,146829,11746,2039,1138,1704,2036,1135,1638,98,100,0,600,2060
revised2ule,290,59,2037,1136,1652,345,2,146835,11746,2039,1137,1702,2036,1133,1638,98,100,0,600,2066
revised2ule,290,60,2040,1136,1643,350,2,146865,11749,2040,1138,1701,2036,1136,1637,98,100,0,600,2080
revised2ule,290,61,2038,1137,1646,356,2,146846,11747,2040,1137,1701,2038,1134,1639,98,100,0,600,2066
revised2ule,290,62,2039,1136,1655,362,2,146854,11748,2039,1138,1702,2038,1135,1639,98,100,0,600,2077
revised2ule,290,63,2045,1136,1652,368,2,146867,11749,2045,1138,1714,2038,1134,1638,98,100,0,600,2080
revised2ule,290,64,2042,1138,1642,373,2,146878,11750,2049,1139,1711,2042,1134,1636,98,100,0,600,2072
revised2ule,290,65,2038,1137,1670,379,3,146881,11750,2042,1139,1694,2038,1136,1637,98,100,0,600,2060
revised2ule,290,66,2036,1138,1651,385,3,146883,11750,2038,1138,1696,2036,1135,1636,99,100,0,600,2055
revised2ule,290,67,2037,1137,1652,390,3,146887,11751,2037,1139,1696,2036,1135,1637,98,100,0,599,2066
revised2ule,290,68,2043,1137,1697,396,3,146919,11753,2043,1139,1713,2036,1134,1638,98,100,0,600,2072
revised2ule,290,69,2049,1135,1660,402,3,146915,11753,2049,1139,1713,2043,1134,1648,98,100,0,600,2089
revised2ule,290,70,2045,1135,1646,407,3,146948,11755,2051,1138,1702,2045,1135,1642,98,100,0,600,2066
revised2ule,290,71,2046,1137,1663,413,3,146937,11755,2046,1138,1712,2041,1134,1640,98,100,0,600,2080
revised2ule,290,72,2051,1139,1658,419,3,146955,11756,2051,1140,1710,2046,1135,1648,98,100,0,600,2092
revised2ule,290,73,2043,1139,1640,424,3,146980,11758,2052,1140,1700,2043,1137,1637,98,100,0,600,2069
revised2ule,290,74,2040,1138,1650,430,3,146965,11757,2043,1140,1698,2039,1137,1636,98,100,0,600,2072
revised2ule,290,75,2038,1139,1675,436,3,146969,11757,2041,1140,1699,2037,1138,1634,99,100,0,601,2058
revised2ule,290,76,2048,1139,1664,442,3,146984,11758,2048,1139,1711,2038,1136,1648,98,100,0,601,2086
revised2ule,290,77,2050,1139,1648,447,3,147017,11761,2051,1139,1707,2048,1137,1645,99,100,0,601,2069
revised2ule,290,78,2044,1139,1649,453,3,147006,11760,2051,1139,1707,2044,1136,1635,98,100,0,600,2066
revised2ule,290,79,2039,1138,1642,459,3,147008,11760,2044,1139,1695,2038,1136,1637,98,100,0,600,2069
revised2ule,290,80,2035,1136,1655,464,3,147007,11760,2039,1139,1693,2035,1135,1637,98,100,0,600,2063
revised2ule,290,81,2039,1137,1664,470,3,147012,11760,2039,1139,1695,2035,1134,1640,98,100,0,601,2072
revised2ule,290,82,2039,1136,1643,476,3,147014,11761,2040,1138,1701,2038,1133,1639,98,100,0,600,2066
revised2ule,290,83,2049,1138,1662,481,3,147029,11762,2049,1138,1712,2039,1135,1643,97,100,0,601,2095
revised2ule,290,84,2053,1136,1672,487,3,147062,11765,2054,1138,1714,2049,1135,1650,98,100,0,601,2080
revised2ule,290,85,2048,1138,1643,493,3,147055,11764,2053,1139,1709,2048,1135,1641,98,100,0,601,2077
revised2ule,290,86,2042,1135,1648,499,3,147058,11764,2048,1139,1699,2042,1134,1639,98,100,0,601,2069
revised2ule,290,87,2046,1136,1655,504,4,147065,11765,2046,1138,1708,2039,1134,1642,98,100,0,601,2080
revised2ule,290,88,2050,1138,1661,510,4,147079,11766,2051,1139,1712,2046,1135,1646,98,100,0,601,2077
revised2ule,290,89,2042,1136,1644,516,4,147080,11766,2051,1138,1700,2042,1135,1639,98,100,0,601,2063
revised2ule,290,90,2039,1137,1644,521,4,147098,11767,2042,1139,1699,2038,1134,1638,98,100,0,601,2077
revised2ule,290,91,2039,1137,1644,527,4,147084,11766,2040,1138,1701,2038,1135,1640,98,100,0,601,2063
revised2ule,290,92,2037,1138,1663,533,4,147085,11766,2039,1140,1697,2037,1136,1637,98,100,0,601,2069
revised2ule,290,93,2038,1138,1670,538,4,147087,11766,2039,1140,1697,2036,1136,1638,98,100,0,601,2069
revised2ule,290,94,2038,1137,1647,544,4,147087,11767,2038,1139,1692,2036,1136,1637,98,100,0,601,2063
revised2ule,290,95,2046,1137,1666,550,4,147095,11767,2046,1139,1711,2037,1136,1636,98,100,0,601,2083
revised2ule,290,96,2050,1135,1660,556,4,147119,11769,2050,1139,1712,2046,1134,1651,98,100,0,601,2083
revised2ule,290,97,2040,1136,1645,561,4,147104,11768,2050,1138,1696,2040,1135,1640,98,100,0,601,2072
revised2ule,290,98,2049,1136,1654,567,4,147115,11769,2049,1138,1709,2040,1135,1645,98,100,0,601,2083
revised2ule,290,99,2043,1136,1662,573,4,147120,11769,2050,1138,1709,2043,1135,1639,99,100,0,601,2063
revised2ule,290,100,2039,1136,1668,578,4,147121,11769,2043,1138,1697,2038,1134,1640,98,100,0,601,2066
revised2ule,290,101,2036,1136,1649,584,4,147120,11769,2039,1137,1697,2036,1135,1639,98,100,0,601,2060
revised2ule,290,102,2037,1136,1662,590,4,147135,11770,2038,1139,1696,2036,1135,1639,98,100,0,601,2066
revised2ule,290,103,2037,1137,1651,595,4,147120,11769,2038,1138,1698,2036,1135,1639,98,100,0,601,2063
revised2ule,290,104,2038,1137,1643,601,4,147120,11769,2038,1138,1699,2035,1135,1638,98,100,0,601,2075
revised2ule,290,105,2037,1135,1646,607,4,147121,11769,2038,1138,1699,2036,1134,1639,98,100,0,601,2066
revised2ule,290,106,2036,1137,1648,612,4,147133,11770,2037,1138,1697,2035,1134,1639,98,100,0,601,2066
revised2ule,290,107,2038,1137,1646,618,4,147134,11770,2038,1138,1696,2035,1136,1639,98,100,0,601,2072
revised2ule,290,108,2038,1137,1641,624,4,147121,11769,2040,1138,1701,2036,1135,1638,98,100,0,601,2069
revised2ule,290,109,2043,1136,1669,629,5,147126,11770,2043,1138,1708,2037,1134,1641,97,100,0,601,2089
revised2ule,290,110,2045,1136,1659,635,5,147133,11770,2048,1138,1706,2043,1134,1642,99,100,0,601,2060
revised2ule,290,111,2039,1136,1655,641,5,147133,11770,2045,1137,1697,2039,1134,1641,98,100,0,601,2069
revised2ule,290,112,2039,1137,1642,646,5,147133,11770,2041,1138,1697,2038,1134,1642,99,100,0,601,2058
revised2ule,290,113,2038,1137,1653,652,5,147134,11770,2039,1138,1699,2036,1133,1641,98,100,0,601,2072
revised2ule,290,114,2038,1138,1642,658,5,147135,11770,2040,1139,1697,2037,1134,1637,98,100,0,601,2063
revised2ule,290,115,2044,1137,1668,663,5,147152,11772,2044,1139,1707,2037,1136,1638,97,100,0,601,2086
revised2ule,290,116,2046,1137,1641,669,5,147145,11771,2048,1138,1709,2044,1136,1639,99,100,0,601,2063
revised2ule,290,117,2040,1137,1650,675,5,147145,11771,2046,1139,1699,2039,1136,1637,98,100,0,601,2075
revised2ule,290,118,2043,1137,1662,680,5,147148,11771,2043,1138,1699,2037,1135,1636,97,100,0,601,2089
revised2ule,290,119,2048,1137,1664,686,5,147155,11772,2049,1139,1710,2043,1136,1646,98,100,0,601,2075
revised2ule,290,120,2047,1137,1673,692,5,147162,11772,2049,1139,1706,2046,1136,1646,98,100,0,601,2083
revised2ule,290,121,2039,1137,1639,698,5,147173,11773,2048,1139,1702,2039,1135,1636,98,100,0,601,2066
revised2ule,290,122,2046,1137,1680,703,5,147168,11773,2046,1138,1705,2038,1135,1638,98,100,0,601,2075
revised2ule,290,123,2045,1138,1659,709,5,147173,11773,2048,1138,1706,2045,1135,1641,99,100,0,600,2058
revised2ule,290,124,2043,1136,1649,715,5,147176,11774,2048,1139,1707,2042,1135,1638,98,100,0,600,2077
revised2ule,290,125,2049,1136,1651,720,5,147183,11774,2050,1138,1706,2043,1134,1645,99,100,0,601,2069
revised2ule,290,126,2041,1136,1655,726,5,147196,11775,2049,1139,1698,2041,1134,1638,98,100,0,601,2072
revised2ule,290,127,2038,1135,1644,732,5,147184,11774,2042,1138,1698,2038,1134,1640,99,100,0,601,2058
revised2ule,290,128,2039,1135,1651,737,5,147196,11775,2040,1137,1698,2038,1133,1639,98,100,0,600,2072
revised2ule,290,129,2039,1136,1644,743,5,147185,11774,2040,1137,1702,2037,1134,1641,98,100,0,600,2063
revised2ule,290,130,2037,1135,1651,749,5,147185,11774,2039,1138,1698,2037,1134,1638,98,100,0,600,2069
revised2ule,290,131,2047,1138,1654,754,6,147191,11775,2047,1138,1712,2037,1134,1646,98,100,0,600,2080
revised2ule,290,132,2051,1139,1656,760,6,147199,11775,2051,1140,1709,2045,1134,1647,98,100,0,600,2086
revised2ule,290,133,2041,1138,1654,766,6,147198,11775,2051,1140,1693,2041,1136,1634,98,100,0,600,2063
revised2ule,290,134,2038,1137,1642,772,6,147209,11776,2041,1138,1690,2037,1134,1636,98,100,0,600,2069
revised2ule,290,135,2048,1137,1660,777,6,147205,11776,2048,1139,1709,2037,1135,1639,98,100,0,600,2080
revised2ule,290,136,2051,1136,1658,783,6,147213,11777,2052,1137,1709,2048,1134,1649,98,100,0,600,2086
revised2ule,290,137,2050,1137,1658,789,6,147220,11777,2052,1139,1711,2050,1134,1648,98,100,0,599,2072
revised2ule,290,138,2044,1139,1650,794,6,147221,11777,2051,1139,1697,2043,1134,1641,98,100,0,600,2069
revised2ule,290,139,2048,1139,1640,800,6,147226,11778,2049,1140,1707,2044,1134,1638,99,100,0,600,2066
revised2ule,290,140,2041,1138,1649,806,6,147226,11778,2048,1140,1693,2040,1134,1637,98,100,0,599,2077
revised2ule,290,141,2045,1135,1662,812,6,147229,11778,2045,1139,1710,2038,1134,1638,98,100,0,600,2077
revised2ule,290,142,2050,1135,1663,817,6,147236,11778,2050,1136,1714,2045,1133,1650,98,100,0,599,2089
revised2ule,290,143,2055,1135,1654,823,6,147245,11779,2055,1136,1713,2050,1134,1652,98,100,0,599,2089
revised2ule,290,144,2043,1135,1657,829,6,147245,11779,2055,1136,1701,2043,1134,1640,98,100,0,600,2066
revised2ule,290,145,2042,1135,1661,834,6,147247,11779,2044,1136,1701,2041,1133,1642,98,100,0,600,2075
revised2ule,290,146,2049,1134,1658,840,6,147253,11780,2050,1136,1709,2042,1133,1653,98,100,0,600,2080
revised2ule,290,147,2045,1138,1646,846,6,147256,11780,2051,1139,1708,2045,1133,1640,98,100,0,600,2072
revised2ule,290,148,2045,1138,1650,851,6,147258,11780,2045,1139,1700,2041,1136,1638,98,100,0,600,2077
revised2ule,290,149,2049,1137,1680,857,6,147264,11781,2050,1139,1705,2045,1135,1644,98,100,0,600,2077
revised2ule,290,150,2041,1137,1659,863,6,147264,11781,2049,1139,1695,2041,1135,1637,99,100,0,600,2058
revised2ule,290,151,2048,1137,1657,869,6,147270,11781,2048,1139,1713,2040,1135,1640,98,100,0,600,2080
revised2ule,290,152,2045,1139,1639,874,6,147272,11781,2050,1139,1705,2045,1135,1638,99,100,0,601,2063
revised2ule,290,153,2039,1138,1643,880,7,147271,11781,2045,1139,1694,2038,1136,1637,98,100,0,601,2069
revised2ule,290,154,2039,1137,1642,886,7,147271,11781,2040,1139,1700,2037,1135,1637,98,100,0,601,2075
revised2ule,290,155,2037,1138,1641,891,7,147270,11781,2039,1139,1697,2037,1135,1637,98,100,0,601,2069
revised2ule,290,156,2043,1138,1657,897,7,147281,11782,2043,1139,1706,2037,1136,1637,97,100,0,601,2089
revised2ule,290,157,2047,1137,1652,903,7,147276,11782,2047,1139,1708,2043,1135,1644,98,100,0,601,2075
revised2ule,290,158,2041,1137,1654,908,7,147286,11782,2047,1138,1702,2040,1135,1639,98,100,0,601,2075
revised2ule,290,159,2040,1136,1643,914,7,147286,11782,2041,1138,1699,2038,1136,1638,98,100,0,601,2072
revised2ule,290,160,2037,1136,1679,920,7,147276,11782,2040,1138,1700,2037,1135,1639,98,100,0,601,2060
revised2ule,290,161,2041,1137,1662,926,7,147279,11782,2044,1138,1709,2037,1135,1641,98,100,0,601,2063
revised2ule,290,162,2037,1137,1642,931,7,147277,11782,2042,1138,1696,2037,1133,1640,98,100,0,601,2058
revised2ule,290,163,2037,1135,1654,937,7,147275,11782,2038,1138,1699,2035,1134,1638,98,100,0,601,2069
revised2ule,290,164,2038,1134,1646,943,7,147275,11782,2038,1136,1697,2036,1134,1640,98,100,0,601,2066
revised2ule,290,165,2036,1139,1653,948,7,147274,11781,2038,1139,1702,2036,1133,1638,98,100,0,601,2063
revised2ule,290,166,2038,1138,1662,954,7,147273,11781,2038,1139,1695,2036,1135,1636,98,100,0,601,2069
revised2ule,290,167,2046,1139,1650,960,7,147277,11782,2046,1140,1705,2038,1136,1639,98,100,0,601,2080
revised2ule,290,168,2050,1138,1682,965,7,147283,11782,2050,1140,1707,2046,1137,1647,98,100,0,601,2080
revised2ule,290,169,2041,1139,1655,971,7,147291,11783,2050,1140,1698,2041,1137,1635,99,100,0,601,2060
revised2ule,290,170,2038,1139,1653,977,7,147282,11782,2041,1140,1694,2038,1137,1637,98,100,0,601,2069
revised2ule,290,171,2048,1139,1651,982,7,147295,11783,2048,1139,1705,2038,1136,1641,98,100,0,601,2077
revised2ule,290,172,2050,1136,1660,988,7,147300,11784,2050,1139,1707,2047,1136,1648,98,100,0,601,2083
revised2ule,290,173,2051,1137,1653,994,7,147305,11784,2053,1139,1709,2050,1135,1648,98,100,0,601,2089
revised2ule,290,174,2045,1137,1650,1000,8,147307,11784,2051,1140,1711,2045,1135,1635,99,100,0,601,2063
revised2ule,290,175,2039,1137,1650,1005,8,147298,11783,2045,1140,1696,2039,1136,1638,98,100,0,601,2072
revised2ule,290,176,2043,1137,1700,1011,8,147300,11784,2043,1138,1708,2037,1135,1639,98,100,0,601,2069
revised2ule,290,177,2048,1138,1670,1017,8,147304,11784,2048,1139,1703,2043,1136,1644,98,100,0,601,2077
revised2ule,290,178,2048,1137,1659,1022,8,147308,11784,2051,1139,1703,2047,1134,1647,98,100,0,601,2069
revised2ule,290,179,2051,1138,1652,1028,8,147312,11785,2051,1140,1704,2047,1136,1646,98,100,0,601,2086
revised2ule,290,180,2047,1138,1675,1034,8,147323,11785,2051,1140,1702,2046,1137,1635,98,100,0,601,2080
revised2ule,290,181,2052,1140,1659,1039,8,147320,11785,2052,1141,1709,2047,1138,1647,98,100,0,601,2092
revised2ule,290,182,2047,1140,1650,1045,8,147321,11785,2052,1140,1709,2045,1138,1637,98,100,0,601,2077
revised2ule,290,183,2041,1140,1644,1051,8,147322,11785,2049,1141,1704,2041,1138,1634,98,100,0,601,2072
revised2ule,290,184,2045,1137,1693,1056,8,147324,11785,2045,1140,1708,2039,1137,1637,98,100,0,601,2072
revised2ule,290,185,2050,1137,1664,1062,8,147329,11786,2050,1140,1710,2045,1136,1648,98,100,0,601,2083
revised2ule,290,186,2042,1139,1640,1068,8,147329,11786,2052,1140,1695,2042,1135,1636,99,100,0,600,2055
revised2ule,290,187,2049,1138,1659,1074,8,147333,11786,2049,1140,1711,2041,1137,1638,98,100,0,600,2080
revised2ule,290,188,2045,1138,1640,1079,8,147343,11787,2049,1141,1702,2045,1136,1638,98,100,0,600,2066
revised2ule,290,189,2038,1138,1643,1085,8,147333,11786,2045,1140,1695,2038,1136,1634,98,100,0,601,2063
revised2ule,290,190,2047,1138,1652,1091,8,147338,11787,2047,1140,1705,2038,1136,1643,98,100,0,601,2083
revised2ule,290,191,2049,1139,1676,1096,8,147342,11787,2051,1141,1706,2047,1137,1647,98,100,0,601,2072
revised2ule,290,192,2044,1137,1645,1102,8,147350,11788,2050,1141,1704,2043,1137,1636,98,100,0,601,2075
revised2ule,290,193,2039,1139,1639,1108,8,147342,11787,2044,1141,1695,2039,1136,1634,98,100,0,601,2069
revised2ule,290,194,2043,1139,1704,1113,8,147343,11787,2043,1142,1704,2038,1138,1635,98,100,0,601,2080
revised2ule,290,195,2040,1139,1667,1119,8,147343,11787,2046,1141,1704,2040,1137,1636,98,100,0,601,2066
revised2ule,290,196,2043,1139,1653,1125,9,147351,11788,2043,1141,1699,2038,1138,1634,98,100,0,601,2072
revised2ule,290,197,2051,1141,1655,1131,9,147349,11787,2051,1141,1707,2043,1138,1644,98,100,0,601,2083
revised2ule,290,198,2041,1139,1636,1136,9,147348,11787,2051,1141,1691,2041,1138,1635,98,100,0,601,2063
revised2ule,290,199,2038,1141,1644,1142,9,147354,11788,2041,1142,1693,2037,1138,1633,98,100,0,601,2072
revised2ule,290,200,2043,1140,1649,1148,9,147348,11787,2044,1141,1706,2036,1139,1634,98,100,0,601,2069
revised2ule,290,201,2049,1140,1658,1153,9,147352,11788,2049,1141,1707,2043,1138,1643,97,100,0,601,2092
revised2ule,290,202,2051,1141,1648,1159,9,147363,11789,2051,1142,1703,2049,1138,1644,98,100,0,601,2086
revised2ule,290,203,2049,1138,1654,1165,9,147359,11788,2051,1141,1704,2049,1138,1643,98,100,0,601,2072
revised2ule,290,204,2041,1139,1647,1170,9,147359,11788,2049,1142,1700,2041,1138,1631,98,100,0,601,2072
revised2ule,290,205,2038,1140,1638,1176,9,147358,11788,2041,1142,1692,2038,1139,1634,98,100,0,601,2063
revised2ule,290,206,2037,1139,1695,1182,9,147357,11788,2039,1141,1695,2037,1138,1635,98,100,0,601,2069
revised2ule,290,207,2038,1139,1652,1187,9,147357,11788,2039,1141,1695,2036,1138,1634,98,100,0,601,2060
revised2ule,290,208,2046,1138,1668,1193,9,147360,11788,2047,1142,1708,2038,1138,1634,98,100,0,601,2072
revised2ule,290,209,2047,1138,1639,1199,9,147362,11789,2051,1141,1708,2046,1137,1638,98,100,0,601,2077
revised2ule,290,210,2043,1140,1691,1205,9,147363,11789,2048,1141,1706,2043,1137,1633,99,100,0,601,2060
revised2ule,290,211,2039,1139,1653,1210,9,147363,11789,2043,1141,1695,2039,1138,1634,98,100,0,601,2063
revised2ule,290,212,2048,1140,1647,1216,9,147366,11789,2049,1141,1708,2039,1136,1645,98,100,0,601,2072
revised2ule,290,213,2050,1140,1660,1222,9,147377,11790,2051,1141,1704,2048,1139,1641,98,100,0,601,2089
revised2ule,290,214,2050,1139,1651,1227,9,147373,11789,2051,1141,1701,2048,1137,1642,98,100,0,600,2080
revised2ule,290,215,2050,1139,1657,1233,9,147383,11790,2052,1141,1707,2048,1139,1642,98,100,0,600,2083
revised2ule,290,216,2052,1141,1645,1239,9,147380,11790,2052,1141,1704,2048,1138,1643,97,100,0,600,2095
revised2ule,290,217,2051,1141,1686,1245,9,147383,11790,2052,1142,1703,2050,1139,1642,98,100,0,601,2075
revised2ule,290,218,2045,1140,1649,1250,10,147385,11790,2051,1142,1701,2045,1139,1633,98,100,0,601,2066
revised2ule,290,219,2049,1137,1655,1256,10,147388,11791,2049,1142,1704,2044,1137,1641,98,100,0,600,2077
revised2ule,290,220,2050,1140,1656,1262,10,147391,11791,2050,1142,1703,2047,1136,1643,98,100,0,600,2086
revised2ule,290,221,2043,1141,1638,1267,10,147391,11791,2051,1142,1702,2043,1139,1632,98,100,0,601,2072
revised2ule,290,222,2044,1140,1659,1273,10,147392,11791,2044,1142,1698,2039,1139,1633,98,100,0,601,2083
revised2ule,290,223,2045,1140,1650,1279,10,147400,11792,2048,1142,1707,2044,1138,1633,98,100,0,601,2075
revised2ule,290,224,2044,1140,1685,1285,10,147394,11791,2045,1142,1703,2041,1139,1634,98,100,0,601,2075
revised2ule,290,225,2049,1140,1673,1290,10,147398,11791,2049,1141,1704,2044,1139,1645,98,100,0,601,2080
revised2ule,290,226,2047,1140,1649,1296,10,147399,11791,2050,1142,1702,2044,1138,1634,98,100,0,601,2072
revised2ule,290,227,2049,1141,1658,1302,10,147402,11792,2050,1142,1705,2046,1139,1642,98,100,0,601,2080
revised2ule,290,228,2053,1140,1646,1307,10,147406,11792,2053,1142,1707,2049,1138,1642,98,100,0,601,2092
revised2ule,290,229,2050,1141,1647,1313,10,147409,11792,2053,1142,1703,2050,1138,1642,98,100,0,601,2080
revised2ule,290,230,2041,1139,1649,1319,10,147408,11792,2051,1141,1700,2041,1138,1634,98,100,0,601,2069
revised2ule,290,231,2044,1140,1670,1324,10,147410,11792,2046,1142,1704,2041,1137,1634,98,100,0,601,2069
revised2ule,290,232,2043,1139,1656,1330,10,147411,11792,2048,1141,1702,2043,1138,1634,98,100,0,601,2066
revised2ule,290,233,2039,1139,1642,1336,10,147410,11792,2043,1142,1693,2038,1138,1633,98,100,0,601,2063
revised2ule,290,234,2037,1141,1637,1341,10,147415,11793,2039,1142,1691,2036,1138,1632,98,100,0,601,2060
revised2ule,290,235,2042,1139,1693,1347,10,147410,11792,2044,1141,1703,2036,1137,1632,98,100,0,601,2069
revised2ule,290,236,2049,1141,1649,1353,10,147413,11793,2050,1142,1703,2042,1139,1645,98,100,0,601,2072
revised2ule,290,237,2047,1141,1640,1358,10,147415,11793,2052,1142,1701,2047,1139,1635,98,100,0,601,2077
revised2ule,290,238,2052,1140,1663,1364,10,147419,11793,2053,1142,1701,2046,1139,1640,98,100,0,601,2083
revised2ule,290,239,2046,1140,1665,1370,10,147420,11793,2053,1141,1702,2046,1139,1636,99,100,0,601,2058
revised2ule,290,240,2040,1139,1646,1376,11,147420,11793,2046,1141,1692,2040,1139,1634,98,100,0,601,2066
revised2ule,290,241,2044,1139,1640,1381,11,147421,11793,2047,1141,1702,2040,1138,1634,99,100,0,601,2060
revised2ule,290,242,2041,1140,1656,1387,11,147421,11793,2044,1142,1691,2040,1138,1634,98,100,0,601,2072
revised2ule,290,243,2039,1141,1635,1393,11,147420,11793,2041,1142,1689,2038,1137,1634,98,100,0,601,2060
revised2ule,290,244,2038,1141,1641,1398,11,147419,11793,2040,1142,1690,2037,1138,1634,98,100,0,601,2072
revised2ule,290,245,2037,1141,1638,1404,11,147417,11793,2039,1142,1691,2036,1139,1634,98,100,0,601,2069
revised2ule,290,246,2036,1138,1653,1410,11,147416,11793,2037,1142,1687,2035,1137,1631,98,100,0,601,2069
revised2ule,290,247,2039,1140,1638,1415,11,147415,11793,2039,1142,1691,2035,1137,1633,98,100,0,601,2077
revised2ule,290,248,2041,1140,1650,1421,11,147415,11793,2041,1142,1696,2036,1137,1634,98,100,0,601,2077
revised2ule,290,249,2049,1141,1689,1427,11,147418,11793,2049,1142,1705,2041,1138,1644,98,100,0,601,2080
revised2ule,290,250,2048,1141,1645,1432,11,147420,11793,2050,1142,1701,2045,1138,1634,98,100,0,601,2069
revised2ule,290,251,2049,1139,1668,1438,11,147422,11793,2050,1142,1710,2047,1138,1644,98,100,0,601,2083
revised2ule,290,252,2047,1140,1640,1444,11,147424,11793,2051,1142,1702,2047,1138,1638,99,100,0,601,2063
revised2ule,290,253,2039,1142,1639,1450,11,147423,11793,2047,1142,1692,2039,1138,1633,98,100,0,601,2063
revised2ule,290,254,2039,1139,1653,1455,11,147422,11793,2041,1142,1691,2037,1138,1631,98,100,0,601,2075
revised2ule,290,255,2037,1139,1637,1461,11,147421,11793,2040,1141,1692,2037,1138,1633,98,100,0,601,2063
revised2ule,290,256,2037,1138,1679,1467,11,147420,11793,2038,1142,1692,2036,1138,1634,98,100,0,601,2066
revised2ule,290,257,2042,1140,1654,1472,11,147421,11793,2043,1141,1706,2037,1138,1635,98,100,0,601,2069
revised2ule,290,258,2048,1139,1662,1478,11,147423,11793,2049,1141,1706,2042,1138,1644,98,100,0,601,2086
revised2ule,290,259,2042,1140,1638,1484,11,147423,11793,2049,1141,1707,2041,1137,1636,98,100,0,601,2069
revised2ule,290,260,2038,1139,1638,1489,11,147421,11793,2042,1140,1691,2037,1138,1632,98,100,0,601,2063
revised2ule,290,261,2038,1140,1647,1495,11,147420,11793,2039,1141,1691,2036,1137,1633,98,100,0,601,2069
revised2ule,290,262,2042,1140,1651,1501,12,147420,11793,2042,1141,1704,2035,1138,1633,98,100,0,601,2077
revised2ule,290,263,2047,1140,1654,1506,12,147423,11793,2047,1142,1702,2042,1138,1643,98,100,0,601,2083
revised2ule,290,264,2042,1141,1638,1512,12,147422,11793,2049,1142,1697,2042,1139,1632,98,100,0,601,2063
revised2ule,290,265,2037,1140,1649,1518,12,147426,11794,2042,1141,1690,2036,1138,1631,98,100,0,601,2069
revised2ule,290,266,2039,1141,1658,1524,12,147425,11794,2039,1141,1691,2037,1138,1634,98,100,0,601,2075
revised2ule,290,267,2037,1139,1638,1529,12,147418,11793,2039,1141,1694,2037,1136,1634,98,100,0,601,2066
revised2ule,290,268,2042,1139,1662,1535,12,147424,11793,2042,1141,1701,2036,1138,1633,97,100,0,601,2086
revised2ule,290,269,2043,1140,1637,1541,12,147425,11794,2048,1141,1706,2042,1137,1636,99,100,0,601,2063
revised2ule,290,270,2039,1138,1649,1546,12,147419,11793,2043,1141,1691,2039,1136,1633,98,100,0,601,2072
revised2ule,290,271,2037,1140,1645,1552,12,147418,11793,2041,1141,1693,2037,1137,1633,98,100,0,601,2063
revised2ule,290,272,2041,1139,1669,1558,12,147418,11793,2041,1142,1699,2036,1139,1634,98,100,0,601,2077
revised2ule,290,273,2041,1138,1643,1563,12,147424,11793,2044,1140,1701,2041,1137,1635,99,100,0,600,2060
revised2ule,290,274,2044,1138,1655,1569,12,147419,11793,2044,1141,1704,2040,1137,1636,98,100,0,600,2072
revised2ule,290,275,2049,1139,1655,1575,12,147427,11794,2049,1140,1703,2044,1136,1647,98,100,0,600,2086
revised2ule,290,276,2049,1140,1647,1580,12,147423,11793,2050,1141,1701,2047,1138,1644,98,100,0,600,2075
revised2ule,290,277,2044,1140,1646,1586,12,147424,11793,2050,1141,1699,2043,1138,1634,98,100,0,601,2075
revised2ule,290,278,2038,1141,1634,1592,12,147423,11793,2044,1142,1690,2038,1138,1632,98,100,0,601,2063
revised2ule,290,279,2039,1140,1664,1598,12,147422,11793,2039,1142,1690,2036,1139,1633,98,100,0,601,2075
revised2ule,290,280,2037,1140,1643,1603,12,147421,11793,2040,1142,1688,2036,1139,1631,98,100,0,601,2063
revised2ule,290,281,2043,1140,1640,1609,12,147422,11793,2043,1142,1697,2037,1138,1636,98,100,0,601,2075
revised2ule,290,282,2037,1139,1638,1615,12,147421,11793,2043,1141,1694,2037,1137,1634,98,100,0,601,2063
revised2ule,290,283,2039,1139,1637,1620,12,147420,11793,2039,1140,1694,2036,1136,1636,98,100,0,601,2072
revised2ule,290,284,2038,1139,1637,1626,13,147419,11793,2039,1141,1689,2036,1138,1632,97,100,0,601,2080
revised2ule,290,285,2036,1140,1638,1632,13,147423,11793,2038,1141,1691,2036,1138,1632,98,100,0,601,2060
revised2ule,290,286,2035,1140,1639,1637,13,147416,11793,2037,1142,1686,2034,1138,1631,98,100,0,601,2069
revised2ule,290,287,1973,1140,1591,1643,13,147412,11792,2036,1142,1689,1973,1138,1565,98,100,0,601,2001
revised2ule,290,288,2043,1140,1651,1649,13,147404,11792,2044,1142,1707,1973,1139,1586,98,100,0,601,2069
revised2ule,290,289,1694,1141,1372,1654,13,147372,11789,2044,1143,1688,1694,1138,1371,98,100,0,601,1716
Processed 290 lines from power meter
There were 0 errors in reading from the meter
