RunId,NumDataLines,SeqNum,Watts,Amps,WattHours,Cost,MoKWh,MoCost,MaxWatts,MaxVolts,MaxAmps,MinWatts,MinVolts,MinAmps,Factor,DutyCycle,PowerCycle
revised4tas1mixG,542,0,2106,1122,1716,11,0,153212,12256,2115,1125,1776,2105,1121,1684,98,100,0,601,2140
revised4tas1mixG,542,1,2110,1123,1730,17,0,152909,12232,2110,1124,1790,2100,1122,1684,98,100,0,601,2137
revised4tas1mixG,542,2,2111,1123,1749,23,0,152836,12226,2116,1125,1792,2105,1122,1686,98,100,0,601,2143
revised4tas1mixG,542,3,2117,1124,1732,29,0,152891,12231,2119,1125,1797,2111,1121,1692,98,100,0,601,2149
revised4tas1mixG,542,4,2125,1124,1743,35,0,153022,12241,2125,1125,1765,2117,1123,1715,98,100,0,601,2154
revised4tas1mixG,542,5,2143,1124,1749,41,0,153573,12285,2146,1125,1814,2125,1123,1719,99,100,0,601,2154
revised4tas1mixG,542,6,2132,1123,1749,47,0,153385,12270,2143,1124,1769,2132,1122,1716,99,100,0,601,2151
revised4tas1mixG,542,7,2077,1124,1711,53,0,153215,12257,2132,1125,1763,2075,1122,1693,98,100,0,601,2112
revised4tas1mixG,542,8,2159,1123,1763,59,0,153342,12267,2160,1125,1783,2077,1121,1694,98,100,0,601,2188
revised4tas1mixG,542,9,2214,1123,1793,64,0,153527,12282,2217,1124,1851,2144,1121,1716,99,100,0,601,2225
revised4tas1mixG,542,10,2148,1123,1731,70,0,153693,12295,2214,1123,1827,2148,1121,1713,99,100,0,601,2149
revised4tas1mixG,542,11,2150,1123,1771,76,0,153797,12303,2151,1124,1830,2141,1122,1710,98,100,0,601,2174
revised4tas1mixG,542,12,2161,1123,1787,83,0,154061,12324,2161,1124,1811,2147,1121,1706,97,100,0,601,2211
revised4tas1mixG,542,13,2171,1122,1784,89,0,154159,12332,2171,1124,1821,2161,1121,1729,98,100,0,601,2200
revised4tas1mixG,542,14,2176,1122,1780,95,0,154352,12348,2176,1123,1808,2171,1121,1768,98,100,0,601,2208
revised4tas1mixG,542,15,2176,1123,1775,101,0,154515,12361,2177,1124,1824,2176,1121,1746,98,100,0,601,2214
revised4tas1mixG,542,16,2181,1124,1751,107,0,154681,12374,2181,1125,1835,2175,1122,1716,97,100,0,601,2240
revised4tas1mixG,542,17,2177,1124,1782,113,0,154802,12384,2181,1125,1820,2171,1122,1728,98,100,0,601,2220
revised4tas1mixG,542,18,2179,1124,1730,119,0,155026,12402,2189,1125,1854,2177,1122,1729,99,100,0,601,2197
revised4tas1mixG,542,19,2153,1124,1780,125,1,155014,12401,2235,1125,1853,2107,1122,1684,96,100,0,601,2225
revised4tas1mixG,542,20,2180,1124,1803,131,1,155159,12412,2180,1125,1826,2153,1122,1746,97,100,0,600,2228
revised4tas1mixG,542,21,2192,1124,1786,137,1,155313,12425,2193,1125,1852,2180,1122,1768,99,100,0,600,2211
revised4tas1mixG,542,22,2182,1125,1779,143,1,155409,12432,2193,1125,1832,2182,1122,1715,99,100,0,600,2183
revised4tas1mixG,542,23,2120,1123,1702,149,1,155381,12430,2182,1125,1833,2111,1122,1694,99,100,0,600,2126
revised4tas1mixG,542,24,2176,1125,1779,155,1,155416,12433,2182,1125,1831,2117,1122,1699,99,100,0,601,2191
revised4tas1mixG,542,25,2173,1124,1719,161,1,155453,12436,2176,1125,1827,2120,1122,1714,98,100,0,600,2200
revised4tas1mixG,542,26,2166,1125,1757,167,1,155450,12436,2173,1126,1820,2109,1123,1710,98,100,0,600,2194
revised4tas1mixG,542,27,2173,1123,1777,173,1,155505,12440,2173,1125,1835,2165,1122,1746,98,100,0,600,2203
revised4tas1mixG,542,28,2158,1124,1787,179,1,155508,12440,2174,1125,1821,2158,1122,1723,99,100,0,600,2166
revised4tas1mixG,542,29,2156,1125,1738,185,1,155508,12440,2159,1125,1813,2155,1122,1719,98,100,0,600,2186
revised4tas1mixG,542,30,2159,1123,1787,191,1,155525,12442,2160,1125,1840,2151,1122,1721,98,100,0,600,2191
revised4tas1mixG,542,31,2139,1122,1784,197,1,155548,12443,2167,1124,1829,2113,1122,1710,97,100,0,599,2197
revised4tas1mixG,542,32,2157,1122,1777,203,1,155562,12445,2158,1125,1821,2139,1121,1723,99,100,0,600,2177
revised4tas1mixG,542,33,2171,1122,1795,209,1,155627,12450,2228,1124,1842,2157,1120,1726,98,100,0,600,2203
revised4tas1mixG,542,34,2166,1125,1756,216,1,155640,12451,2172,1125,1805,2165,1121,1717,98,100,0,600,2205
revised4tas1mixG,542,35,2171,1124,1771,222,1,155676,12454,2173,1125,1835,2165,1122,1724,98,100,0,601,2203
revised4tas1mixG,542,36,2165,1124,1761,228,1,155686,12454,2171,1125,1806,2161,1122,1705,98,100,0,601,2191
revised4tas1mixG,542,37,2154,1123,1716,234,1,155676,12454,2168,1125,1833,2151,1122,1710,98,100,0,600,2197
revised4tas1mixG,542,38,2156,1124,1740,240,1,155681,12454,2157,1124,1808,2154,1121,1716,98,100,0,601,2180
revised4tas1mixG,542,39,2157,1123,1759,246,1,155679,12454,2157,1124,1818,2149,1122,1706,97,100,0,600,2203
revised4tas1mixG,542,40,2152,1125,1776,252,2,155672,12453,2160,1125,1810,2151,1121,1707,98,100,0,600,2180
revised4tas1mixG,542,41,2153,1122,1791,258,2,155714,12457,2163,1125,1839,2152,1120,1708,99,100,0,600,2166
revised4tas1mixG,542,42,2158,1123,1756,264,2,155687,12455,2161,1125,1822,2153,1120,1715,98,100,0,600,2186
revised4tas1mixG,542,43,2164,1121,1789,270,2,155700,12456,2164,1124,1834,2155,1120,1727,98,100,0,600,2203
revised4tas1mixG,542,44,2157,1122,1758,276,2,155698,12455,2167,1123,1828,2156,1120,1723,98,100,0,600,2197
revised4tas1mixG,542,45,2151,1122,1778,282,2,155715,12457,2157,1123,1808,2144,1119,1710,98,100,0,599,2183
revised4tas1mixG,542,46,2154,1121,1756,288,2,155682,12454,2157,1123,1811,2148,1120,1716,98,100,0,600,2180
revised4tas1mixG,542,47,2147,1123,1753,294,2,155665,12453,2155,1124,1813,2145,1120,1709,98,100,0,600,2180
revised4tas1mixG,542,48,2139,1121,1739,300,2,155637,12451,2148,1124,1798,2135,1121,1706,97,100,0,600,2183
revised4tas1mixG,542,49,2143,1121,1741,306,2,155625,12450,2146,1123,1806,2139,1118,1719,99,100,0,600,2163
revised4tas1mixG,542,50,2160,1122,1784,312,2,155642,12451,2160,1123,1841,2143,1120,1731,98,100,0,600,2191
revised4tas1mixG,542,51,2167,1122,1789,318,2,155660,12452,2167,1123,1795,2160,1120,1759,98,100,0,600,2203
revised4tas1mixG,542,52,2169,1121,1750,324,2,155683,12454,2176,1123,1833,2167,1120,1732,99,100,0,600,2180
revised4tas1mixG,542,53,2159,1122,1742,330,2,155680,12454,2169,1123,1816,2157,1121,1713,98,100,0,600,2188
revised4tas1mixG,542,54,2156,1121,1794,336,2,155678,12454,2159,1123,1805,2154,1120,1716,98,100,0,600,2197
revised4tas1mixG,542,55,2160,1121,1768,342,2,155686,12454,2161,1123,1845,2156,1119,1728,98,100,0,600,2197
revised4tas1mixG,542,56,2163,1123,1775,348,2,155724,12457,2164,1123,1790,2160,1121,1759,98,100,0,600,2191
revised4tas1mixG,542,57,2165,1123,1781,354,2,155699,12455,2165,1123,1835,2148,1121,1712,97,100,0,600,2214
revised4tas1mixG,542,58,2159,1123,1733,360,2,155699,12455,2166,1123,1817,2159,1121,1708,100,100,0,600,2159
revised4tas1mixG,542,59,2152,1120,1788,366,2,155690,12455,2159,1124,1815,2147,1120,1716,98,100,0,599,2194
revised4tas1mixG,542,60,2154,1122,1779,372,2,155689,12455,2157,1124,1806,2152,1119,1716,99,100,0,600,2171
revised4tas1mixG,542,61,2138,1123,1757,378,3,155665,12453,2156,1124,1811,2138,1120,1710,99,100,0,600,2157
revised4tas1mixG,542,62,2149,1123,1772,384,3,155661,12452,2149,1124,1820,2138,1121,1720,97,100,0,601,2197
revised4tas1mixG,542,63,2203,1123,1753,390,3,155677,12454,2217,1124,1837,2149,1120,1731,100,100,0,601,2203
revised4tas1mixG,542,64,2146,1122,1751,396,3,155695,12455,2203,1123,1835,2132,1119,1725,98,100,0,601,2183
revised4tas1mixG,542,65,2157,1121,1751,402,3,155673,12453,2157,1124,1821,2145,1120,1724,97,100,0,601,2208
revised4tas1mixG,542,66,2154,1123,1732,408,3,155669,12453,2160,1124,1820,2152,1119,1721,98,100,0,601,2183
revised4tas1mixG,542,67,2153,1122,1794,414,3,155667,12453,2155,1124,1814,2146,1120,1707,99,100,0,601,2171
revised4tas1mixG,542,68,2157,1124,1751,420,3,155665,12453,2158,1124,1827,2151,1121,1710,98,100,0,601,2191
revised4tas1mixG,542,69,2147,1123,1818,426,3,155680,12454,2158,1124,1843,2147,1122,1712,99,100,0,601,2154
revised4tas1mixG,542,70,2146,1122,1736,432,3,155652,12452,2156,1125,1818,2146,1121,1710,99,100,0,601,2157
revised4tas1mixG,542,71,2149,1125,1756,438,3,155671,12453,2155,1125,1819,2146,1121,1717,99,100,0,601,2168
revised4tas1mixG,542,72,2149,1126,1775,444,3,155639,12451,2149,1126,1819,2140,1123,1712,97,100,0,601,2197
revised4tas1mixG,542,73,2119,1126,1769,450,3,155621,12449,2154,1127,1810,2097,1124,1699,97,100,0,601,2168
revised4tas1mixG,542,74,2141,1125,1775,456,3,155617,12449,2142,1127,1817,2119,1123,1707,98,100,0,601,2177
revised4tas1mixG,542,75,2141,1125,1786,462,3,155605,12448,2144,1127,1818,2136,1124,1707,97,100,0,601,2203
revised4tas1mixG,542,76,2153,1125,1759,468,3,155608,12448,2153,1126,1801,2141,1123,1723,97,100,0,601,2197
revised4tas1mixG,542,77,2166,1125,1773,474,3,155617,12449,2166,1127,1834,2148,1124,1720,97,100,0,601,2214
revised4tas1mixG,542,78,2168,1125,1781,480,3,155630,12450,2173,1126,1828,2165,1124,1720,98,100,0,601,2197
revised4tas1mixG,542,79,2152,1123,1741,486,3,155619,12449,2168,1126,1813,2149,1123,1711,98,100,0,601,2186
revised4tas1mixG,542,80,2160,1124,1777,492,3,155622,12449,2160,1126,1825,2144,1123,1711,97,100,0,600,2208
revised4tas1mixG,542,81,2173,1125,1785,498,3,155640,12451,2173,1126,1825,2160,1123,1715,98,100,0,600,2203
revised4tas1mixG,542,82,2224,1124,1780,504,4,155664,12453,2240,1125,1844,2164,1123,1722,100,100,0,600,2224
revised4tas1mixG,542,83,2157,1126,1746,510,4,155668,12453,2224,1126,1829,2152,1123,1714,99,100,0,600,2174
revised4tas1mixG,542,84,2204,1124,1794,516,4,155676,12454,2207,1126,1848,2154,1123,1728,99,100,0,600,2217
revised4tas1mixG,542,85,2195,1124,1761,522,4,155703,12456,2204,1125,1837,2193,1123,1731,98,100,0,600,2222
revised4tas1mixG,542,86,2189,1124,1795,528,4,155741,12459,2195,1126,1841,2180,1122,1730,97,100,0,600,2234
revised4tas1mixG,542,87,2189,1124,1785,534,4,155748,12459,2193,1125,1852,2182,1122,1731,97,100,0,600,2248
revised4tas1mixG,542,88,2177,1125,1795,540,4,155766,12461,2192,1125,1849,2177,1123,1726,99,100,0,600,2191
revised4tas1mixG,542,89,2178,1123,1777,546,4,155782,12462,2181,1125,1831,2177,1123,1729,98,100,0,600,2205
revised4tas1mixG,542,90,2181,1124,1809,552,4,155818,12465,2181,1125,1833,2177,1122,1757,97,100,0,600,2231
revised4tas1mixG,542,91,2148,1124,1781,558,4,155800,12464,2184,1125,1820,2132,1123,1722,98,100,0,600,2188
revised4tas1mixG,542,92,2167,1123,1748,565,4,155812,12465,2171,1125,1836,2148,1122,1721,99,100,0,600,2180
revised4tas1mixG,542,93,2146,1124,1722,570,4,155799,12463,2167,1125,1808,2146,1122,1709,99,100,0,600,2154
revised4tas1mixG,542,94,2197,1123,1795,576,4,155811,12464,2198,1125,1839,2139,1122,1715,98,100,0,600,2225
revised4tas1mixG,542,95,2196,1124,1797,583,4,155855,12468,2197,1125,1823,2195,1122,1767,98,100,0,600,2228
revised4tas1mixG,542,96,2148,1124,1808,589,4,155836,12466,2196,1125,1810,2130,1122,1703,97,100,0,600,2211
revised4tas1mixG,542,97,2168,1124,1799,595,4,155847,12467,2168,1125,1825,2148,1122,1712,97,100,0,600,2217
revised4tas1mixG,542,98,2179,1124,1793,601,4,155880,12470,2180,1125,1821,2168,1122,1714,97,100,0,599,2228
revised4tas1mixG,542,99,2131,1123,1787,607,4,155878,12470,2190,1125,1829,2128,1122,1713,98,100,0,600,2174
revised4tas1mixG,542,100,2155,1123,1790,613,4,155881,12470,2155,1125,1829,2131,1122,1729,97,100,0,600,2203
revised4tas1mixG,542,101,2163,1124,1773,619,4,155885,12470,2163,1125,1818,2155,1123,1712,98,100,0,600,2205
revised4tas1mixG,542,102,2168,1125,1764,625,5,155893,12471,2172,1126,1822,2163,1122,1724,99,100,0,600,2183
revised4tas1mixG,542,103,2169,1125,1789,631,5,155913,12473,2169,1126,1816,2159,1122,1722,98,100,0,600,2211
revised4tas1mixG,542,104,2169,1124,1776,637,5,155903,12472,2170,1126,1816,2164,1123,1727,97,100,0,600,2217
revised4tas1mixG,542,105,2176,1125,1800,643,5,155917,12473,2176,1126,1824,2169,1123,1737,98,100,0,600,2208
revised4tas1mixG,542,106,2163,1125,1783,649,5,155919,12473,2178,1126,1815,2163,1122,1723,98,100,0,599,2186
revised4tas1mixG,542,107,2217,1125,1793,655,5,155928,12474,2217,1126,1842,2163,1123,1735,98,100,0,600,2245
revised4tas1mixG,542,108,2133,1125,1739,661,5,155921,12473,2217,1126,1841,2133,1123,1716,99,100,0,600,2151
revised4tas1mixG,542,109,2156,1125,1777,667,5,155922,12473,2156,1126,1830,2133,1123,1718,97,100,0,600,2205
revised4tas1mixG,542,110,2174,1125,1795,673,5,155935,12474,2174,1125,1856,2156,1123,1742,96,100,0,600,2242
revised4tas1mixG,542,111,2171,1124,1765,679,5,155938,12475,2174,1125,1841,2163,1123,1722,98,100,0,600,2200
revised4tas1mixG,542,112,2175,1125,1783,685,5,155948,12475,2176,1126,1834,2168,1123,1727,98,100,0,600,2197
revised4tas1mixG,542,113,2179,1124,1781,691,5,155962,12477,2185,1126,1832,2175,1123,1714,100,100,0,600,2179
revised4tas1mixG,542,114,2159,1123,1760,697,5,155957,12476,2179,1125,1816,2159,1121,1707,99,100,0,600,2180
revised4tas1mixG,542,115,2172,1125,1795,703,5,155981,12478,2172,1126,1826,2159,1121,1711,97,100,0,600,2220
revised4tas1mixG,542,116,2177,1125,1771,709,5,155979,12478,2181,1126,1797,2172,1123,1721,99,100,0,600,2188
revised4tas1mixG,542,117,2163,1124,1766,715,5,155977,12478,2177,1125,1824,2162,1122,1708,98,100,0,601,2197
revised4tas1mixG,542,118,2157,1125,1795,721,5,155972,12477,2163,1127,1813,2093,1123,1689,97,100,0,601,2222
revised4tas1mixG,542,119,2144,1125,1728,727,5,155963,12477,2164,1126,1834,2144,1123,1708,98,100,0,601,2171
revised4tas1mixG,542,120,2137,1124,1735,733,5,155961,12476,2144,1126,1812,2137,1123,1710,98,100,0,601,2163
revised4tas1mixG,542,121,2161,1123,1771,740,5,155952,12476,2161,1125,1820,2137,1122,1719,98,100,0,601,2203
revised4tas1mixG,542,122,2164,1123,1755,745,5,155954,12476,2164,1125,1830,2159,1122,1720,98,100,0,601,2208
revised4tas1mixG,542,123,2155,1124,1746,751,6,155950,12476,2164,1126,1804,2155,1122,1724,98,100,0,601,2180
revised4tas1mixG,542,124,2166,1126,1768,757,6,155955,12476,2166,1126,1825,2155,1123,1730,97,100,0,601,2214
revised4tas1mixG,542,125,2162,1125,1780,764,6,155967,12477,2168,1127,1818,2160,1124,1705,99,100,0,601,2180
revised4tas1mixG,542,126,2166,1126,1757,770,6,155958,12476,2168,1126,1797,2159,1124,1721,99,100,0,601,2183
revised4tas1mixG,542,127,2165,1124,1748,776,6,155972,12477,2166,1126,1818,2159,1122,1713,98,100,0,601,2208
revised4tas1mixG,542,128,2157,1124,1769,782,6,155959,12476,2172,1126,1826,2156,1123,1709,98,100,0,601,2197
revised4tas1mixG,542,129,2151,1124,1743,788,6,155954,12476,2160,1126,1826,2151,1123,1714,98,100,0,601,2183
revised4tas1mixG,542,130,2168,1124,1785,794,6,155961,12476,2171,1126,1837,2148,1122,1710,98,100,0,600,2197
revised4tas1mixG,542,131,2164,1125,1756,800,6,155965,12477,2174,1126,1835,2164,1122,1728,98,100,0,600,2186
revised4tas1mixG,542,132,2171,1122,1808,806,6,155972,12477,2171,1126,1821,2162,1122,1725,97,100,0,600,2220
revised4tas1mixG,542,133,2165,1126,1750,812,6,155973,12477,2176,1126,1821,2165,1121,1716,98,100,0,600,2188
revised4tas1mixG,542,134,2163,1126,1756,818,6,155975,12478,2166,1126,1808,2163,1123,1721,98,100,0,600,2194
revised4tas1mixG,542,135,2167,1124,1778,824,6,155981,12478,2168,1126,1829,2163,1123,1716,98,100,0,600,2208
revised4tas1mixG,542,136,2169,1124,1807,830,6,155986,12478,2171,1126,1825,2166,1123,1713,98,100,0,600,2191
revised4tas1mixG,542,137,2153,1124,1770,836,6,155982,12478,2175,1126,1833,2153,1123,1704,99,100,0,600,2168
revised4tas1mixG,542,138,2152,1125,1744,842,6,155981,12478,2166,1126,1827,2152,1123,1704,98,100,0,600,2174
revised4tas1mixG,542,139,2195,1126,1776,848,6,155987,12478,2210,1126,1837,2147,1123,1716,99,100,0,599,2203
revised4tas1mixG,542,140,2194,1125,1788,854,6,156002,12480,2195,1126,1838,2187,1123,1761,98,100,0,600,2231
revised4tas1mixG,542,141,2178,1124,1747,860,6,156008,12480,2194,1126,1840,2177,1123,1712,100,100,0,600,2178
revised4tas1mixG,542,142,2174,1125,1784,866,6,156018,12481,2237,1126,1849,2166,1123,1729,99,100,0,600,2194
revised4tas1mixG,542,143,2161,1126,1773,872,6,156016,12481,2174,1126,1809,2161,1123,1704,98,100,0,600,2197
revised4tas1mixG,542,144,2146,1126,1727,878,7,156008,12480,2163,1126,1805,2146,1124,1714,99,100,0,600,2154
revised4tas1mixG,542,145,2136,1126,1723,884,7,156015,12481,2200,1126,1829,2132,1124,1707,97,100,0,600,2194
revised4tas1mixG,542,146,2129,1126,1740,890,7,155997,12479,2136,1127,1783,2128,1124,1696,98,100,0,600,2171
revised4tas1mixG,542,147,2151,1127,1752,896,7,156006,12480,2151,1128,1804,2127,1125,1706,98,100,0,600,2188
revised4tas1mixG,542,148,2158,1127,1782,902,7,155995,12479,2158,1128,1813,2151,1125,1709,97,100,0,600,2211
revised4tas1mixG,542,149,2149,1127,1784,908,7,155990,12479,2167,1128,1816,2148,1126,1704,98,100,0,601,2188
revised4tas1mixG,542,150,2160,1128,1730,914,7,155993,12479,2162,1128,1809,2149,1126,1723,98,100,0,601,2183
revised4tas1mixG,542,151,2161,1128,1767,920,7,155993,12479,2161,1128,1818,2156,1126,1714,97,100,0,601,2214
revised4tas1mixG,542,152,2184,1127,1790,926,7,155998,12479,2184,1128,1818,2118,1126,1723,98,100,0,601,2214
revised4tas1mixG,542,153,2164,1127,1744,932,7,155997,12479,2184,1128,1801,2164,1124,1718,98,100,0,601,2191
revised4tas1mixG,542,154,2149,1128,1784,938,7,155990,12479,2164,1129,1792,2149,1126,1697,98,100,0,601,2174
revised4tas1mixG,542,155,2154,1128,1712,944,7,155988,12479,2163,1128,1815,2149,1125,1707,98,100,0,601,2177
revised4tas1mixG,542,156,2155,1128,1755,950,7,155986,12478,2155,1129,1799,2149,1125,1696,98,100,0,601,2194
revised4tas1mixG,542,157,2157,1128,1778,956,7,155984,12478,2158,1129,1805,2152,1127,1711,97,100,0,601,2205
revised4tas1mixG,542,158,2162,1129,1733,962,7,155989,12479,2175,1129,1838,2157,1127,1703,99,100,0,601,2180
revised4tas1mixG,542,159,2156,1128,1731,968,7,155988,12479,2166,1129,1820,2156,1127,1703,99,100,0,601,2177
revised4tas1mixG,542,160,2143,1129,1725,974,7,155979,12478,2156,1130,1798,2143,1126,1701,98,100,0,601,2171
revised4tas1mixG,542,161,2158,1128,1772,980,7,155979,12478,2158,1129,1802,2140,1127,1705,97,100,0,601,2203
revised4tas1mixG,542,162,2159,1129,1776,986,7,155978,12478,2161,1129,1822,2149,1126,1705,97,100,0,601,2214
revised4tas1mixG,542,163,2171,1128,1789,992,7,155985,12478,2171,1129,1834,2159,1126,1719,98,100,0,600,2211
revised4tas1mixG,542,164,2174,1127,1779,998,7,155993,12479,2179,1129,1801,2171,1125,1706,99,100,0,600,2191
revised4tas1mixG,542,165,2166,1127,1774,1004,8,155994,12479,2174,1129,1815,2165,1125,1703,98,100,0,600,2203
revised4tas1mixG,542,166,2167,1128,1750,1011,8,155998,12479,2174,1129,1832,2162,1126,1709,99,100,0,600,2188
revised4tas1mixG,542,167,2160,1128,1791,1017,8,156006,12480,2169,1129,1813,2154,1126,1706,97,100,0,600,2208
revised4tas1mixG,542,168,2182,1126,1777,1023,8,156009,12480,2182,1128,1831,2160,1125,1737,98,100,0,600,2208
revised4tas1mixG,542,169,2170,1127,1780,1029,8,156013,12481,2182,1128,1811,2170,1125,1704,99,100,0,600,2188
revised4tas1mixG,542,170,2166,1127,1772,1035,8,156015,12481,2172,1128,1815,2166,1125,1716,99,100,0,600,2183
revised4tas1mixG,542,171,2168,1127,1797,1041,8,156028,12482,2169,1129,1821,2164,1126,1714,97,100,0,600,2220
revised4tas1mixG,542,172,2161,1127,1779,1047,8,156020,12481,2177,1129,1835,2161,1125,1702,100,100,0,600,2161
revised4tas1mixG,542,173,2177,1126,1792,1053,8,156029,12482,2177,1130,1841,2161,1126,1718,97,100,0,600,2228
revised4tas1mixG,542,174,2169,1128,1758,1059,8,156030,12482,2179,1129,1816,2165,1126,1725,98,100,0,600,2197
revised4tas1mixG,542,175,2171,1128,1787,1065,8,156035,12482,2173,1130,1836,2163,1126,1702,98,100,0,600,2205
revised4tas1mixG,542,176,2190,1128,1786,1071,8,156050,12484,2190,1129,1836,2171,1127,1752,98,100,0,600,2220
revised4tas1mixG,542,177,2170,1128,1745,1077,8,156061,12484,2192,1129,1834,2170,1127,1708,100,100,0,600,2170
revised4tas1mixG,542,178,2182,1128,1783,1083,8,156062,12485,2184,1129,1839,2168,1127,1730,98,100,0,600,2211
revised4tas1mixG,542,179,2171,1127,1779,1089,8,156067,12485,2184,1129,1814,2171,1126,1697,98,100,0,600,2197
revised4tas1mixG,542,180,2165,1127,1782,1095,8,156067,12485,2171,1129,1804,2163,1125,1723,99,100,0,599,2177
revised4tas1mixG,542,181,2174,1127,1783,1101,8,156073,12485,2176,1129,1815,2162,1127,1705,98,100,0,600,2217
revised4tas1mixG,542,182,2186,1126,1803,1107,8,156084,12486,2186,1129,1829,2174,1126,1732,98,100,0,600,2228
revised4tas1mixG,542,183,2176,1128,1755,1113,8,156097,12487,2188,1129,1833,2176,1126,1700,99,100,0,600,2191
revised4tas1mixG,542,184,2168,1128,1743,1119,8,156091,12487,2178,1128,1824,2168,1124,1712,99,100,0,600,2174
revised4tas1mixG,542,185,2171,1129,1782,1126,9,156094,12487,2171,1129,1808,2162,1126,1718,98,100,0,599,2211
revised4tas1mixG,542,186,2180,1129,1804,1132,9,156102,12488,2180,1129,1826,2170,1126,1717,98,100,0,600,2217
revised4tas1mixG,542,187,2170,1128,1763,1138,9,156112,12488,2180,1129,1821,2169,1126,1718,98,100,0,600,2205
revised4tas1mixG,542,188,2168,1128,1755,1144,9,156105,12488,2170,1129,1813,2161,1127,1717,98,100,0,600,2200
revised4tas1mixG,542,189,2165,1127,1777,1150,9,156105,12488,2168,1129,1826,2159,1126,1705,97,100,0,600,2231
revised4tas1mixG,542,190,2176,1128,1794,1156,9,156112,12488,2176,1129,1829,2165,1126,1729,97,100,0,600,2228
revised4tas1mixG,542,191,2170,1127,1770,1162,9,156122,12489,2178,1128,1822,2163,1126,1717,97,100,0,601,2231
revised4tas1mixG,542,192,2170,1126,1754,1168,9,156118,12489,2185,1129,1832,2170,1125,1721,98,100,0,601,2194
revised4tas1mixG,542,193,2162,1128,1766,1174,9,156117,12489,2170,1129,1821,2160,1125,1710,98,100,0,601,2188
revised4tas1mixG,542,194,2157,1128,1750,1180,9,156116,12489,2169,1129,1829,2157,1126,1711,98,100,0,601,2183
revised4tas1mixG,542,195,2159,1128,1760,1186,9,156115,12489,2159,1130,1824,2152,1127,1715,98,100,0,601,2197
revised4tas1mixG,542,196,2158,1129,1743,1192,9,156112,12488,2160,1130,1799,2151,1127,1708,98,100,0,601,2188
revised4tas1mixG,542,197,2161,1128,1769,1198,9,156112,12489,2164,1129,1800,2158,1126,1723,98,100,0,601,2194
revised4tas1mixG,542,198,2182,1128,1755,1204,9,156121,12489,2182,1129,1831,2161,1126,1723,98,100,0,601,2220
revised4tas1mixG,542,199,2193,1129,1762,1210,9,156133,12490,2194,1129,1846,2177,1125,1724,98,100,0,601,2225
revised4tas1mixG,542,200,2155,1128,1791,1216,9,156140,12491,2230,1129,1863,2125,1127,1704,98,100,0,601,2191
revised4tas1mixG,542,201,2170,1127,1779,1222,9,156137,12490,2170,1129,1821,2155,1125,1733,98,100,0,601,2205
revised4tas1mixG,542,202,2172,1127,1773,1228,9,156141,12491,2172,1128,1783,2170,1125,1763,98,100,0,601,2200
revised4tas1mixG,542,203,2175,1127,1779,1234,9,156145,12491,2175,1128,1789,2172,1125,1764,98,100,0,601,2211
revised4tas1mixG,542,204,2179,1127,1785,1240,9,156152,12492,2179,1128,1788,2175,1126,1767,98,100,0,601,2208
revised4tas1mixG,542,205,2181,1127,1782,1246,9,156159,12492,2181,1128,1790,2179,1126,1770,98,100,0,601,2211
revised4tas1mixG,542,206,2177,1126,1800,1253,10,156164,12493,2181,1127,1800,2177,1125,1729,99,100,0,601,2183
revised4tas1mixG,542,207,2182,1126,1804,1259,10,156171,12493,2182,1128,1839,2174,1125,1720,98,100,0,601,2214
revised4tas1mixG,542,208,2177,1126,1801,1265,10,156178,12494,2189,1127,1830,2177,1125,1723,99,100,0,601,2191
revised4tas1mixG,542,209,2175,1125,1766,1271,10,156180,12494,2177,1127,1830,2170,1124,1723,98,100,0,601,2211
revised4tas1mixG,542,210,2159,1126,1754,1277,10,156178,12494,2175,1128,1819,2159,1125,1709,99,100,0,601,2177
revised4tas1mixG,542,211,2164,1126,1808,1283,10,156178,12494,2164,1128,1820,2156,1125,1720,98,100,0,601,2203
revised4tas1mixG,542,212,2178,1126,1744,1289,10,156184,12494,2178,1128,1835,2164,1125,1711,98,100,0,601,2217
revised4tas1mixG,542,213,2160,1126,1754,1295,10,156189,12495,2178,1128,1823,2160,1125,1708,98,100,0,601,2186
revised4tas1mixG,542,214,2159,1126,1770,1301,10,156181,12494,2165,1128,1803,2158,1125,1708,98,100,0,601,2197
revised4tas1mixG,542,215,2210,1125,1780,1307,10,156182,12494,2219,1127,1824,2154,1124,1722,99,100,0,601,2217
revised4tas1mixG,542,216,2143,1125,1798,1313,10,156189,12495,2210,1127,1831,2134,1124,1709,98,100,0,601,2183
revised4tas1mixG,542,217,2156,1125,1749,1319,10,156180,12494,2156,1127,1830,2143,1124,1711,97,100,0,601,2203
revised4tas1mixG,542,218,2161,1127,1746,1325,10,156180,12494,2162,1127,1815,2155,1125,1722,98,100,0,601,2197
revised4tas1mixG,542,219,2163,1126,1808,1331,10,156180,12494,2163,1128,1824,2157,1125,1709,98,100,0,601,2197
revised4tas1mixG,542,220,2156,1126,1772,1337,10,156177,12494,2165,1128,1808,2153,1125,1707,98,100,0,601,2197
revised4tas1mixG,542,221,2149,1125,1787,1343,10,156172,12493,2158,1128,1814,2145,1124,1703,97,100,0,601,2203
revised4tas1mixG,542,222,2152,1127,1779,1349,10,156169,12493,2155,1128,1799,2147,1125,1712,99,100,0,601,2171
revised4tas1mixG,542,223,2171,1127,1774,1355,10,156174,12493,2171,1129,1815,2152,1124,1722,98,100,0,601,2214
revised4tas1mixG,542,224,2172,1127,1775,1361,10,156184,12494,2176,1128,1822,2170,1125,1708,98,100,0,601,2211
revised4tas1mixG,542,225,2180,1127,1768,1367,10,156168,12493,2180,1129,1813,2113,1126,1692,99,100,0,601,2200
revised4tas1mixG,542,226,2113,1129,1726,1373,10,156167,12493,2180,1129,1810,2104,1126,1697,98,100,0,601,2154
revised4tas1mixG,542,227,2121,1127,1736,1379,11,156148,12491,2121,1129,1783,2113,1125,1710,98,100,0,601,2157
revised4tas1mixG,542,228,2124,1127,1780,1385,11,156136,12490,2124,1129,1802,2119,1127,1705,97,100,0,601,2174
revised4tas1mixG,542,229,2118,1127,1733,1391,11,156124,12489,2178,1129,1792,2118,1126,1708,99,100,0,600,2137
revised4tas1mixG,542,230,2098,1127,1751,1397,11,156111,12488,2178,1129,1810,2095,1126,1700,97,100,0,600,2149
revised4tas1mixG,542,231,2121,1127,1724,1403,11,156099,12487,2182,1128,1787,2098,1126,1699,98,100,0,600,2154
revised4tas1mixG,542,232,2145,1127,1718,1409,11,156103,12488,2146,1128,1820,2121,1124,1708,99,100,0,600,2163
revised4tas1mixG,542,233,2134,1126,1728,1415,11,156094,12487,2145,1128,1798,2134,1125,1699,98,100,0,600,2157
revised4tas1mixG,542,234,2127,1127,1732,1421,11,156083,12486,2134,1128,1772,2127,1125,1716,98,100,0,599,2157
revised4tas1mixG,542,235,2126,1127,1731,1426,11,156065,12485,2128,1128,1771,2125,1125,1713,98,100,0,600,2163
revised4tas1mixG,542,236,2126,1127,1746,1432,11,156055,12484,2126,1128,1775,2124,1126,1711,98,100,0,600,2163
revised4tas1mixG,542,237,2127,1127,1736,1438,11,156044,12483,2127,1128,1796,2125,1125,1715,98,100,0,599,2160
revised4tas1mixG,542,238,2122,1128,1714,1444,11,156032,12482,2129,1128,1771,2121,1125,1703,98,100,0,600,2157
revised4tas1mixG,542,239,2114,1128,1713,1450,11,156025,12482,2122,1128,1766,2114,1125,1705,99,100,0,600,2129
revised4tas1mixG,542,240,2102,1127,1711,1456,11,156000,12480,2114,1128,1764,2102,1126,1695,98,100,0,600,2129
revised4tas1mixG,542,241,2105,1126,1734,1462,11,155984,12478,2105,1128,1772,2100,1125,1699,98,100,0,600,2134
revised4tas1mixG,542,242,2121,1128,1711,1468,11,155974,12477,2122,1128,1769,2105,1125,1707,98,100,0,600,2151
revised4tas1mixG,542,243,2124,1128,1735,1474,11,155965,12477,2130,1128,1787,2119,1126,1699,98,100,0,600,2163
revised4tas1mixG,542,244,2128,1127,1721,1480,11,155957,12476,2134,1128,1789,2124,1126,1694,100,100,0,600,2128
revised4tas1mixG,542,245,2127,1126,1756,1486,11,155947,12475,2128,1128,1786,2125,1124,1706,98,100,0,600,2163
revised4tas1mixG,542,246,2125,1125,1749,1491,11,155937,12474,2127,1128,1783,2124,1124,1719,98,100,0,600,2154
revised4tas1mixG,542,247,2129,1128,1706,1497,11,155929,12474,2135,1128,1792,2125,1124,1706,99,100,0,600,2143
revised4tas1mixG,542,248,2113,1128,1703,1503,12,155916,12473,2129,1128,1779,2113,1126,1684,100,100,0,600,2113
revised4tas1mixG,542,249,2103,1127,1716,1509,12,155898,12471,2113,1128,1776,2099,1125,1685,98,100,0,600,2143
revised4tas1mixG,542,250,2113,1127,1737,1515,12,155886,12470,2113,1129,1781,2101,1126,1694,98,100,0,601,2151
revised4tas1mixG,542,251,2119,1127,1744,1521,12,155876,12470,2122,1128,1805,2113,1126,1701,98,100,0,601,2151
revised4tas1mixG,542,252,2124,1128,1754,1527,12,155867,12469,2124,1128,1780,2119,1126,1705,98,100,0,601,2163
revised4tas1mixG,542,253,2104,1127,1706,1533,12,155851,12468,2131,1128,1776,2104,1125,1687,99,100,0,600,2112
revised4tas1mixG,542,254,2088,1128,1707,1539,12,155830,12466,2104,1128,1722,2088,1126,1690,98,100,0,599,2112
revised4tas1mixG,542,255,2096,1126,1743,1544,12,155812,12465,2096,1128,1769,2085,1125,1687,97,100,0,600,2154
revised4tas1mixG,542,256,2097,1128,1713,1550,12,155796,12463,2105,1129,1760,2096,1126,1683,98,100,0,600,2134
revised4tas1mixG,542,257,2110,1127,1726,1556,12,155784,12462,2110,1129,1789,2097,1126,1690,98,100,0,599,2149
revised4tas1mixG,542,258,2103,1128,1713,1562,12,155768,12461,2110,1129,1734,2103,1126,1686,98,100,0,600,2131
revised4tas1mixG,542,259,2110,1126,1724,1568,12,155755,12460,2110,1129,1774,2102,1126,1693,98,100,0,600,2151
revised4tas1mixG,542,260,2111,1127,1726,1574,12,155749,12459,2117,1129,1770,2110,1125,1703,98,100,0,600,2134
revised4tas1mixG,542,261,2120,1128,1732,1580,12,155734,12458,2120,1129,1778,2111,1126,1708,98,100,0,600,2157
revised4tas1mixG,542,262,2121,1127,1734,1585,12,155724,12457,2124,1129,1783,2118,1127,1698,98,100,0,600,2149
revised4tas1mixG,542,263,2128,1128,1720,1591,12,155717,12457,2128,1129,1790,2121,1126,1704,98,100,0,600,2168
revised4tas1mixG,542,264,2131,1128,1721,1597,12,155711,12456,2133,1128,1778,2128,1125,1705,98,100,0,600,2168
revised4tas1mixG,542,265,2115,1128,1738,1603,12,155700,12456,2132,1129,1797,2115,1126,1696,98,100,0,600,2137
revised4tas1mixG,542,266,2131,1128,1761,1609,12,155695,12455,2131,1129,1808,2115,1126,1699,96,100,0,600,2200
revised4tas1mixG,542,267,2127,1128,1705,1615,12,155693,12455,2141,1129,1790,2127,1126,1690,99,100,0,599,2131
revised4tas1mixG,542,268,2116,1129,1703,1621,12,155682,12454,2127,1129,1766,2116,1126,1698,99,100,0,600,2131
revised4tas1mixG,542,269,2115,1127,1736,1627,13,155665,12453,2116,1129,1780,2113,1126,1699,98,100,0,600,2151
revised4tas1mixG,542,270,2117,1128,1722,1633,13,155661,12452,2118,1129,1766,2115,1126,1701,98,100,0,600,2154
revised4tas1mixG,542,271,2120,1129,1715,1639,13,155646,12451,2120,1129,1766,2117,1127,1704,98,100,0,599,2160
revised4tas1mixG,542,272,2125,1128,1734,1645,13,155638,12451,2125,1130,1787,2120,1128,1704,98,100,0,599,2154
revised4tas1mixG,542,273,2132,1129,1742,1651,13,155632,12450,2132,1130,1796,2125,1127,1709,97,100,0,600,2177
revised4tas1mixG,542,274,2134,1128,1754,1657,13,155628,12450,2137,1129,1778,2132,1127,1710,98,100,0,600,2163
revised4tas1mixG,542,275,2134,1129,1714,1663,13,155622,12449,2135,1129,1777,2133,1127,1712,98,100,0,600,2168
revised4tas1mixG,542,276,2133,1129,1726,1669,13,155618,12449,2212,1130,1824,2133,1127,1708,98,100,0,600,2160
revised4tas1mixG,542,277,2124,1128,1740,1674,13,155610,12448,2133,1129,1746,2124,1127,1706,98,100,0,600,2151
revised4tas1mixG,542,278,2123,1129,1736,1680,13,155607,12448,2124,1130,1783,2122,1128,1712,98,100,0,600,2149
revised4tas1mixG,542,279,2119,1129,1742,1686,13,155592,12447,2124,1130,1779,2119,1127,1700,98,100,0,600,2146
revised4tas1mixG,542,280,2129,1129,1734,1692,13,155587,12446,2129,1130,1770,2119,1128,1710,98,100,0,600,2160
revised4tas1mixG,542,281,2132,1129,1746,1698,13,155582,12446,2132,1130,1775,2129,1126,1712,98,100,0,600,2166
revised4tas1mixG,542,282,2134,1130,1734,1704,13,155577,12446,2135,1130,1779,2132,1127,1705,98,100,0,600,2163
revised4tas1mixG,542,283,2136,1129,1742,1710,13,155572,12445,2136,1130,1790,2134,1128,1715,98,100,0,600,2166
revised4tas1mixG,542,284,2136,1129,1736,1716,13,155568,12445,2136,1130,1782,2135,1128,1731,98,100,0,600,2166
revised4tas1mixG,542,285,2135,1129,1735,1722,13,155563,12445,2136,1130,1751,2135,1128,1731,98,100,0,601,2166
revised4tas1mixG,542,286,2135,1130,1737,1728,13,155558,12444,2135,1130,1749,2135,1128,1730,98,100,0,601,2166
revised4tas1mixG,542,287,2135,1129,1741,1734,13,155559,12444,2135,1130,1764,2134,1128,1723,98,100,0,601,2166
revised4tas1mixG,542,288,2140,1129,1743,1740,13,155551,12444,2146,1130,1788,2135,1128,1707,99,100,0,601,2146
revised4tas1mixG,542,289,2118,1131,1700,1746,13,155541,12443,2140,1131,1770,2118,1127,1693,99,100,0,601,2120
revised4tas1mixG,542,290,2119,1131,1714,1751,14,155532,12442,2119,1131,1765,2114,1129,1697,98,100,0,601,2149
revised4tas1mixG,542,291,2116,1129,1719,1757,14,155523,12441,2120,1131,1761,2116,1128,1702,98,100,0,601,2140
revised4tas1mixG,542,292,2120,1129,1729,1763,14,155516,12441,2122,1131,1778,2115,1128,1696,99,100,0,601,2140
revised4tas1mixG,542,293,2125,1130,1725,1769,14,155508,12440,2125,1130,1799,2116,1128,1701,96,100,0,601,2197
revised4tas1mixG,542,294,2133,1130,1704,1775,14,155504,12440,2203,1131,1806,2123,1129,1704,98,100,0,601,2171
revised4tas1mixG,542,295,2105,1131,1696,1781,14,155490,12439,2133,1132,1763,2105,1129,1688,98,100,0,601,2134
revised4tas1mixG,542,296,2099,1130,1690,1787,14,155477,12438,2108,1132,1785,2099,1127,1685,99,100,0,601,2109
revised4tas1mixG,542,297,2158,1130,1703,1793,14,155469,12437,2166,1131,1798,2096,1128,1683,99,100,0,601,2166
revised4tas1mixG,542,298,2121,1131,1759,1799,14,155464,12437,2158,1132,1769,2099,1129,1701,97,100,0,601,2171
revised4tas1mixG,542,299,2090,1131,1750,1805,14,155446,12435,2121,1132,1763,2086,1130,1669,97,100,0,601,2143
revised4tas1mixG,542,300,2109,1132,1712,1810,14,155445,12435,2155,1132,1796,2090,1129,1693,98,100,0,601,2151
revised4tas1mixG,542,301,2110,1131,1719,1816,14,155430,12434,2111,1132,1773,2109,1130,1691,99,100,0,601,2131
revised4tas1mixG,542,302,2111,1131,1719,1822,14,155420,12433,2112,1132,1768,2110,1130,1694,98,100,0,601,2143
revised4tas1mixG,542,303,2108,1131,1723,1828,14,155410,12432,2113,1132,1775,2108,1130,1693,98,100,0,601,2134
revised4tas1mixG,542,304,2111,1130,1762,1834,14,155401,12432,2112,1132,1774,2108,1130,1689,98,100,0,601,2137
revised4tas1mixG,542,305,2107,1131,1709,1840,14,155390,12431,2111,1132,1769,2107,1129,1690,98,100,0,601,2137
revised4tas1mixG,542,306,2105,1131,1724,1846,14,155379,12430,2109,1132,1773,2105,1129,1696,99,100,0,601,2123
revised4tas1mixG,542,307,2114,1131,1726,1852,14,155371,12429,2114,1132,1770,2105,1130,1699,98,100,0,601,2146
revised4tas1mixG,542,308,2119,1130,1724,1858,14,155365,12429,2198,1132,1804,2111,1129,1700,98,100,0,601,2154
revised4tas1mixG,542,309,2121,1131,1707,1864,14,155358,12428,2123,1132,1766,2118,1130,1698,98,100,0,601,2143
revised4tas1mixG,542,310,2119,1131,1727,1869,14,155351,12428,2123,1132,1773,2118,1129,1701,98,100,0,601,2157
revised4tas1mixG,542,311,2126,1131,1747,1875,15,155346,12427,2126,1133,1765,2119,1130,1706,98,100,0,601,2163
revised4tas1mixG,542,312,2126,1132,1733,1881,15,155340,12427,2129,1133,1770,2126,1130,1701,98,100,0,601,2151
revised4tas1mixG,542,313,2121,1132,1733,1887,15,155336,12426,2182,1133,1792,2120,1130,1698,98,100,0,601,2157
revised4tas1mixG,542,314,2116,1132,1729,1893,15,155328,12426,2123,1133,1768,2116,1131,1688,98,100,0,601,2146
revised4tas1mixG,542,315,2121,1132,1712,1899,15,155321,12425,2121,1133,1761,2116,1131,1699,98,100,0,601,2157
revised4tas1mixG,542,316,2125,1132,1707,1905,15,155315,12425,2125,1133,1771,2120,1130,1702,98,100,0,601,2160
revised4tas1mixG,542,317,2125,1131,1747,1911,15,155310,12424,2129,1132,1778,2125,1130,1697,99,100,0,601,2134
revised4tas1mixG,542,318,2129,1132,1771,1917,15,155306,12424,2130,1132,1784,2125,1130,1703,98,100,0,601,2160
revised4tas1mixG,542,319,2107,1132,1699,1923,15,155299,12423,2129,1133,1771,2107,1131,1677,99,100,0,601,2120
revised4tas1mixG,542,320,2107,1132,1723,1929,15,155285,12422,2109,1133,1777,2104,1130,1686,98,100,0,601,2131
revised4tas1mixG,542,321,2105,1131,1745,1934,15,155275,12422,2110,1132,1764,2105,1130,1692,99,100,0,601,2120
revised4tas1mixG,542,322,2110,1131,1706,1940,15,155267,12421,2111,1132,1770,2105,1130,1694,98,100,0,601,2140
revised4tas1mixG,542,323,2111,1132,1717,1946,15,155258,12420,2112,1133,1767,2109,1130,1698,98,100,0,601,2134
revised4tas1mixG,542,324,2116,1133,1710,1952,15,155251,12420,2116,1134,1767,2111,1131,1700,98,100,0,601,2151
revised4tas1mixG,542,325,2109,1137,1695,1958,15,155241,12419,2116,1137,1763,2108,1132,1690,98,100,0,600,2131
revised4tas1mixG,542,326,2104,1135,1706,1964,15,155231,12418,2109,1137,1760,2104,1134,1688,98,100,0,600,2129
revised4tas1mixG,542,327,2107,1135,1710,1970,15,155222,12417,2108,1136,1765,2104,1133,1688,98,100,0,600,2143
revised4tas1mixG,542,328,2112,1135,1703,1975,15,155214,12417,2116,1137,1779,2107,1134,1690,98,100,0,600,2140
revised4tas1mixG,542,329,2113,1136,1707,1981,15,155206,12416,2113,1136,1761,2109,1134,1692,98,100,0,600,2143
revised4tas1mixG,542,330,2114,1135,1712,1987,15,155198,12415,2114,1136,1761,2111,1134,1694,98,100,0,600,2146
revised4tas1mixG,542,331,2114,1134,1706,1993,15,155195,12415,2115,1136,1762,2113,1132,1697,98,100,0,600,2137
revised4tas1mixG,542,332,2115,1135,1712,1999,15,155183,12414,2115,1136,1763,2113,1133,1701,98,100,0,599,2146
revised4tas1mixG,542,333,2114,1134,1714,2005,16,155176,12414,2115,1136,1765,2114,1134,1699,98,100,0,599,2140
revised4tas1mixG,542,334,2113,1135,1752,2011,16,155168,12413,2116,1136,1762,2113,1133,1696,98,100,0,600,2137
revised4tas1mixG,542,335,2112,1134,1755,2017,16,155161,12412,2114,1137,1762,2112,1133,1695,98,100,0,599,2143
revised4tas1mixG,542,336,2114,1134,1706,2023,16,155153,12412,2114,1135,1766,2112,1133,1698,98,100,0,600,2146
revised4tas1mixG,542,337,2114,1135,1714,2028,16,155146,12411,2115,1135,1766,2114,1132,1702,98,100,0,600,2140
revised4tas1mixG,542,338,2116,1135,1728,2034,16,155139,12411,2116,1135,1764,2114,1133,1702,98,100,0,600,2143
revised4tas1mixG,542,339,2116,1135,1708,2040,16,155133,12410,2117,1135,1766,2116,1133,1702,98,100,0,600,2146
revised4tas1mixG,542,340,2113,1134,1708,2046,16,155125,12410,2116,1136,1761,2113,1132,1699,98,100,0,600,2146
revised4tas1mixG,542,341,2112,1132,1720,2052,16,155117,12409,2113,1135,1763,2111,1130,1700,98,100,0,600,2143
revised4tas1mixG,542,342,2111,1134,1707,2058,16,155110,12408,2112,1134,1761,2110,1131,1701,98,100,0,600,2146
revised4tas1mixG,542,343,2112,1135,1713,2064,16,155102,12408,2113,1135,1766,2111,1132,1699,98,100,0,600,2143
revised4tas1mixG,542,344,2113,1133,1719,2070,16,155099,12407,2113,1136,1763,2111,1133,1699,98,100,0,600,2149
revised4tas1mixG,542,345,2114,1134,1717,2076,16,155092,12407,2114,1135,1766,2112,1133,1700,98,100,0,600,2146
revised4tas1mixG,542,346,2115,1134,1715,2082,16,155081,12406,2115,1135,1764,2113,1133,1702,98,100,0,601,2146
revised4tas1mixG,542,347,2115,1134,1715,2087,16,155074,12405,2115,1135,1763,2114,1133,1704,98,100,0,601,2146
revised4tas1mixG,542,348,2115,1133,1717,2093,16,155072,12405,2116,1136,1765,2113,1133,1701,98,100,0,601,2151
revised4tas1mixG,542,349,2114,1134,1749,2099,16,155061,12404,2115,1136,1764,2113,1133,1702,98,100,0,601,2140
revised4tas1mixG,542,350,2181,1134,1707,2105,16,155057,12404,2181,1136,1807,2113,1133,1696,98,100,0,601,2211
revised4tas1mixG,542,351,2117,1134,1708,2111,16,155051,12404,2181,1135,1769,2111,1133,1692,98,100,0,601,2143
revised4tas1mixG,542,352,2120,1134,1744,2117,16,155046,12403,2121,1135,1771,2117,1132,1702,98,100,0,601,2146
revised4tas1mixG,542,353,2119,1134,1711,2123,16,155040,12403,2121,1135,1771,2118,1132,1699,98,100,0,601,2154
revised4tas1mixG,542,354,2121,1134,1705,2129,17,155035,12402,2121,1134,1772,2118,1132,1702,98,100,0,601,2154
revised4tas1mixG,542,355,2110,1134,1694,2135,17,155030,12402,2191,1134,1810,2110,1132,1694,98,100,0,601,2140
revised4tas1mixG,542,356,2118,1133,1707,2141,17,155029,12402,2118,1134,1772,2110,1132,1694,98,100,0,601,2149
revised4tas1mixG,542,357,2118,1134,1707,2147,17,155019,12401,2119,1134,1767,2117,1132,1700,98,100,0,601,2149
revised4tas1mixG,542,358,2118,1134,1730,2152,17,155014,12401,2119,1135,1769,2117,1133,1698,98,100,0,601,2146
revised4tas1mixG,542,359,2122,1133,1710,2158,17,155013,12401,2122,1134,1775,2117,1131,1701,98,100,0,601,2154
revised4tas1mixG,542,360,2117,1132,1719,2164,17,155003,12400,2122,1135,1768,2117,1132,1702,98,100,0,601,2140
revised4tas1mixG,542,361,2115,1134,1717,2170,17,154997,12399,2117,1135,1773,2115,1132,1709,98,100,0,601,2140
revised4tas1mixG,542,362,2113,1133,1713,2176,17,154995,12399,2116,1135,1774,2113,1132,1710,98,100,0,601,2140
revised4tas1mixG,542,363,2115,1133,1727,2182,17,154984,12398,2115,1134,1773,2112,1132,1701,98,100,0,601,2149
revised4tas1mixG,542,364,2113,1134,1741,2188,17,154978,12398,2115,1134,1774,2113,1132,1698,98,100,0,601,2140
revised4tas1mixG,542,365,2112,1133,1712,2194,17,154971,12397,2114,1134,1769,2111,1131,1695,98,100,0,601,2137
revised4tas1mixG,542,366,2109,1134,1710,2200,17,154964,12397,2112,1134,1768,2109,1132,1693,98,100,0,601,2134
revised4tas1mixG,542,367,2110,1133,1723,2205,17,154957,12396,2111,1135,1765,2109,1132,1695,98,100,0,601,2137
revised4tas1mixG,542,368,2111,1133,1720,2211,17,154950,12396,2113,1134,1766,2110,1132,1695,98,100,0,601,2146
revised4tas1mixG,542,369,2113,1133,1706,2217,17,154949,12395,2114,1134,1765,2111,1131,1688,98,100,0,601,2140
revised4tas1mixG,542,370,2111,1132,1721,2223,17,154938,12395,2114,1134,1770,2111,1132,1688,98,100,0,601,2134
revised4tas1mixG,542,371,2106,1131,1711,2229,17,154930,12394,2112,1134,1762,2106,1130,1686,99,100,0,601,2123
revised4tas1mixG,542,372,2112,1132,1717,2235,17,154928,12394,2112,1133,1773,2106,1130,1691,98,100,0,601,2146
revised4tas1mixG,542,373,2112,1133,1720,2241,17,154917,12393,2112,1133,1775,2109,1131,1696,98,100,0,601,2149
revised4tas1mixG,542,374,2109,1133,1693,2247,17,154910,12392,2113,1134,1770,2109,1132,1687,98,100,0,601,2137
revised4tas1mixG,542,375,2106,1132,1739,2252,18,154903,12392,2109,1134,1765,2105,1131,1688,98,100,0,601,2137
revised4tas1mixG,542,376,2108,1133,1712,2258,18,154895,12391,2108,1134,1763,2106,1131,1686,97,100,0,601,2154
revised4tas1mixG,542,377,2112,1132,1714,2264,18,154890,12391,2113,1134,1771,2108,1131,1699,98,100,0,601,2143
revised4tas1mixG,542,378,2112,1132,1708,2270,18,154883,12390,2113,1134,1769,2110,1131,1687,98,100,0,600,2151
revised4tas1mixG,542,379,2111,1132,1706,2276,18,154877,12390,2113,1133,1769,2110,1130,1688,98,100,0,600,2137
revised4tas1mixG,542,380,2112,1132,1730,2282,18,154871,12389,2113,1133,1775,2111,1131,1692,98,100,0,600,2140
revised4tas1mixG,542,381,2110,1133,1711,2288,18,154869,12389,2113,1133,1768,2109,1130,1692,98,100,0,600,2149
revised4tas1mixG,542,382,2114,1132,1767,2294,18,154859,12388,2114,1133,1772,2110,1131,1690,98,100,0,600,2143
revised4tas1mixG,542,383,2113,1131,1717,2299,18,154853,12388,2114,1133,1771,2113,1130,1698,98,100,0,600,2137
revised4tas1mixG,542,384,2113,1132,1717,2305,18,154851,12388,2113,1133,1766,2111,1130,1697,98,100,0,600,2154
revised4tas1mixG,542,385,2111,1133,1710,2311,18,154841,12387,2113,1133,1725,2111,1131,1697,98,100,0,599,2134
revised4tas1mixG,542,386,2099,1134,1692,2317,18,154832,12386,2111,1134,1719,2099,1131,1692,99,100,0,600,2120
revised4tas1mixG,542,387,2094,1133,1695,2323,18,154822,12385,2099,1134,1718,2094,1132,1691,98,100,0,599,2123
revised4tas1mixG,542,388,2092,1134,1693,2329,18,154813,12385,2094,1134,1713,2092,1132,1689,98,100,0,600,2123
revised4tas1mixG,542,389,2091,1133,1702,2335,18,154803,12384,2092,1134,1713,2091,1131,1692,98,100,0,600,2117
revised4tas1mixG,542,390,2092,1132,1703,2340,18,154793,12383,2092,1134,1714,2091,1131,1693,98,100,0,600,2123
revised4tas1mixG,542,391,2092,1133,1693,2346,18,154784,12382,2092,1134,1712,2091,1132,1692,98,100,0,600,2123
revised4tas1mixG,542,392,2093,1133,1696,2352,18,154775,12382,2093,1134,1714,2092,1132,1693,98,100,0,600,2126
revised4tas1mixG,542,393,2093,1133,1694,2358,18,154765,12381,2093,1133,1715,2093,1131,1692,98,100,0,600,2120
revised4tas1mixG,542,394,2092,1133,1702,2364,18,154756,12380,2093,1134,1713,2092,1131,1692,98,100,0,600,2120
revised4tas1mixG,542,395,2092,1133,1701,2370,18,154747,12379,2093,1134,1713,2091,1131,1692,98,100,0,600,2126
revised4tas1mixG,542,396,2091,1133,1696,2375,19,154738,12379,2092,1134,1711,2091,1131,1692,98,100,0,600,2117
revised4tas1mixG,542,397,2091,1132,1703,2381,19,154728,12378,2091,1134,1710,2091,1132,1691,98,100,0,600,2120
revised4tas1mixG,542,398,2090,1131,1701,2387,19,154719,12377,2091,1134,1708,2090,1131,1692,98,100,0,600,2120
revised4tas1mixG,542,399,2090,1132,1696,2393,19,154709,12376,2091,1133,1713,2090,1131,1692,98,100,0,600,2123
revised4tas1mixG,542,400,2087,1132,1693,2399,19,154700,12376,2091,1133,1719,2087,1131,1686,98,100,0,600,2112
revised4tas1mixG,542,401,2098,1133,1707,2404,19,154693,12375,2098,1134,1770,2087,1132,1687,98,100,0,600,2129
revised4tas1mixG,542,402,2097,1133,1711,2410,19,154685,12374,2099,1134,1721,2097,1131,1694,98,100,0,600,2129
revised4tas1mixG,542,403,2099,1133,1704,2416,19,154677,12374,2099,1134,1714,2097,1131,1698,98,100,0,600,2129
revised4tas1mixG,542,404,2097,1133,1698,2422,19,154669,12373,2099,1134,1716,2097,1132,1695,98,100,0,600,2123
revised4tas1mixG,542,405,2096,1134,1701,2428,19,154661,12372,2097,1134,1708,2096,1132,1695,98,100,0,600,2129
revised4tas1mixG,542,406,2095,1134,1700,2434,19,154653,12372,2096,1134,1709,2095,1132,1694,98,100,0,600,2126
revised4tas1mixG,542,407,2096,1133,1698,2440,19,154649,12371,2097,1134,1760,2095,1132,1695,98,100,0,600,2123
revised4tas1mixG,542,408,2096,1134,1703,2445,19,154637,12370,2096,1134,1710,2096,1132,1696,98,100,0,600,2126
revised4tas1mixG,542,409,2095,1134,1693,2451,19,154629,12370,2097,1135,1759,2095,1132,1687,98,100,0,600,2117
revised4tas1mixG,542,410,2086,1134,1697,2457,19,154622,12369,2095,1135,1698,2086,1132,1685,98,100,0,600,2112
revised4tas1mixG,542,411,2083,1134,1688,2463,19,154608,12368,2086,1135,1700,2083,1133,1684,98,100,0,599,2114
revised4tas1mixG,542,412,2083,1135,1692,2469,19,154598,12367,2084,1135,1702,2083,1133,1684,98,100,0,599,2114
revised4tas1mixG,542,413,2082,1134,1689,2474,19,154588,12367,2083,1135,1703,2082,1133,1682,98,100,0,600,2109
revised4tas1mixG,542,414,2081,1134,1689,2480,19,154578,12366,2082,1136,1697,2081,1133,1683,98,100,0,600,2112
revised4tas1mixG,542,415,2081,1134,1688,2486,19,154567,12365,2081,1136,1696,2081,1133,1682,98,100,0,601,2112
revised4tas1mixG,542,416,2080,1134,1693,2492,19,154557,12364,2081,1136,1696,2080,1134,1682,98,100,0,601,2112
revised4tas1mixG,542,417,2080,1136,1688,2498,19,154547,12363,2081,1136,1696,2080,1133,1682,98,100,0,601,2112
revised4tas1mixG,542,418,2129,1135,1698,2503,20,154539,12363,2138,1136,1783,2080,1133,1682,100,100,0,601,2129
revised4tas1mixG,542,419,2104,1135,1693,2509,20,154531,12362,2129,1136,1720,2104,1134,1688,99,100,0,601,2123
revised4tas1mixG,542,420,2096,1134,1711,2515,20,154527,12362,2104,1136,1717,2096,1134,1687,98,100,0,601,2123
revised4tas1mixG,542,421,2095,1136,1709,2521,20,154515,12361,2096,1137,1719,2095,1134,1687,98,100,0,601,2120
revised4tas1mixG,542,422,2094,1136,1707,2527,20,154508,12360,2095,1136,1719,2094,1134,1688,98,100,0,601,2120
revised4tas1mixG,542,423,2096,1135,1703,2533,20,154500,12360,2096,1136,1727,2094,1134,1681,98,100,0,600,2129
revised4tas1mixG,542,424,2098,1136,1689,2539,20,154497,12359,2098,1136,1712,2096,1134,1689,98,100,0,600,2129
revised4tas1mixG,542,425,2097,1136,1707,2544,20,154486,12358,2098,1136,1713,2097,1134,1688,98,100,0,600,2126
revised4tas1mixG,542,426,2097,1136,1697,2550,20,154479,12358,2098,1136,1712,2097,1134,1686,98,100,0,600,2129
revised4tas1mixG,542,427,2098,1135,1704,2556,20,154472,12357,2098,1137,1712,2097,1134,1688,98,100,0,600,2129
revised4tas1mixG,542,428,2098,1135,1699,2562,20,154465,12357,2098,1136,1711,2098,1134,1688,98,100,0,599,2129
revised4tas1mixG,542,429,2099,1135,1704,2568,20,154462,12357,2099,1136,1726,2098,1134,1689,98,100,0,600,2129
revised4tas1mixG,542,430,2099,1136,1698,2574,20,154456,12356,2099,1136,1705,2098,1134,1698,98,100,0,600,2129
revised4tas1mixG,542,431,2099,1135,1704,2579,20,154446,12355,2099,1137,1706,2098,1134,1698,98,100,0,599,2131
revised4tas1mixG,542,432,2098,1136,1702,2585,20,154443,12355,2099,1136,1707,2098,1132,1699,98,100,0,600,2129
revised4tas1mixG,542,433,2098,1135,1763,2591,20,154432,12354,2099,1136,1763,2098,1134,1693,98,100,0,600,2126
revised4tas1mixG,542,434,2128,1136,1741,2597,20,154432,12354,2128,1136,1768,2098,1134,1725,97,100,0,600,2183
revised4tas1mixG,542,435,2137,1135,1731,2603,20,154433,12354,2137,1137,1764,2128,1135,1721,98,100,0,600,2166
revised4tas1mixG,542,436,2146,1136,1728,2609,20,154434,12354,2146,1136,1780,2136,1134,1719,98,100,0,600,2188
revised4tas1mixG,542,437,2147,1136,1728,2615,20,154436,12354,2152,1136,1794,2144,1134,1721,99,100,0,600,2168
revised4tas1mixG,542,438,2138,1136,1727,2621,20,154435,12354,2147,1136,1742,2138,1133,1725,98,100,0,600,2168
revised4tas1mixG,542,439,2136,1136,1730,2627,21,154435,12354,2138,1137,1744,2136,1135,1724,98,100,0,600,2168
revised4tas1mixG,542,440,2137,1135,1737,2633,21,154438,12355,2137,1136,1744,2136,1134,1724,98,100,0,600,2171
revised4tas1mixG,542,441,2139,1136,1744,2639,21,154435,12354,2139,1137,1745,2137,1135,1725,98,100,0,599,2171
revised4tas1mixG,542,442,2140,1136,1737,2645,21,154435,12354,2140,1137,1745,2138,1133,1725,98,100,0,600,2168
revised4tas1mixG,542,443,2141,1136,1733,2651,21,154435,12354,2142,1137,1746,2140,1134,1727,98,100,0,600,2168
revised4tas1mixG,542,444,2143,1135,1742,2657,21,154436,12354,2143,1136,1746,2141,1133,1725,98,100,0,600,2177
revised4tas1mixG,542,445,2145,1136,1740,2663,21,154437,12355,2145,1137,1748,2143,1134,1719,98,100,0,600,2180
revised4tas1mixG,542,446,2146,1136,1740,2669,21,154439,12355,2146,1137,1749,2144,1134,1727,98,100,0,600,2180
revised4tas1mixG,542,447,2149,1135,1742,2675,21,154440,12355,2149,1137,1747,2146,1135,1731,98,100,0,600,2180
revised4tas1mixG,542,448,2146,1136,1729,2681,21,154442,12355,2150,1137,1750,2146,1134,1726,98,100,0,600,2168
revised4tas1mixG,542,449,2139,1136,1731,2687,21,154442,12355,2146,1137,1739,2139,1134,1729,98,100,0,600,2168
revised4tas1mixG,542,450,2137,1136,1732,2693,21,154441,12355,2139,1137,1736,2137,1134,1728,98,100,0,600,2166
revised4tas1mixG,542,451,2077,1137,1683,2698,21,154434,12354,2138,1138,1744,2077,1135,1666,98,100,0,600,2114
revised4tas1mixG,542,452,2102,1136,1722,2704,21,154430,12354,2102,1138,1745,2077,1135,1682,97,100,0,600,2154
revised4tas1mixG,542,453,2126,1135,1750,2710,21,154429,12354,2126,1137,1750,2102,1134,1712,97,100,0,600,2171
revised4tas1mixG,542,454,2134,1135,1732,2716,21,154429,12354,2135,1136,1753,2126,1134,1713,98,100,0,600,2160
revised4tas1mixG,542,455,2077,1135,1724,2722,21,154424,12353,2134,1136,1741,2072,1133,1670,97,100,0,600,2137
revised4tas1mixG,542,456,2118,1134,1735,2728,21,154423,12353,2118,1135,1746,2077,1133,1719,97,100,0,600,2166
revised4tas1mixG,542,457,2135,1135,1733,2734,21,154423,12353,2135,1136,1754,2118,1133,1732,98,100,0,600,2171
revised4tas1mixG,542,458,2137,1135,1730,2740,21,154423,12353,2137,1136,1747,2135,1134,1729,98,100,0,601,2168
revised4tas1mixG,542,459,2136,1135,1732,2746,21,154423,12353,2137,1136,1745,2136,1134,1728,98,100,0,601,2168
revised4tas1mixG,542,460,2137,1134,1733,2752,22,154423,12353,2137,1136,1744,2136,1134,1728,98,100,0,600,2168
revised4tas1mixG,542,461,2136,1135,1730,2758,22,154426,12354,2137,1136,1744,2136,1134,1728,98,100,0,600,2166
revised4tas1mixG,542,462,2136,1134,1730,2764,22,154422,12353,2136,1136,1743,2136,1133,1728,98,100,0,601,2166
revised4tas1mixG,542,463,2136,1135,1729,2770,22,154422,12353,2136,1137,1744,2135,1133,1727,98,100,0,601,2166
revised4tas1mixG,542,464,2135,1135,1739,2776,22,154421,12353,2136,1136,1743,2135,1134,1727,98,100,0,601,2163
revised4tas1mixG,542,465,2135,1135,1731,2782,22,154421,12353,2136,1136,1745,2135,1134,1727,98,100,0,601,2163
revised4tas1mixG,542,466,2135,1134,1730,2788,22,154420,12353,2136,1136,1743,2135,1134,1727,98,100,0,601,2163
revised4tas1mixG,542,467,2134,1135,1728,2794,22,154420,12353,2135,1136,1743,2134,1133,1727,98,100,0,601,2163
revised4tas1mixG,542,468,2135,1134,1732,2799,22,154419,12353,2135,1136,1743,2134,1133,1727,98,100,0,601,2166
revised4tas1mixG,542,469,2136,1135,1730,2805,22,154419,12353,2136,1136,1744,2135,1134,1727,98,100,0,600,2166
revised4tas1mixG,542,470,2138,1135,1735,2811,22,154419,12353,2138,1136,1748,2136,1134,1729,98,100,0,600,2168
revised4tas1mixG,542,471,2140,1135,1738,2817,22,154419,12353,2140,1136,1748,2138,1134,1730,98,100,0,600,2171
revised4tas1mixG,542,472,2141,1134,1736,2823,22,154420,12353,2141,1136,1746,2140,1134,1730,98,100,0,600,2171
revised4tas1mixG,542,473,2143,1135,1741,2829,22,154421,12353,2143,1136,1746,2141,1134,1731,98,100,0,600,2177
revised4tas1mixG,542,474,2142,1135,1741,2835,22,154421,12353,2143,1136,1747,2142,1133,1731,98,100,0,600,2168
revised4tas1mixG,542,475,2143,1135,1736,2841,22,154422,12353,2143,1135,1749,2142,1132,1732,98,100,0,600,2171
revised4tas1mixG,542,476,2144,1134,1735,2847,22,154423,12353,2145,1135,1747,2143,1133,1731,98,100,0,600,2171
revised4tas1mixG,542,477,2145,1134,1739,2853,22,154427,12354,2145,1136,1747,2144,1132,1732,98,100,0,600,2177
revised4tas1mixG,542,478,2145,1134,1746,2859,22,154425,12354,2146,1135,1749,2145,1133,1733,98,100,0,600,2174
revised4tas1mixG,542,479,2145,1135,1736,2865,22,154426,12354,2146,1135,1749,2145,1132,1731,98,100,0,599,2174
revised4tas1mixG,542,480,2145,1134,1741,2871,22,154427,12354,2146,1136,1749,2145,1133,1731,98,100,0,600,2177
revised4tas1mixG,542,481,2149,1134,1745,2877,23,154429,12354,2149,1136,1751,2145,1134,1735,98,100,0,600,2183
revised4tas1mixG,542,482,2150,1135,1738,2883,23,154431,12354,2150,1136,1748,2149,1133,1732,98,100,0,599,2174
revised4tas1mixG,542,483,2152,1135,1745,2889,23,154433,12354,2152,1136,1749,2149,1133,1732,98,100,0,600,2180
revised4tas1mixG,542,484,2156,1135,1748,2895,23,154439,12355,2156,1136,1754,2152,1134,1742,98,100,0,600,2188
revised4tas1mixG,542,485,2158,1135,1748,2901,23,154439,12355,2158,1136,1755,2156,1134,1746,98,100,0,600,2186
revised4tas1mixG,542,486,2150,1134,1734,2907,23,154440,12355,2158,1136,1749,2150,1134,1732,99,100,0,600,2171
revised4tas1mixG,542,487,2144,1136,1735,2913,23,154441,12355,2150,1137,1739,2144,1134,1731,98,100,0,600,2171
revised4tas1mixG,542,488,2068,1136,1679,2919,23,154434,12354,2144,1137,1737,2067,1135,1664,98,100,0,600,2109
revised4tas1mixG,542,489,2098,1137,1714,2925,23,154430,12354,2098,1137,1743,2068,1135,1679,97,100,0,599,2149
revised4tas1mixG,542,490,2130,1137,1727,2931,23,154430,12354,2130,1137,1744,2098,1135,1714,97,100,0,600,2174
revised4tas1mixG,542,491,2136,1136,1727,2937,23,154428,12354,2136,1138,1745,2079,1135,1676,98,100,0,600,2168
revised4tas1mixG,542,492,2136,1137,1728,2943,23,154427,12354,2136,1137,1742,2136,1135,1725,98,100,0,600,2166
revised4tas1mixG,542,493,2136,1137,1725,2949,23,154427,12354,2136,1137,1741,2135,1135,1725,98,100,0,600,2166
revised4tas1mixG,542,494,2135,1135,1742,2955,23,154430,12354,2136,1137,1744,2135,1134,1725,98,100,0,600,2166
revised4tas1mixG,542,495,2135,1136,1727,2960,23,154426,12354,2136,1137,1742,2135,1134,1725,98,100,0,600,2163
revised4tas1mixG,542,496,2135,1137,1726,2966,23,154426,12354,2136,1137,1742,2135,1135,1724,98,100,0,600,2163
revised4tas1mixG,542,497,2134,1137,1729,2972,23,154425,12354,2135,1137,1741,2134,1135,1724,98,100,0,600,2166
revised4tas1mixG,542,498,2135,1137,1729,2978,23,154425,12354,2135,1137,1741,2134,1135,1724,98,100,0,599,2168
revised4tas1mixG,542,499,2137,1136,1730,2984,23,154425,12354,2137,1137,1742,2135,1135,1725,98,100,0,600,2168
revised4tas1mixG,542,500,2139,1136,1732,2990,23,154428,12354,2139,1137,1744,2137,1134,1726,98,100,0,599,2171
revised4tas1mixG,542,501,2143,1135,1734,2996,23,154429,12354,2143,1137,1747,2139,1134,1727,98,100,0,600,2177
revised4tas1mixG,542,502,2146,1135,1738,3002,24,154427,12354,2146,1136,1749,2142,1133,1729,98,100,0,599,2183
revised4tas1mixG,542,503,2150,1135,1741,3008,24,154429,12354,2150,1136,1752,2146,1133,1731,98,100,0,600,2183
revised4tas1mixG,542,504,2152,1134,1749,3014,24,154431,12354,2152,1136,1750,2149,1132,1732,98,100,0,599,2183
revised4tas1mixG,542,505,2155,1134,1745,3020,24,154433,12354,2155,1136,1751,2152,1133,1739,98,100,0,600,2188
revised4tas1mixG,542,506,2157,1135,1747,3026,24,154436,12354,2157,1135,1751,2155,1133,1745,98,100,0,599,2188
revised4tas1mixG,542,507,2078,1134,1682,3032,24,154436,12354,2158,1136,1751,2078,1133,1674,99,100,0,600,2097
revised4tas1mixG,542,508,2109,1134,1740,3038,24,154430,12354,2109,1136,1759,2078,1134,1680,96,100,0,600,2183
revised4tas1mixG,542,509,2138,1136,1739,3044,24,154431,12354,2138,1136,1754,2109,1134,1723,98,100,0,600,2177
revised4tas1mixG,542,510,2072,1136,1679,3050,24,154431,12354,2143,1137,1750,2072,1134,1679,98,100,0,600,2103
revised4tas1mixG,542,511,2136,1135,1732,3056,24,154430,12354,2136,1137,1746,2072,1133,1677,98,100,0,600,2171
revised4tas1mixG,542,512,2138,1135,1731,3062,24,154430,12354,2138,1136,1745,2136,1134,1729,98,100,0,599,2171
revised4tas1mixG,542,513,2139,1137,1731,3068,24,154430,12354,2139,1137,1745,2138,1135,1728,98,100,0,600,2168
revised4tas1mixG,542,514,2138,1135,1735,3074,24,154430,12354,2139,1137,1744,2138,1134,1727,98,100,0,600,2166
revised4tas1mixG,542,515,2137,1136,1730,3080,24,154433,12354,2138,1136,1744,2137,1134,1728,98,100,0,600,2166
revised4tas1mixG,542,516,2138,1135,1730,3086,24,154430,12354,2138,1137,1744,2137,1134,1728,98,100,0,600,2168
revised4tas1mixG,542,517,2142,1137,1736,3092,24,154434,12354,2142,1137,1746,2137,1134,1728,98,100,0,600,2174
revised4tas1mixG,542,518,2149,1136,1744,3098,24,154432,12354,2149,1137,1749,2142,1134,1730,98,100,0,600,2183
revised4tas1mixG,542,519,2155,1135,1747,3104,24,154438,12355,2155,1136,1750,2149,1134,1735,98,100,0,600,2188
revised4tas1mixG,542,520,2156,1136,1746,3110,24,154437,12355,2156,1136,1750,2155,1133,1742,98,100,0,600,2186
revised4tas1mixG,542,521,2157,1134,1749,3116,24,154440,12355,2157,1136,1751,2156,1134,1743,98,100,0,600,2188
revised4tas1mixG,542,522,2157,1135,1748,3122,24,154443,12355,2158,1136,1750,2157,1133,1746,98,100,0,600,2188
revised4tas1mixG,542,523,2158,1136,1746,3128,25,154445,12355,2158,1136,1749,2157,1134,1746,98,100,0,600,2188
revised4tas1mixG,542,524,2158,1135,1747,3134,25,154448,12355,2158,1137,1749,2158,1134,1746,98,100,0,600,2188
revised4tas1mixG,542,525,2158,1136,1747,3140,25,154451,12356,2158,1137,1749,2157,1134,1746,98,100,0,600,2188
revised4tas1mixG,542,526,2158,1135,1748,3146,25,154453,12356,2158,1136,1749,2157,1134,1746,98,100,0,600,2186
revised4tas1mixG,542,527,2085,1136,1675,3152,25,154453,12356,2158,1137,1767,2085,1133,1674,98,100,0,600,2117
revised4tas1mixG,542,528,2102,1135,1745,3158,25,154449,12355,2102,1137,1754,2081,1134,1674,97,100,0,600,2154
revised4tas1mixG,542,529,2078,1136,1731,3164,25,154451,12356,2168,1137,1764,2074,1134,1679,97,100,0,600,2134
revised4tas1mixG,542,530,2138,1137,1730,3169,25,154448,12355,2141,1137,1746,2078,1134,1727,98,100,0,600,2168
revised4tas1mixG,542,531,2137,1135,1727,3175,25,154451,12356,2138,1137,1745,2137,1135,1726,98,100,0,600,2166
revised4tas1mixG,542,532,2136,1136,1741,3181,25,154448,12355,2137,1137,1744,2136,1134,1726,98,100,0,600,2163
revised4tas1mixG,542,533,2140,1136,1747,3187,25,154451,12356,2140,1137,1748,2136,1134,1726,98,100,0,600,2174
revised4tas1mixG,542,534,2149,1136,1741,3193,25,154450,12356,2149,1137,1750,2140,1134,1729,98,100,0,600,2188
revised4tas1mixG,542,535,2148,1136,1734,3199,25,154451,12356,2152,1137,1748,2148,1134,1733,98,100,0,600,2171
revised4tas1mixG,542,536,2144,1137,1735,3205,25,154452,12356,2148,1137,1737,2144,1134,1733,98,100,0,599,2174
revised4tas1mixG,542,537,2144,1136,1735,3211,25,154453,12356,2145,1137,1737,2144,1134,1733,98,100,0,599,2171
revised4tas1mixG,542,538,2082,1136,1681,3217,25,154449,12355,2144,1137,1740,2082,1135,1673,99,100,0,600,2097
revised4tas1mixG,542,539,2134,1136,1710,3223,25,154446,12355,2134,1137,1782,2080,1135,1679,98,100,0,599,2171
revised4tas1mixG,542,540,2168,1136,1755,3229,25,154449,12355,2189,1137,1773,2132,1135,1705,99,100,0,600,2186
revised4tas1mixG,542,541,2174,1136,1760,3235,25,154454,12356,2174,1137,1785,2168,1134,1743,98,100,0,599,2217
Processed 542 lines from power meter
There were 0 errors in reading from the meter
