RunId,NumDataLines,SeqNum,Watts,Amps,WattHours,Cost,MoKWh,MoCost,MaxWatts,MaxVolts,MaxAmps,MinWatts,MinVolts,MinAmps,Factor,DutyCycle,PowerCycle
revised4tas1mixF,490,0,2109,1122,1735,11,0,156592,12527,2228,1123,1846,2109,1121,1704,98,100,0,599,2149
revised4tas1mixF,490,1,2164,1123,1765,17,0,156082,12486,2173,1123,1803,2108,1120,1690,98,100,0,600,2188
revised4tas1mixF,490,2,2172,1123,1784,23,0,156332,12506,2173,1124,1826,2162,1121,1723,98,100,0,600,2214
revised4tas1mixF,490,3,2176,1124,1784,29,0,156822,12545,2176,1124,1832,2172,1122,1741,98,100,0,600,2211
revised4tas1mixF,490,4,2116,1123,1748,35,0,156518,12521,2179,1125,1833,2116,1122,1696,98,100,0,600,2146
revised4tas1mixF,490,5,2143,1123,1784,41,0,156344,12507,2145,1125,1817,2116,1122,1701,98,100,0,601,2166
revised4tas1mixF,490,6,2141,1124,1758,47,0,156189,12495,2158,1125,1818,2141,1122,1705,99,100,0,601,2149
revised4tas1mixF,490,7,2169,1124,1776,53,0,156292,12503,2169,1125,1844,2141,1122,1718,97,100,0,601,2214
revised4tas1mixF,490,8,2177,1124,1779,59,0,156405,12512,2181,1124,1842,2165,1122,1725,100,100,0,601,2177
revised4tas1mixF,490,9,2191,1122,1819,65,0,156576,12526,2191,1124,1852,2172,1121,1746,98,100,0,601,2222
revised4tas1mixF,490,10,2189,1123,1771,72,0,156721,12537,2198,1123,1840,2189,1121,1748,100,100,0,601,2189
revised4tas1mixF,490,11,2193,1122,1787,78,0,156838,12547,2193,1123,1840,2182,1121,1742,97,100,0,601,2240
revised4tas1mixF,490,12,2141,1122,1736,84,0,156779,12542,2195,1124,1847,2131,1121,1722,96,100,0,601,2208
revised4tas1mixF,490,13,2132,1123,1723,90,0,156574,12525,2141,1124,1792,2131,1122,1704,98,100,0,601,2168
revised4tas1mixF,490,14,2146,1124,1762,96,0,156489,12519,2146,1124,1792,2132,1121,1723,98,100,0,601,2188
revised4tas1mixF,490,15,2206,1125,1753,102,0,156705,12536,2214,1125,1842,2146,1122,1749,99,100,0,601,2228
revised4tas1mixF,490,16,2196,1123,1798,108,0,156707,12536,2206,1125,1833,2194,1122,1753,98,100,0,601,2225
revised4tas1mixF,490,17,2191,1124,1778,114,0,156783,12542,2196,1124,1833,2191,1122,1755,99,100,0,601,2208
revised4tas1mixF,490,18,2189,1123,1812,120,0,156842,12547,2191,1124,1823,2188,1122,1750,98,100,0,601,2214
revised4tas1mixF,490,19,2185,1124,1757,126,1,156896,12551,2197,1125,1837,2185,1123,1744,99,100,0,601,2191
revised4tas1mixF,490,20,2236,1122,1841,132,1,157035,12562,2237,1125,1869,2166,1122,1710,98,100,0,601,2259
revised4tas1mixF,490,21,2167,1123,1789,138,1,156995,12559,2236,1125,1845,2157,1121,1749,97,100,0,601,2220
revised4tas1mixF,490,22,2186,1124,1810,144,1,157123,12569,2188,1125,1849,2167,1121,1740,99,100,0,601,2203
revised4tas1mixF,490,23,2187,1124,1783,150,1,157090,12567,2192,1125,1834,2183,1122,1741,98,100,0,601,2231
revised4tas1mixF,490,24,2187,1123,1797,157,1,157122,12569,2187,1125,1844,2183,1122,1747,98,100,0,601,2225
revised4tas1mixF,490,25,2183,1123,1778,163,1,157140,12571,2188,1124,1830,2183,1120,1757,99,100,0,601,2203
revised4tas1mixF,490,26,2177,1123,1775,169,1,157192,12575,2183,1124,1802,2177,1122,1761,98,100,0,601,2200
revised4tas1mixF,490,27,2199,1124,1824,175,1,157203,12576,2199,1125,1834,2177,1122,1766,97,100,0,601,2248
revised4tas1mixF,490,28,2208,1124,1801,181,1,157277,12582,2209,1125,1843,2198,1122,1754,99,100,0,601,2228
revised4tas1mixF,490,29,2221,1123,1820,187,1,157436,12594,2221,1125,1869,2208,1122,1781,98,100,0,601,2262
revised4tas1mixF,490,30,2224,1124,1817,193,1,157487,12599,2224,1124,1867,2221,1122,1793,98,100,0,601,2254
revised4tas1mixF,490,31,2203,1124,1794,200,1,157568,12605,2224,1125,1829,2203,1122,1770,99,100,0,600,2225
revised4tas1mixF,490,32,2136,1124,1764,206,1,157457,12596,2203,1125,1821,2132,1122,1702,98,100,0,600,2174
revised4tas1mixF,490,33,2148,1123,1784,211,1,157395,12591,2148,1125,1822,2136,1122,1698,97,100,0,600,2205
revised4tas1mixF,490,34,2215,1124,1800,217,1,157381,12590,2219,1125,1849,2148,1120,1709,99,100,0,600,2220
revised4tas1mixF,490,35,2128,1123,1725,223,1,157268,12581,2215,1125,1800,2128,1122,1696,99,100,0,599,2137
revised4tas1mixF,490,36,2126,1124,1773,229,1,157168,12573,2128,1125,1779,2121,1121,1699,98,100,0,600,2160
revised4tas1mixF,490,37,2141,1122,1793,235,1,157109,12568,2141,1126,1794,2126,1121,1708,98,100,0,600,2174
revised4tas1mixF,490,38,2141,1124,1762,241,1,157047,12563,2142,1125,1794,2140,1121,1708,98,100,0,600,2168
revised4tas1mixF,490,39,2145,1125,1742,247,1,156996,12559,2145,1125,1798,2141,1122,1704,97,100,0,600,2191
revised4tas1mixF,490,40,2145,1125,1729,253,2,156983,12558,2147,1126,1797,2144,1122,1699,98,100,0,600,2183
revised4tas1mixF,490,41,2143,1124,1743,259,2,156892,12551,2145,1125,1792,2142,1123,1701,98,100,0,600,2174
revised4tas1mixF,490,42,2147,1124,1786,265,2,156853,12548,2147,1125,1797,2143,1122,1710,98,100,0,600,2188
revised4tas1mixF,490,43,2141,1124,1756,271,2,156802,12544,2147,1125,1795,2141,1122,1698,98,100,0,600,2166
revised4tas1mixF,490,44,2141,1123,1766,277,2,156755,12540,2144,1125,1792,2139,1123,1697,98,100,0,599,2168
revised4tas1mixF,490,45,2141,1125,1722,283,2,156706,12536,2143,1126,1795,2138,1123,1700,98,100,0,599,2168
revised4tas1mixF,490,46,2140,1125,1727,289,2,156662,12532,2143,1125,1797,2138,1122,1702,98,100,0,600,2183
revised4tas1mixF,490,47,2144,1123,1789,295,2,156628,12530,2144,1125,1800,2140,1122,1709,98,100,0,600,2186
revised4tas1mixF,490,48,2145,1124,1792,301,2,156598,12527,2150,1125,1797,2144,1122,1704,99,100,0,599,2166
revised4tas1mixF,490,49,2145,1125,1737,307,2,156596,12527,2148,1125,1798,2145,1122,1705,98,100,0,599,2171
revised4tas1mixF,490,50,2143,1124,1774,313,2,156534,12522,2148,1126,1820,2143,1121,1702,99,100,0,600,2154
revised4tas1mixF,490,51,2187,1123,1758,319,2,156559,12524,2203,1125,1851,2143,1122,1718,99,100,0,600,2188
revised4tas1mixF,490,52,2183,1122,1762,325,2,156576,12526,2187,1124,1824,2180,1121,1746,99,100,0,600,2197
revised4tas1mixF,490,53,2231,1123,1808,331,2,156593,12527,2231,1124,1872,2110,1121,1696,98,100,0,600,2265
revised4tas1mixF,490,54,2217,1122,1819,337,2,156651,12532,2231,1124,1832,2217,1120,1782,98,100,0,600,2245
revised4tas1mixF,490,55,2209,1122,1798,344,2,156701,12536,2223,1123,1871,2209,1119,1776,99,100,0,600,2225
revised4tas1mixF,490,56,2204,1123,1808,350,2,156740,12539,2209,1124,1833,2203,1122,1776,98,100,0,600,2237
revised4tas1mixF,490,57,2210,1123,1811,356,2,156790,12543,2211,1124,1847,2204,1122,1781,98,100,0,600,2234
revised4tas1mixF,490,58,2143,1122,1783,362,2,156778,12542,2211,1125,1828,2138,1122,1710,97,100,0,600,2188
revised4tas1mixF,490,59,2175,1122,1804,368,2,156796,12543,2175,1124,1844,2143,1121,1741,97,100,0,600,2222
revised4tas1mixF,490,60,2192,1122,1819,374,2,156827,12546,2192,1124,1833,2175,1121,1754,98,100,0,600,2231
revised4tas1mixF,490,61,2191,1122,1785,380,3,156828,12546,2195,1124,1826,2129,1122,1716,98,100,0,600,2222
revised4tas1mixF,490,62,2186,1123,1782,386,3,156842,12547,2191,1124,1821,2186,1121,1750,98,100,0,600,2211
revised4tas1mixF,490,63,2186,1123,1772,392,3,156858,12548,2191,1124,1845,2185,1121,1742,98,100,0,600,2217
revised4tas1mixF,490,64,2162,1123,1766,398,3,156840,12547,2186,1124,1843,2162,1121,1713,99,100,0,600,2180
revised4tas1mixF,490,65,2164,1123,1791,404,3,156852,12548,2164,1124,1828,2155,1121,1717,97,100,0,600,2220
revised4tas1mixF,490,66,2188,1125,1799,410,3,156881,12550,2189,1125,1846,2164,1122,1757,98,100,0,600,2220
revised4tas1mixF,490,67,2187,1123,1772,417,3,156871,12549,2190,1125,1842,2186,1121,1745,98,100,0,600,2211
revised4tas1mixF,490,68,2150,1123,1750,423,3,156841,12547,2187,1124,1830,2150,1122,1712,99,100,0,600,2160
revised4tas1mixF,490,69,2157,1123,1779,429,3,156823,12545,2157,1124,1837,2140,1121,1716,98,100,0,600,2191
revised4tas1mixF,490,70,2180,1123,1837,435,3,156839,12547,2180,1125,1841,2157,1121,1735,98,100,0,600,2217
revised4tas1mixF,490,71,2158,1125,1750,441,3,156817,12545,2182,1125,1837,2158,1123,1720,99,100,0,600,2166
revised4tas1mixF,490,72,2137,1124,1741,446,3,156776,12542,2158,1125,1766,2137,1122,1716,98,100,0,601,2160
revised4tas1mixF,490,73,2198,1123,1808,453,3,156816,12545,2200,1125,1849,2136,1121,1726,98,100,0,601,2222
revised4tas1mixF,490,74,2187,1123,1788,459,3,156806,12544,2198,1124,1827,2186,1121,1756,98,100,0,601,2217
revised4tas1mixF,490,75,2145,1122,1782,465,3,156835,12546,2208,1124,1873,2145,1121,1726,98,100,0,601,2171
revised4tas1mixF,490,76,2127,1124,1740,471,3,156794,12543,2148,1125,1829,2127,1122,1698,99,100,0,601,2129
revised4tas1mixF,490,77,2135,1124,1767,477,3,156761,12540,2135,1125,1802,2121,1122,1699,98,100,0,601,2168
revised4tas1mixF,490,78,2201,1124,1786,483,3,156764,12541,2205,1125,1821,2135,1123,1743,99,100,0,601,2220
revised4tas1mixF,490,79,2169,1124,1762,489,3,156772,12541,2201,1125,1812,2169,1123,1748,99,100,0,601,2180
revised4tas1mixF,490,80,2156,1124,1756,495,3,156735,12538,2169,1125,1769,2156,1122,1744,98,100,0,601,2186
revised4tas1mixF,490,81,2152,1124,1758,501,4,156717,12537,2156,1125,1768,2151,1123,1742,98,100,0,601,2183
revised4tas1mixF,490,82,2203,1124,1789,507,4,156752,12540,2207,1125,1824,2152,1122,1756,99,100,0,601,2222
revised4tas1mixF,490,83,2135,1124,1753,513,4,156734,12538,2203,1125,1820,2135,1122,1723,98,100,0,601,2163
revised4tas1mixF,490,84,2144,1124,1759,519,4,156714,12537,2144,1125,1820,2135,1122,1702,97,100,0,601,2197
revised4tas1mixF,490,85,2178,1124,1785,525,4,156728,12538,2178,1125,1848,2143,1122,1725,98,100,0,601,2203
revised4tas1mixF,490,86,2189,1123,1766,531,4,156744,12539,2189,1124,1848,2178,1121,1726,97,100,0,601,2240
revised4tas1mixF,490,87,2194,1124,1785,537,4,156765,12541,2194,1124,1851,2188,1122,1761,98,100,0,601,2220
revised4tas1mixF,490,88,2218,1123,1823,543,4,156806,12544,2218,1124,1868,2194,1122,1763,97,100,0,601,2265
revised4tas1mixF,490,89,2207,1124,1794,550,4,156833,12546,2223,1125,1868,2207,1122,1772,99,100,0,601,2220
revised4tas1mixF,490,90,2197,1124,1733,556,4,156849,12547,2207,1125,1826,2197,1122,1729,99,100,0,601,2208
revised4tas1mixF,490,91,2177,1124,1795,562,4,156847,12547,2197,1125,1842,2171,1123,1716,97,100,0,601,2228
revised4tas1mixF,490,92,2196,1124,1775,568,4,156868,12549,2196,1125,1856,2177,1122,1763,98,100,0,601,2240
revised4tas1mixF,490,93,2186,1123,1797,574,4,156893,12551,2196,1125,1847,2184,1123,1717,98,100,0,601,2214
revised4tas1mixF,490,94,2181,1124,1784,580,4,156900,12552,2192,1126,1848,2179,1123,1751,98,100,0,601,2208
revised4tas1mixF,490,95,2125,1125,1737,586,4,156875,12550,2185,1125,1845,2125,1122,1708,98,100,0,601,2149
revised4tas1mixF,490,96,2138,1124,1799,592,4,156851,12548,2138,1125,1830,2124,1122,1714,97,100,0,601,2197
revised4tas1mixF,490,97,2196,1124,1798,598,4,156869,12549,2202,1126,1846,2138,1123,1751,99,100,0,601,2217
revised4tas1mixF,490,98,2180,1125,1765,604,4,156873,12549,2199,1126,1846,2180,1123,1716,99,100,0,601,2183
revised4tas1mixF,490,99,2150,1125,1731,610,4,156852,12548,2180,1126,1839,2150,1123,1713,99,100,0,601,2154
revised4tas1mixF,490,100,2157,1125,1759,616,4,156845,12547,2162,1126,1827,2148,1123,1723,98,100,0,601,2188
revised4tas1mixF,490,101,2159,1126,1801,622,4,156852,12548,2159,1126,1815,2155,1124,1743,97,100,0,601,2205
revised4tas1mixF,490,102,2171,1126,1762,628,5,156858,12548,2181,1128,1840,2159,1125,1753,99,100,0,600,2183
revised4tas1mixF,490,103,2160,1128,1754,634,5,156847,12547,2171,1128,1770,2160,1125,1743,98,100,0,600,2188
revised4tas1mixF,490,104,2158,1127,1760,640,5,156822,12545,2160,1128,1771,2158,1126,1733,98,100,0,600,2188
revised4tas1mixF,490,105,2148,1127,1754,646,5,156805,12544,2159,1128,1824,2148,1125,1720,99,100,0,600,2163
revised4tas1mixF,490,106,2141,1128,1758,652,5,156782,12542,2148,1128,1799,2137,1125,1703,97,100,0,600,2186
revised4tas1mixF,490,107,2156,1126,1786,658,5,156774,12541,2156,1128,1816,2141,1125,1739,97,100,0,600,2214
revised4tas1mixF,490,108,2228,1126,1829,664,5,156794,12543,2228,1127,1863,2156,1125,1752,98,100,0,600,2265
revised4tas1mixF,490,109,2160,1126,1761,670,5,156793,12543,2230,1128,1862,2160,1125,1744,98,100,0,600,2188
revised4tas1mixF,490,110,2159,1126,1758,676,5,156785,12542,2160,1128,1768,2159,1125,1739,98,100,0,599,2186
revised4tas1mixF,490,111,2235,1126,1781,683,5,156815,12545,2242,1127,1865,2159,1123,1757,99,100,0,600,2237
revised4tas1mixF,490,112,2191,1126,1824,689,5,156821,12545,2235,1127,1837,2191,1123,1723,100,100,0,600,2191
revised4tas1mixF,490,113,2198,1126,1806,695,5,156838,12547,2198,1127,1853,2191,1124,1747,98,100,0,600,2237
revised4tas1mixF,490,114,2199,1127,1785,701,5,156856,12548,2202,1127,1844,2198,1125,1760,98,100,0,600,2222
revised4tas1mixF,490,115,2154,1126,1757,707,5,156861,12548,2199,1127,1837,2135,1124,1700,97,100,0,600,2208
revised4tas1mixF,490,116,2161,1125,1774,713,5,156844,12547,2166,1127,1811,2154,1125,1745,99,100,0,600,2177
revised4tas1mixF,490,117,2153,1125,1757,719,5,156831,12546,2161,1126,1800,2153,1122,1727,99,100,0,599,2171
revised4tas1mixF,490,118,2163,1124,1762,725,5,156843,12547,2168,1126,1824,2152,1124,1741,99,100,0,600,2174
revised4tas1mixF,490,119,2155,1126,1775,731,5,156818,12545,2165,1127,1816,2109,1124,1699,99,100,0,600,2166
revised4tas1mixF,490,120,2151,1126,1743,737,5,156806,12544,2156,1127,1822,2150,1124,1717,98,100,0,600,2188
revised4tas1mixF,490,121,2138,1125,1714,743,5,156784,12542,2151,1127,1801,2138,1124,1701,98,100,0,600,2166
revised4tas1mixF,490,122,2156,1124,1807,749,5,156779,12542,2156,1126,1818,2135,1124,1707,97,100,0,599,2214
revised4tas1mixF,490,123,2135,1125,1752,755,6,156787,12543,2218,1126,1864,2129,1123,1702,97,100,0,600,2183
revised4tas1mixF,490,124,2143,1125,1703,761,6,156773,12541,2145,1126,1809,2135,1123,1703,99,100,0,600,2163
revised4tas1mixF,490,125,2201,1126,1802,767,6,156766,12541,2201,1126,1819,2136,1123,1703,98,100,0,600,2240
revised4tas1mixF,490,126,2214,1123,1814,773,6,156792,12543,2215,1126,1866,2201,1122,1786,98,100,0,600,2245
revised4tas1mixF,490,127,2229,1123,1798,779,6,156801,12544,2244,1125,1871,2191,1122,1744,100,100,0,601,2229
revised4tas1mixF,490,128,2211,1125,1792,785,6,156821,12545,2229,1125,1861,2211,1123,1770,99,100,0,601,2228
revised4tas1mixF,490,129,2146,1125,1773,792,6,156826,12546,2211,1126,1864,2146,1123,1711,99,100,0,601,2157
revised4tas1mixF,490,130,2143,1125,1760,798,6,156809,12544,2146,1126,1803,2136,1124,1702,98,100,0,601,2180
revised4tas1mixF,490,131,2149,1125,1749,804,6,156797,12543,2149,1126,1801,2143,1124,1739,98,100,0,601,2186
revised4tas1mixF,490,132,2160,1124,1767,810,6,156791,12543,2160,1125,1817,2148,1123,1721,97,100,0,601,2205
revised4tas1mixF,490,133,2246,1125,1825,816,6,156791,12543,2246,1126,1866,2154,1124,1709,98,100,0,601,2279
revised4tas1mixF,490,134,2195,1125,1777,822,6,156813,12545,2246,1126,1868,2189,1123,1761,97,100,0,601,2254
revised4tas1mixF,490,135,2197,1125,1794,828,6,156828,12546,2200,1126,1842,2195,1124,1763,98,100,0,601,2228
revised4tas1mixF,490,136,2145,1124,1751,834,6,156836,12546,2197,1126,1838,2145,1123,1721,98,100,0,601,2168
revised4tas1mixF,490,137,2157,1124,1771,840,6,156831,12546,2157,1126,1787,2144,1123,1732,98,100,0,601,2191
revised4tas1mixF,490,138,2194,1125,1776,846,6,156848,12547,2212,1125,1832,2157,1123,1741,100,100,0,601,2194
revised4tas1mixF,490,139,2172,1125,1769,852,6,156833,12546,2194,1125,1829,2172,1123,1742,98,100,0,601,2197
revised4tas1mixF,490,140,2216,1125,1812,858,6,156831,12546,2217,1126,1835,2155,1123,1707,98,100,0,601,2245
revised4tas1mixF,490,141,2206,1125,1787,864,6,156847,12547,2216,1126,1843,2206,1123,1763,98,100,0,601,2231
revised4tas1mixF,490,142,2205,1125,1779,870,6,156863,12549,2208,1126,1858,2204,1123,1764,99,100,0,601,2225
revised4tas1mixF,490,143,2199,1125,1830,877,7,156877,12550,2205,1126,1847,2199,1123,1755,99,100,0,601,2217
revised4tas1mixF,490,144,2194,1125,1755,883,7,156894,12551,2202,1126,1846,2127,1123,1718,98,100,0,601,2231
revised4tas1mixF,490,145,2204,1124,1823,889,7,156889,12551,2204,1126,1849,2127,1123,1711,97,100,0,601,2251
revised4tas1mixF,490,146,2203,1124,1819,895,7,156903,12552,2205,1126,1847,2202,1123,1751,98,100,0,601,2228
revised4tas1mixF,490,147,2171,1123,1786,901,7,156905,12552,2203,1126,1837,2150,1122,1742,96,100,0,601,2240
revised4tas1mixF,490,148,2191,1124,1812,907,7,156928,12554,2192,1125,1836,2171,1122,1765,98,100,0,601,2217
revised4tas1mixF,490,149,2183,1125,1766,913,7,156923,12553,2195,1126,1836,2183,1124,1745,99,100,0,601,2186
revised4tas1mixF,490,150,2165,1125,1762,919,7,156917,12553,2183,1127,1781,2165,1124,1744,99,100,0,601,2186
revised4tas1mixF,490,151,2208,1125,1769,925,7,156929,12554,2223,1127,1837,2162,1124,1749,100,100,0,601,2208
revised4tas1mixF,490,152,2136,1126,1735,931,7,156933,12554,2219,1127,1861,2136,1124,1710,98,100,0,601,2177
revised4tas1mixF,490,153,2143,1123,1770,937,7,156920,12553,2143,1127,1798,2133,1122,1691,98,100,0,601,2186
revised4tas1mixF,490,154,2152,1123,1770,943,7,156912,12552,2153,1126,1781,2143,1122,1730,99,100,0,601,2171
revised4tas1mixF,490,155,2153,1123,1750,949,7,156900,12552,2153,1124,1824,2143,1119,1710,97,100,0,601,2197
revised4tas1mixF,490,156,2169,1123,1797,955,7,156902,12552,2169,1126,1841,2153,1122,1733,98,100,0,601,2200
revised4tas1mixF,490,157,2179,1126,1792,961,7,156906,12552,2182,1126,1844,2167,1123,1717,99,100,0,601,2200
revised4tas1mixF,490,158,2147,1125,1750,967,7,156899,12551,2179,1126,1807,2145,1124,1710,97,100,0,601,2191
revised4tas1mixF,490,159,2137,1126,1744,973,7,156872,12549,2147,1126,1802,2137,1124,1713,98,100,0,601,2163
revised4tas1mixF,490,160,2161,1125,1793,979,7,156869,12549,2161,1126,1824,2135,1123,1716,97,100,0,601,2208
revised4tas1mixF,490,161,2172,1124,1750,985,7,156870,12549,2172,1125,1822,2161,1123,1712,98,100,0,601,2205
revised4tas1mixF,490,162,2213,1124,1830,991,7,156879,12550,2213,1126,1865,2150,1123,1696,97,100,0,601,2259
revised4tas1mixF,490,163,2233,1125,1834,998,7,156899,12551,2233,1126,1874,2213,1123,1808,98,100,0,601,2268
revised4tas1mixF,490,164,2226,1125,1809,1004,8,156923,12553,2239,1126,1874,2226,1123,1757,99,100,0,601,2234
revised4tas1mixF,490,165,2151,1124,1812,1010,8,156918,12553,2226,1126,1824,2151,1123,1710,98,100,0,601,2186
revised4tas1mixF,490,166,2156,1125,1756,1016,8,156920,12553,2156,1127,1812,2151,1124,1737,98,100,0,601,2188
revised4tas1mixF,490,167,2160,1124,1763,1022,8,156906,12552,2160,1126,1783,2156,1124,1752,98,100,0,601,2191
revised4tas1mixF,490,168,2163,1125,1773,1028,8,156902,12552,2163,1126,1795,2158,1123,1752,98,100,0,601,2203
revised4tas1mixF,490,169,2183,1125,1784,1034,8,156916,12553,2183,1126,1848,2163,1124,1754,97,100,0,601,2248
revised4tas1mixF,490,170,2179,1125,1717,1040,8,156910,12552,2191,1127,1830,2179,1124,1709,99,100,0,601,2197
revised4tas1mixF,490,171,2119,1124,1769,1046,8,156900,12552,2179,1127,1790,2113,1124,1705,97,100,0,601,2163
revised4tas1mixF,490,172,2128,1125,1742,1052,8,156874,12549,2128,1126,1787,2119,1122,1712,98,100,0,601,2154
revised4tas1mixF,490,173,2132,1126,1742,1058,8,156874,12549,2202,1126,1843,2128,1124,1718,98,100,0,601,2166
revised4tas1mixF,490,174,2201,1124,1798,1064,8,156888,12551,2202,1126,1845,2131,1124,1717,98,100,0,601,2228
revised4tas1mixF,490,175,2194,1124,1763,1070,8,156887,12550,2201,1125,1835,2194,1123,1747,99,100,0,601,2214
revised4tas1mixF,490,176,2163,1125,1753,1076,8,156879,12550,2194,1125,1825,2163,1122,1709,98,100,0,601,2197
revised4tas1mixF,490,177,2142,1125,1744,1082,8,156863,12549,2163,1126,1788,2142,1122,1712,98,100,0,600,2166
revised4tas1mixF,490,178,2151,1125,1759,1088,8,156856,12548,2153,1125,1821,2139,1123,1720,98,100,0,600,2186
revised4tas1mixF,490,179,2155,1124,1725,1094,8,156858,12548,2157,1125,1835,2151,1123,1709,98,100,0,600,2188
revised4tas1mixF,490,180,2138,1124,1720,1100,8,156833,12546,2155,1125,1795,2138,1123,1699,98,100,0,600,2174
revised4tas1mixF,490,181,2128,1125,1747,1106,8,156815,12545,2138,1126,1793,2128,1123,1696,98,100,0,599,2151
revised4tas1mixF,490,182,2132,1124,1773,1112,8,156800,12544,2132,1126,1793,2128,1123,1704,98,100,0,600,2166
revised4tas1mixF,490,183,2131,1124,1761,1118,8,156784,12542,2134,1126,1792,2130,1123,1700,98,100,0,600,2163
revised4tas1mixF,490,184,2135,1125,1737,1124,8,156771,12541,2137,1126,1791,2131,1123,1695,98,100,0,599,2174
revised4tas1mixF,490,185,2134,1125,1724,1130,9,156756,12540,2136,1126,1789,2132,1124,1700,98,100,0,600,2171
revised4tas1mixF,490,186,2127,1124,1767,1136,9,156739,12539,2134,1126,1791,2127,1123,1698,99,100,0,599,2137
revised4tas1mixF,490,187,2129,1125,1759,1142,9,156723,12537,2129,1126,1791,2125,1124,1694,98,100,0,599,2163
revised4tas1mixF,490,188,2128,1125,1720,1148,9,156707,12536,2131,1127,1792,2126,1124,1699,98,100,0,600,2171
revised4tas1mixF,490,189,2130,1124,1739,1154,9,156692,12535,2131,1126,1788,2126,1124,1700,98,100,0,600,2166
revised4tas1mixF,490,190,2129,1125,1707,1160,9,156677,12534,2133,1126,1792,2128,1124,1695,98,100,0,600,2168
revised4tas1mixF,490,191,2130,1125,1759,1166,9,156662,12533,2130,1126,1792,2127,1123,1699,98,100,0,600,2166
revised4tas1mixF,490,192,2128,1125,1734,1171,9,156646,12531,2130,1126,1791,2127,1124,1693,98,100,0,600,2171
revised4tas1mixF,490,193,2128,1126,1741,1177,9,156631,12530,2129,1126,1791,2127,1124,1697,98,100,0,600,2157
revised4tas1mixF,490,194,2118,1126,1721,1183,9,156613,12529,2129,1127,1788,2118,1124,1686,99,100,0,600,2131
revised4tas1mixF,490,195,2107,1125,1743,1189,9,156597,12527,2118,1127,1754,2107,1124,1686,98,100,0,600,2137
revised4tas1mixF,490,196,2138,1126,1766,1195,9,156580,12526,2138,1127,1813,2106,1125,1691,97,100,0,600,2191
revised4tas1mixF,490,197,2138,1125,1754,1201,9,156580,12526,2152,1126,1822,2138,1124,1713,99,100,0,600,2149
revised4tas1mixF,490,198,2124,1125,1738,1207,9,156554,12524,2138,1127,1762,2124,1124,1707,98,100,0,599,2151
revised4tas1mixF,490,199,2150,1125,1762,1213,9,156551,12524,2150,1126,1821,2124,1124,1737,97,100,0,600,2197
revised4tas1mixF,490,200,2154,1125,1725,1219,9,156547,12523,2158,1126,1824,2150,1124,1707,99,100,0,600,2160
revised4tas1mixF,490,201,2123,1126,1719,1225,9,156527,12522,2154,1126,1759,2123,1124,1704,99,100,0,600,2140
revised4tas1mixF,490,202,2119,1125,1734,1231,9,156509,12520,2123,1126,1761,2118,1124,1700,98,100,0,600,2154
revised4tas1mixF,490,203,2117,1125,1733,1237,9,156492,12519,2119,1126,1761,2117,1124,1703,98,100,0,601,2140
revised4tas1mixF,490,204,2118,1126,1710,1243,9,156482,12518,2119,1126,1764,2117,1123,1704,98,100,0,601,2149
revised4tas1mixF,490,205,2117,1122,1732,1248,9,156457,12516,2119,1126,1763,2117,1122,1706,98,100,0,601,2143
revised4tas1mixF,490,206,2119,1124,1727,1254,10,156441,12515,2119,1126,1773,2116,1122,1704,97,100,0,601,2168
revised4tas1mixF,490,207,2146,1124,1762,1260,10,156444,12515,2146,1125,1782,2119,1122,1714,98,100,0,601,2183
revised4tas1mixF,490,208,2153,1125,1758,1266,10,156433,12514,2153,1126,1773,2146,1122,1754,98,100,0,601,2188
revised4tas1mixF,490,209,2162,1124,1775,1272,10,156431,12514,2162,1126,1781,2153,1123,1754,98,100,0,601,2203
revised4tas1mixF,490,210,2170,1124,1779,1278,10,156434,12514,2170,1125,1783,2162,1123,1771,98,100,0,601,2200
revised4tas1mixF,490,211,2173,1123,1777,1285,10,156436,12514,2173,1125,1785,2170,1123,1770,98,100,0,601,2203
revised4tas1mixF,490,212,2173,1124,1781,1291,10,156439,12515,2173,1125,1783,2173,1122,1770,98,100,0,601,2203
revised4tas1mixF,490,213,2174,1124,1776,1297,10,156441,12515,2174,1126,1786,2173,1123,1771,98,100,0,601,2203
revised4tas1mixF,490,214,2174,1124,1777,1303,10,156451,12516,2175,1126,1782,2174,1123,1772,98,100,0,601,2205
revised4tas1mixF,490,215,2175,1125,1780,1309,10,156447,12515,2175,1126,1783,2174,1124,1771,98,100,0,601,2203
revised4tas1mixF,490,216,2175,1124,1778,1315,10,156450,12516,2175,1125,1785,2174,1123,1771,98,100,0,601,2205
revised4tas1mixF,490,217,2175,1125,1779,1321,10,156453,12516,2176,1125,1788,2175,1123,1763,98,100,0,601,2203
revised4tas1mixF,490,218,2176,1126,1776,1327,10,156456,12516,2176,1126,1785,2175,1123,1773,98,100,0,600,2205
revised4tas1mixF,490,219,2176,1125,1777,1333,10,156459,12516,2177,1126,1784,2176,1123,1772,98,100,0,600,2205
revised4tas1mixF,490,220,2164,1125,1763,1339,10,156458,12516,2177,1125,1806,2164,1123,1747,98,100,0,600,2188
revised4tas1mixF,490,221,2161,1125,1764,1345,10,156455,12516,2164,1126,1774,2161,1124,1754,98,100,0,600,2188
revised4tas1mixF,490,222,2160,1124,1762,1351,10,156453,12516,2161,1126,1778,2160,1124,1757,98,100,0,600,2188
revised4tas1mixF,490,223,2161,1124,1769,1357,10,156451,12516,2161,1125,1779,2159,1123,1757,98,100,0,601,2191
revised4tas1mixF,490,224,2162,1124,1768,1363,10,156450,12516,2163,1125,1779,2161,1123,1760,98,100,0,601,2191
revised4tas1mixF,490,225,2164,1124,1765,1369,10,156456,12516,2164,1125,1778,2162,1123,1760,98,100,0,601,2191
revised4tas1mixF,490,226,2164,1125,1766,1375,11,156449,12515,2164,1125,1778,2163,1123,1759,98,100,0,601,2191
revised4tas1mixF,490,227,2164,1125,1775,1381,11,156448,12515,2164,1126,1822,2163,1123,1761,98,100,0,601,2203
revised4tas1mixF,490,228,2162,1124,1764,1387,11,156446,12515,2164,1126,1818,2162,1123,1755,98,100,0,601,2186
revised4tas1mixF,490,229,2102,1124,1718,1393,11,156430,12514,2162,1126,1823,2097,1123,1698,98,100,0,601,2129
revised4tas1mixF,490,230,2100,1125,1701,1399,11,156416,12513,2102,1126,1777,2098,1124,1694,98,100,0,601,2129
revised4tas1mixF,490,231,2087,1125,1702,1405,11,156382,12510,2100,1126,1730,2083,1124,1691,97,100,0,601,2131
revised4tas1mixF,490,232,2090,1124,1716,1411,11,156359,12508,2090,1126,1729,2082,1123,1689,98,100,0,601,2129
revised4tas1mixF,490,233,2087,1124,1695,1416,11,156335,12506,2095,1124,1731,2087,1122,1692,99,100,0,601,2106
revised4tas1mixF,490,234,2079,1123,1702,1422,11,156315,12505,2087,1124,1726,2079,1122,1691,98,100,0,601,2103
revised4tas1mixF,490,235,2091,1123,1701,1428,11,156287,12503,2091,1124,1733,2079,1122,1690,98,100,0,601,2120
revised4tas1mixF,490,236,2081,1124,1703,1434,11,156261,12500,2091,1125,1728,2081,1122,1691,99,100,0,601,2100
revised4tas1mixF,490,237,2074,1124,1701,1440,11,156233,12498,2081,1125,1705,2074,1122,1690,98,100,0,601,2103
revised4tas1mixF,490,238,2078,1124,1695,1445,11,156208,12496,2080,1125,1724,2073,1122,1689,98,100,0,601,2100
revised4tas1mixF,490,239,2081,1124,1721,1451,11,156183,12494,2081,1125,1723,2073,1123,1689,97,100,0,601,2129
revised4tas1mixF,490,240,2083,1123,1692,1457,11,156160,12492,2090,1125,1728,2081,1122,1689,99,100,0,601,2100
revised4tas1mixF,490,241,2082,1124,1691,1463,11,156141,12491,2083,1125,1723,2077,1122,1689,99,100,0,601,2103
revised4tas1mixF,490,242,2127,1123,1689,1469,11,156109,12488,2127,1125,1751,2074,1121,1688,98,100,0,601,2151
revised4tas1mixF,490,243,2069,1124,1698,1474,11,156082,12486,2127,1125,1713,2065,1121,1686,98,100,0,601,2100
revised4tas1mixF,490,244,2087,1123,1717,1480,11,156068,12485,2087,1125,1735,2068,1120,1688,98,100,0,601,2126
revised4tas1mixF,490,245,2080,1124,1697,1486,11,156038,12483,2091,1125,1732,2080,1122,1687,99,100,0,601,2100
revised4tas1mixF,490,246,2085,1123,1705,1492,11,156024,12481,2089,1124,1733,2078,1122,1690,99,100,0,601,2097
revised4tas1mixF,490,247,2073,1124,1705,1497,11,155991,12479,2085,1124,1714,2073,1121,1687,98,100,0,601,2097
revised4tas1mixF,490,248,2078,1122,1720,1503,12,155967,12477,2078,1124,1744,2072,1121,1685,97,100,0,601,2129
revised4tas1mixF,490,249,2085,1122,1718,1509,12,155947,12475,2087,1124,1740,2078,1121,1690,99,100,0,601,2100
revised4tas1mixF,490,250,2081,1120,1723,1515,12,155930,12474,2087,1124,1730,2078,1119,1690,97,100,0,601,2129
revised4tas1mixF,490,251,2098,1122,1723,1521,12,155908,12472,2099,1123,1783,2081,1120,1706,98,100,0,601,2129
revised4tas1mixF,490,252,2088,1123,1700,1527,12,155888,12471,2099,1124,1738,2088,1121,1687,99,100,0,601,2095
revised4tas1mixF,490,253,2080,1123,1693,1532,12,155865,12469,2088,1123,1753,2077,1120,1687,98,100,0,601,2117
revised4tas1mixF,490,254,2086,1124,1703,1538,12,155845,12467,2090,1124,1751,2080,1120,1687,99,100,0,601,2097
revised4tas1mixF,490,255,2074,1124,1703,1544,12,155821,12465,2086,1125,1717,2074,1123,1685,98,100,0,601,2097
revised4tas1mixF,490,256,2081,1122,1700,1550,12,155800,12464,2084,1124,1741,2072,1121,1677,99,100,0,601,2100
revised4tas1mixF,490,257,2079,1123,1705,1556,12,155777,12462,2081,1124,1736,2073,1121,1680,97,100,0,601,2126
revised4tas1mixF,490,258,2113,1122,1710,1561,12,155768,12461,2150,1124,1787,2079,1122,1685,100,100,0,601,2113
revised4tas1mixF,490,259,2099,1124,1719,1567,12,155744,12459,2113,1125,1731,2099,1122,1688,98,100,0,601,2129
revised4tas1mixF,490,260,2089,1123,1719,1573,12,155726,12458,2099,1124,1732,2089,1122,1688,98,100,0,601,2114
revised4tas1mixF,490,261,2093,1123,1724,1579,12,155708,12456,2093,1124,1732,2086,1122,1685,98,100,0,601,2126
revised4tas1mixF,490,262,2079,1123,1703,1585,12,155692,12455,2093,1124,1724,2079,1122,1688,98,100,0,601,2106
revised4tas1mixF,490,263,2088,1123,1707,1590,12,155668,12453,2088,1124,1732,2079,1122,1691,98,100,0,601,2114
revised4tas1mixF,490,264,2091,1123,1720,1596,12,155649,12451,2091,1124,1733,2082,1122,1687,98,100,0,601,2131
revised4tas1mixF,490,265,2099,1124,1755,1602,12,155635,12450,2099,1124,1763,2091,1121,1707,98,100,0,600,2134
revised4tas1mixF,490,266,2093,1123,1707,1608,12,155619,12449,2108,1124,1800,2093,1122,1686,99,100,0,600,2103
revised4tas1mixF,490,267,2080,1123,1705,1614,12,155598,12447,2093,1124,1712,2080,1122,1689,98,100,0,600,2106
revised4tas1mixF,490,268,2076,1123,1705,1620,12,155583,12446,2080,1124,1712,2076,1122,1690,98,100,0,600,2106
revised4tas1mixF,490,269,2075,1124,1703,1625,13,155556,12444,2076,1125,1714,2075,1122,1688,98,100,0,600,2106
revised4tas1mixF,490,270,2075,1123,1700,1631,13,155535,12442,2075,1125,1712,2074,1122,1689,98,100,0,600,2106
revised4tas1mixF,490,271,2089,1123,1716,1637,13,155519,12441,2089,1124,1732,2074,1122,1689,98,100,0,600,2129
revised4tas1mixF,490,272,2090,1124,1701,1643,13,155503,12440,2096,1125,1737,2089,1122,1691,99,100,0,600,2103
revised4tas1mixF,490,273,2079,1122,1696,1649,13,155488,12439,2090,1125,1714,2079,1121,1691,98,100,0,600,2103
revised4tas1mixF,490,274,2083,1123,1691,1654,13,155464,12437,2083,1123,1776,2077,1120,1690,97,100,0,600,2126
revised4tas1mixF,490,275,2085,1121,1695,1660,13,155447,12435,2087,1123,1766,2082,1120,1691,98,100,0,600,2109
revised4tas1mixF,490,276,2077,1122,1706,1666,13,155426,12434,2085,1123,1710,2077,1120,1691,98,100,0,600,2103
revised4tas1mixF,490,277,2074,1123,1701,1672,13,155406,12432,2077,1123,1709,2074,1121,1690,98,100,0,600,2106
revised4tas1mixF,490,278,2074,1122,1702,1678,13,155386,12430,2075,1123,1718,2074,1121,1692,98,100,0,600,2106
revised4tas1mixF,490,279,2074,1123,1704,1683,13,155366,12429,2075,1124,1719,2074,1121,1687,98,100,0,600,2103
revised4tas1mixF,490,280,2083,1123,1715,1689,13,155349,12427,2083,1124,1737,2073,1122,1688,97,100,0,599,2129
revised4tas1mixF,490,281,2094,1123,1716,1695,13,155336,12426,2094,1124,1746,2083,1121,1705,98,100,0,600,2129
revised4tas1mixF,490,282,2098,1123,1720,1701,13,155322,12425,2098,1124,1743,2094,1122,1708,98,100,0,600,2131
revised4tas1mixF,490,283,2099,1121,1724,1707,13,155315,12425,2099,1123,1745,2098,1120,1706,98,100,0,599,2129
revised4tas1mixF,490,284,2100,1123,1716,1712,13,155297,12423,2100,1124,1738,2099,1120,1713,98,100,0,599,2129
revised4tas1mixF,490,285,2100,1123,1715,1718,13,155284,12422,2100,1124,1735,2099,1121,1710,98,100,0,600,2129
revised4tas1mixF,490,286,2091,1123,1709,1724,13,155274,12421,2100,1124,1734,2091,1122,1701,98,100,0,600,2114
revised4tas1mixF,490,287,2088,1122,1726,1730,13,155253,12420,2091,1124,1726,2088,1122,1702,98,100,0,600,2114
revised4tas1mixF,490,288,2091,1122,1720,1736,13,155238,12419,2091,1124,1736,2086,1121,1702,98,100,0,600,2126
revised4tas1mixF,490,289,2096,1123,1727,1742,13,155226,12418,2096,1124,1753,2091,1121,1706,98,100,0,601,2129
revised4tas1mixF,490,290,2083,1122,1702,1748,13,155208,12416,2097,1124,1735,2083,1121,1687,99,100,0,601,2100
revised4tas1mixF,490,291,2073,1123,1693,1753,14,155189,12415,2083,1124,1718,2073,1121,1687,98,100,0,601,2100
revised4tas1mixF,490,292,2070,1123,1693,1759,14,155174,12413,2073,1124,1718,2070,1121,1686,98,100,0,601,2100
revised4tas1mixF,490,293,2076,1124,1720,1765,14,155151,12412,2076,1124,1733,2070,1121,1688,97,100,0,601,2129
revised4tas1mixF,490,294,2076,1122,1693,1771,14,155134,12410,2085,1125,1741,2076,1120,1687,98,100,0,601,2097
revised4tas1mixF,490,295,2075,1124,1704,1776,14,155117,12409,2082,1125,1737,2075,1121,1685,98,100,0,600,2100
revised4tas1mixF,490,296,2076,1123,1694,1782,14,155106,12408,2083,1125,1733,2075,1122,1686,98,100,0,601,2103
revised4tas1mixF,490,297,2078,1124,1697,1788,14,155085,12406,2083,1125,1735,2074,1122,1684,98,100,0,601,2100
revised4tas1mixF,490,298,2091,1123,1715,1794,14,155072,12405,2091,1124,1756,2077,1121,1689,98,100,0,601,2129
revised4tas1mixF,490,299,2077,1124,1700,1799,14,155055,12404,2093,1124,1743,2077,1122,1682,99,100,0,601,2097
revised4tas1mixF,490,300,2075,1124,1696,1805,14,155037,12403,2079,1124,1739,2075,1122,1686,98,100,0,600,2097
revised4tas1mixF,490,301,2070,1122,1707,1811,14,155019,12401,2075,1124,1720,2070,1121,1685,98,100,0,600,2097
revised4tas1mixF,490,302,2072,1121,1718,1817,14,155001,12400,2072,1124,1736,2068,1120,1686,97,100,0,600,2117
revised4tas1mixF,490,303,2075,1123,1711,1823,14,154985,12398,2080,1124,1741,2072,1121,1685,98,100,0,600,2114
revised4tas1mixF,490,304,2089,1123,1719,1828,14,154973,12397,2091,1124,1759,2075,1121,1691,99,100,0,600,2106
revised4tas1mixF,490,305,2091,1122,1717,1834,14,154960,12396,2091,1124,1754,2086,1122,1687,98,100,0,600,2126
revised4tas1mixF,490,306,2079,1122,1720,1840,14,154943,12395,2092,1124,1746,2076,1121,1684,97,100,0,600,2123
revised4tas1mixF,490,307,2073,1124,1693,1846,14,154926,12394,2081,1124,1755,2073,1122,1685,98,100,0,601,2097
revised4tas1mixF,490,308,2069,1124,1696,1852,14,154908,12392,2073,1124,1713,2069,1120,1686,98,100,0,601,2097
revised4tas1mixF,490,309,2068,1122,1698,1857,14,154890,12391,2069,1124,1714,2068,1121,1685,98,100,0,601,2095
revised4tas1mixF,490,310,2068,1123,1717,1863,14,154873,12389,2069,1124,1717,2068,1121,1688,98,100,0,601,2097
revised4tas1mixF,490,311,2081,1122,1697,1869,14,154859,12388,2084,1124,1737,2068,1121,1688,99,100,0,601,2100
revised4tas1mixF,490,312,2071,1122,1701,1875,15,154842,12387,2081,1124,1715,2071,1121,1686,98,100,0,601,2095
revised4tas1mixF,490,313,2069,1123,1697,1881,15,154825,12386,2071,1123,1713,2069,1121,1688,98,100,0,601,2097
revised4tas1mixF,490,314,2069,1122,1697,1886,15,154807,12384,2069,1123,1712,2068,1122,1686,98,100,0,601,2097
revised4tas1mixF,490,315,2078,1123,1712,1892,15,154793,12383,2078,1124,1733,2068,1121,1689,97,100,0,601,2123
revised4tas1mixF,490,316,2090,1122,1724,1898,15,154782,12382,2090,1124,1737,2078,1121,1708,98,100,0,601,2123
revised4tas1mixF,490,317,2094,1123,1710,1904,15,154770,12381,2094,1124,1734,2090,1122,1708,98,100,0,601,2123
revised4tas1mixF,490,318,2073,1123,1693,1909,15,154754,12380,2094,1124,1732,2073,1122,1676,99,100,0,601,2092
revised4tas1mixF,490,319,2065,1123,1704,1915,15,154740,12379,2073,1125,1712,2060,1122,1678,98,100,0,601,2106
revised4tas1mixF,490,320,2074,1123,1699,1921,15,154721,12377,2075,1124,1712,2065,1122,1689,98,100,0,601,2097
revised4tas1mixF,490,321,2069,1123,1703,1927,15,154704,12376,2074,1125,1706,2069,1121,1686,98,100,0,601,2097
revised4tas1mixF,490,322,2067,1124,1695,1932,15,154687,12375,2069,1125,1704,2067,1122,1686,98,100,0,601,2097
revised4tas1mixF,490,323,2067,1124,1700,1938,15,154675,12374,2068,1125,1705,2067,1123,1686,98,100,0,601,2097
revised4tas1mixF,490,324,2082,1124,1714,1944,15,154658,12372,2082,1125,1721,2067,1122,1686,98,100,0,601,2123
revised4tas1mixF,490,325,2089,1124,1717,1950,15,154647,12371,2089,1124,1724,2082,1121,1709,98,100,0,601,2120
revised4tas1mixF,490,326,2091,1124,1712,1956,15,154636,12370,2092,1125,1721,2089,1122,1708,98,100,0,601,2120
revised4tas1mixF,490,327,2083,1124,1692,1962,15,154623,12369,2092,1125,1721,2083,1123,1686,99,100,0,601,2097
revised4tas1mixF,490,328,2083,1125,1711,1967,15,154615,12369,2083,1126,1723,2075,1123,1685,97,100,0,601,2126
revised4tas1mixF,490,329,2090,1124,1718,1973,15,154599,12367,2090,1125,1721,2083,1123,1707,98,100,0,601,2123
revised4tas1mixF,490,330,2092,1124,1714,1979,15,154589,12367,2092,1125,1724,2090,1123,1707,98,100,0,601,2120
revised4tas1mixF,490,331,2093,1122,1714,1985,15,154579,12366,2093,1125,1722,2091,1122,1708,98,100,0,601,2123
revised4tas1mixF,490,332,2086,1123,1711,1991,15,154566,12365,2093,1125,1719,2082,1121,1688,98,100,0,600,2123
revised4tas1mixF,490,333,2090,1122,1696,1997,15,154555,12364,2091,1125,1726,2086,1121,1694,98,100,0,601,2117
revised4tas1mixF,490,334,2076,1122,1720,2002,16,154541,12363,2090,1123,1722,2074,1120,1690,98,100,0,600,2117
revised4tas1mixF,490,335,2071,1121,1695,2008,16,154525,12362,2078,1123,1720,2071,1120,1691,98,100,0,600,2097
revised4tas1mixF,490,336,2069,1121,1697,2014,16,154515,12361,2071,1122,1705,2069,1121,1689,98,100,0,600,2097
revised4tas1mixF,490,337,2069,1124,1698,2020,16,154495,12359,2069,1125,1706,2068,1121,1687,98,100,0,600,2097
revised4tas1mixF,490,338,2069,1124,1694,2025,16,154480,12358,2070,1126,1706,2069,1123,1687,98,100,0,600,2100
revised4tas1mixF,490,339,2085,1124,1713,2031,16,154469,12357,2085,1126,1724,2069,1122,1688,98,100,0,599,2126
revised4tas1mixF,490,340,2091,1124,1715,2037,16,154460,12356,2091,1126,1723,2085,1123,1687,98,100,0,600,2123
revised4tas1mixF,490,341,2076,1125,1694,2043,16,154446,12355,2092,1126,1722,2076,1123,1685,98,100,0,600,2100
revised4tas1mixF,490,342,2070,1125,1701,2048,16,154431,12354,2076,1126,1703,2070,1123,1685,98,100,0,600,2097
revised4tas1mixF,490,343,2069,1126,1691,2054,16,154417,12353,2071,1126,1701,2069,1123,1684,98,100,0,600,2097
revised4tas1mixF,490,344,2087,1124,1719,2060,16,154407,12352,2087,1126,1724,2069,1123,1687,98,100,0,600,2126
revised4tas1mixF,490,345,2080,1125,1697,2066,16,154395,12351,2091,1126,1722,2080,1123,1686,99,100,0,600,2097
revised4tas1mixF,490,346,2072,1124,1699,2072,16,154381,12350,2080,1126,1703,2072,1123,1686,98,100,0,600,2100
revised4tas1mixF,490,347,2070,1124,1700,2077,16,154371,12349,2072,1124,1704,2070,1122,1688,98,100,0,600,2097
revised4tas1mixF,490,348,2069,1124,1694,2083,16,154353,12348,2070,1125,1704,2069,1122,1689,98,100,0,600,2100
revised4tas1mixF,490,349,2076,1123,1698,2089,16,154341,12347,2079,1125,1727,2069,1122,1689,98,100,0,600,2097
revised4tas1mixF,490,350,2069,1123,1689,2095,16,154327,12346,2076,1124,1704,2069,1122,1679,99,100,0,600,2086
revised4tas1mixF,490,351,2079,1123,1715,2101,16,154319,12345,2079,1124,1726,2068,1122,1687,97,100,0,600,2123
revised4tas1mixF,490,352,2073,1124,1715,2106,16,154302,12344,2082,1125,1725,2073,1122,1684,98,100,0,600,2097
revised4tas1mixF,490,353,2087,1124,1720,2112,16,154293,12343,2087,1125,1727,2073,1122,1692,98,100,0,600,2126
revised4tas1mixF,490,354,2092,1124,1714,2118,16,154284,12342,2092,1124,1728,2086,1121,1694,98,100,0,600,2129
revised4tas1mixF,490,355,2082,1123,1720,2124,16,154273,12341,2094,1125,1726,2082,1122,1689,99,100,0,600,2100
revised4tas1mixF,490,356,2079,1124,1724,2130,17,154261,12340,2082,1125,1732,2075,1122,1687,97,100,0,600,2126
revised4tas1mixF,490,357,2087,1124,1717,2135,17,154253,12340,2097,1125,1764,2079,1122,1685,99,100,0,600,2103
revised4tas1mixF,490,358,2093,1124,1723,2141,17,154249,12339,2093,1125,1726,2087,1123,1693,98,100,0,600,2126
revised4tas1mixF,490,359,2087,1124,1722,2147,17,154239,12339,2094,1125,1726,2084,1123,1687,98,100,0,600,2129
revised4tas1mixF,490,360,2094,1124,1690,2153,17,154231,12338,2094,1125,1729,2087,1123,1690,98,100,0,600,2120
revised4tas1mixF,490,361,2078,1125,1690,2159,17,154214,12337,2094,1125,1707,2078,1123,1688,98,100,0,600,2103
revised4tas1mixF,490,362,2073,1124,1701,2164,17,154201,12336,2078,1125,1710,2073,1122,1687,98,100,0,600,2103
revised4tas1mixF,490,363,2072,1124,1701,2170,17,154189,12335,2073,1125,1706,2072,1123,1686,98,100,0,601,2103
revised4tas1mixF,490,364,2076,1124,1693,2176,17,154177,12334,2078,1125,1729,2071,1123,1688,98,100,0,601,2103
revised4tas1mixF,490,365,2076,1123,1694,2182,17,154165,12333,2078,1125,1747,2073,1122,1684,98,100,0,601,2100
revised4tas1mixF,490,366,2085,1125,1706,2188,17,154156,12332,2085,1125,1758,2076,1123,1690,98,100,0,601,2114
revised4tas1mixF,490,367,2148,1125,1697,2193,17,154149,12331,2148,1125,1793,2085,1123,1689,98,100,0,601,2186
revised4tas1mixF,490,368,2089,1124,1710,2199,17,154142,12331,2148,1125,1793,2083,1123,1685,98,100,0,601,2117
revised4tas1mixF,490,369,2095,1124,1725,2205,17,154134,12330,2095,1126,1763,2089,1122,1690,98,100,0,601,2131
revised4tas1mixF,490,370,2087,1125,1698,2211,17,154125,12330,2096,1126,1731,2087,1123,1683,99,100,0,601,2106
revised4tas1mixF,490,371,2094,1125,1712,2217,17,154118,12329,2094,1125,1739,2086,1123,1698,98,100,0,601,2131
revised4tas1mixF,490,372,2098,1124,1711,2223,17,154111,12328,2098,1125,1732,2094,1123,1706,98,100,0,601,2131
revised4tas1mixF,490,373,2092,1125,1706,2229,17,154103,12328,2098,1125,1731,2092,1122,1687,99,100,0,601,2103
revised4tas1mixF,490,374,2078,1124,1696,2234,17,154092,12327,2092,1125,1707,2078,1123,1688,98,100,0,601,2106
revised4tas1mixF,490,375,2075,1124,1698,2240,17,154080,12326,2078,1125,1709,2075,1122,1689,98,100,0,601,2103
revised4tas1mixF,490,376,2075,1125,1698,2246,17,154069,12325,2079,1125,1750,2074,1121,1686,98,100,0,601,2097
revised4tas1mixF,490,377,2074,1123,1707,2252,18,154058,12324,2075,1125,1708,2074,1122,1688,98,100,0,601,2103
revised4tas1mixF,490,378,2073,1125,1697,2257,18,154047,12323,2074,1125,1708,2073,1122,1688,98,100,0,601,2103
revised4tas1mixF,490,379,2078,1123,1721,2263,18,154036,12322,2078,1125,1740,2072,1122,1682,97,100,0,601,2129
revised4tas1mixF,490,380,2078,1124,1697,2269,18,154030,12322,2083,1125,1746,2078,1122,1684,99,100,0,601,2095
revised4tas1mixF,490,381,2077,1124,1691,2275,18,154015,12321,2078,1125,1754,2074,1122,1680,98,100,0,601,2103
revised4tas1mixF,490,382,2083,1124,1715,2281,18,154006,12320,2083,1125,1739,2073,1122,1683,97,100,0,601,2129
revised4tas1mixF,490,383,2086,1126,1688,2286,18,153998,12319,2092,1126,1744,2083,1122,1684,99,100,0,601,2106
revised4tas1mixF,490,384,2086,1124,1716,2292,18,153988,12319,2086,1126,1730,2078,1122,1686,97,100,0,601,2129
revised4tas1mixF,490,385,2095,1124,1718,2298,18,153982,12318,2095,1125,1736,2086,1122,1711,98,100,0,601,2129
revised4tas1mixF,490,386,2099,1124,1719,2304,18,153976,12318,2099,1125,1736,2095,1122,1711,98,100,0,601,2131
revised4tas1mixF,490,387,2099,1123,1722,2310,18,153974,12317,2100,1125,1734,2099,1123,1710,98,100,0,601,2131
revised4tas1mixF,490,388,2099,1124,1721,2316,18,153964,12317,2100,1125,1735,2099,1122,1711,98,100,0,601,2129
revised4tas1mixF,490,389,2099,1123,1721,2322,18,153962,12317,2100,1125,1737,2099,1122,1712,98,100,0,601,2126
revised4tas1mixF,490,390,2099,1124,1712,2327,18,153952,12316,2100,1125,1736,2099,1122,1712,98,100,0,601,2131
revised4tas1mixF,490,391,2090,1125,1692,2333,18,153944,12315,2100,1125,1737,2089,1123,1688,98,100,0,601,2126
revised4tas1mixF,490,392,2081,1123,1724,2339,18,153934,12314,2090,1125,1733,2077,1122,1686,98,100,0,601,2123
revised4tas1mixF,490,393,2078,1124,1692,2345,18,153924,12313,2087,1125,1740,2078,1122,1685,99,100,0,600,2097
revised4tas1mixF,490,394,2085,1125,1703,2350,18,153916,12313,2088,1125,1750,2077,1123,1688,99,100,0,600,2097
revised4tas1mixF,490,395,2091,1124,1715,2356,18,153909,12312,2091,1125,1738,2080,1123,1686,97,100,0,600,2134
revised4tas1mixF,490,396,2088,1123,1736,2362,18,153901,12312,2092,1125,1769,2088,1122,1688,99,100,0,600,2103
revised4tas1mixF,490,397,2088,1123,1709,2368,18,153893,12311,2089,1124,1762,2087,1122,1690,98,100,0,600,2120
revised4tas1mixF,490,398,2088,1123,1709,2374,18,153885,12310,2088,1124,1762,2085,1122,1690,98,100,0,600,2120
revised4tas1mixF,490,399,2083,1124,1714,2380,19,153881,12310,2089,1125,1756,2082,1122,1687,98,100,0,600,2120
revised4tas1mixF,490,400,2095,1125,1717,2385,19,153871,12309,2095,1125,1750,2083,1123,1705,98,100,0,600,2134
revised4tas1mixF,490,401,2098,1124,1719,2391,19,153869,12309,2098,1126,1742,2095,1123,1708,98,100,0,599,2131
revised4tas1mixF,490,402,2083,1123,1718,2397,19,153857,12308,2098,1125,1742,2082,1122,1686,98,100,0,600,2120
revised4tas1mixF,490,403,2074,1125,1693,2403,19,153846,12307,2084,1126,1729,2074,1123,1683,98,100,0,600,2100
revised4tas1mixF,490,404,2083,1124,1711,2409,19,153837,12307,2083,1125,1737,2071,1123,1684,97,100,0,599,2129
revised4tas1mixF,490,405,2074,1125,1715,2414,19,153827,12306,2086,1125,1737,2074,1123,1683,98,100,0,600,2095
revised4tas1mixF,490,406,2080,1124,1700,2420,19,153820,12305,2087,1125,1741,2074,1123,1686,99,100,0,600,2100
revised4tas1mixF,490,407,2086,1124,1715,2426,19,153812,12304,2086,1125,1745,2075,1122,1684,98,100,0,600,2126
revised4tas1mixF,490,408,2093,1124,1716,2432,19,153806,12304,2093,1125,1736,2086,1122,1704,98,100,0,600,2129
revised4tas1mixF,490,409,2095,1124,1706,2438,19,153800,12304,2095,1125,1735,2093,1122,1706,98,100,0,600,2123
revised4tas1mixF,490,410,2079,1125,1713,2443,19,153790,12303,2095,1125,1721,2077,1123,1686,98,100,0,600,2120
revised4tas1mixF,490,411,2072,1123,1722,2449,19,153780,12302,2085,1125,1734,2072,1122,1679,98,100,0,601,2097
revised4tas1mixF,490,412,2089,1124,1719,2455,19,153778,12302,2089,1124,1740,2072,1122,1705,98,100,0,601,2126
revised4tas1mixF,490,413,2094,1123,1717,2461,19,153769,12301,2094,1124,1736,2089,1122,1709,98,100,0,601,2126
revised4tas1mixF,490,414,2095,1124,1724,2467,19,153763,12301,2096,1124,1737,2094,1122,1708,98,100,0,601,2123
revised4tas1mixF,490,415,2095,1124,1715,2473,19,153761,12300,2096,1125,1735,2095,1122,1706,98,100,0,601,2126
revised4tas1mixF,490,416,2090,1122,1697,2478,19,153754,12300,2096,1124,1737,2090,1121,1693,99,100,0,600,2103
revised4tas1mixF,490,417,2074,1124,1693,2484,19,153744,12299,2090,1125,1715,2074,1121,1685,98,100,0,600,2100
revised4tas1mixF,490,418,2070,1122,1703,2490,19,153730,12298,2074,1125,1712,2070,1122,1685,98,100,0,600,2100
revised4tas1mixF,490,419,2088,1123,1717,2496,19,153724,12297,2088,1124,1736,2070,1122,1699,98,100,0,600,2126
revised4tas1mixF,490,420,2092,1124,1720,2502,20,153718,12297,2092,1125,1724,2088,1122,1709,98,100,0,600,2126
revised4tas1mixF,490,421,2093,1125,1716,2508,20,153712,12297,2093,1125,1724,2092,1122,1706,98,100,0,600,2123
revised4tas1mixF,490,422,2079,1124,1690,2513,20,153703,12296,2094,1125,1719,2079,1122,1688,99,100,0,600,2100
revised4tas1mixF,490,423,2071,1124,1693,2519,20,153697,12295,2079,1125,1703,2071,1122,1688,98,100,0,600,2103
revised4tas1mixF,490,424,2069,1124,1694,2525,20,153683,12294,2071,1124,1706,2069,1122,1687,98,100,0,600,2100
revised4tas1mixF,490,425,2068,1124,1693,2531,20,153677,12294,2070,1124,1704,2068,1122,1686,98,100,0,600,2097
revised4tas1mixF,490,426,2069,1123,1699,2536,20,153663,12293,2069,1125,1703,2068,1123,1687,98,100,0,600,2097
revised4tas1mixF,490,427,2069,1123,1691,2542,20,153653,12292,2069,1125,1710,2068,1122,1688,98,100,0,600,2100
revised4tas1mixF,490,428,2084,1122,1713,2548,20,153650,12292,2084,1124,1722,2068,1122,1689,98,100,0,600,2123
revised4tas1mixF,490,429,2075,1123,1690,2554,20,153641,12291,2087,1124,1722,2075,1121,1688,98,100,0,600,2097
revised4tas1mixF,490,430,2070,1123,1695,2559,20,153628,12290,2075,1124,1704,2070,1122,1688,98,100,0,599,2097
revised4tas1mixF,490,431,2068,1123,1697,2565,20,153621,12289,2070,1124,1704,2068,1122,1687,98,100,0,600,2100
revised4tas1mixF,490,432,2070,1125,1693,2571,20,153608,12288,2071,1125,1750,2068,1123,1685,98,100,0,600,2100
revised4tas1mixF,490,433,2067,1125,1689,2577,20,153602,12288,2070,1126,1700,2067,1123,1685,98,100,0,600,2095
revised4tas1mixF,490,434,2068,1125,1687,2582,20,153589,12287,2068,1126,1703,2067,1123,1686,98,100,0,601,2097
revised4tas1mixF,490,435,2068,1124,1690,2588,20,153579,12286,2068,1125,1704,2068,1122,1687,98,100,0,601,2100
revised4tas1mixF,490,436,2067,1124,1686,2594,20,153569,12285,2068,1125,1705,2067,1123,1685,98,100,0,601,2097
revised4tas1mixF,490,437,2067,1124,1694,2600,20,153563,12285,2068,1125,1701,2067,1123,1686,98,100,0,601,2095
revised4tas1mixF,490,438,2066,1124,1699,2606,20,153553,12284,2067,1126,1702,2066,1123,1685,98,100,0,601,2095
revised4tas1mixF,490,439,2067,1124,1693,2611,20,153540,12283,2067,1125,1702,2066,1123,1685,98,100,0,601,2097
revised4tas1mixF,490,440,2066,1125,1692,2617,20,153531,12282,2067,1126,1700,2066,1124,1685,98,100,0,601,2095
revised4tas1mixF,490,441,2064,1126,1684,2623,20,153520,12281,2067,1126,1701,2064,1124,1675,99,100,0,601,2083
revised4tas1mixF,490,442,2066,1126,1693,2629,21,153511,12280,2066,1126,1701,2064,1123,1684,98,100,0,601,2097
revised4tas1mixF,490,443,2068,1125,1687,2634,21,153502,12280,2068,1126,1717,2065,1123,1684,98,100,0,601,2097
revised4tas1mixF,490,444,2085,1125,1713,2640,21,153496,12279,2085,1126,1722,2068,1124,1686,98,100,0,601,2120
revised4tas1mixF,490,445,2090,1125,1710,2646,21,153491,12279,2090,1126,1721,2085,1123,1706,98,100,0,601,2123
revised4tas1mixF,490,446,2093,1126,1716,2652,21,153486,12278,2093,1126,1724,2090,1123,1708,98,100,0,601,2123
revised4tas1mixF,490,447,2094,1125,1713,2658,21,153481,12278,2094,1126,1721,2093,1123,1709,98,100,0,601,2123
revised4tas1mixF,490,448,2095,1124,1713,2664,21,153479,12278,2095,1126,1725,2094,1123,1708,98,100,0,601,2126
revised4tas1mixF,490,449,2088,1125,1707,2669,21,153470,12277,2095,1126,1751,2088,1123,1694,98,100,0,601,2117
revised4tas1mixF,490,450,2086,1123,1706,2675,21,153463,12277,2088,1126,1757,2085,1121,1693,98,100,0,601,2117
revised4tas1mixF,490,451,2085,1123,1699,2681,21,153456,12276,2086,1125,1757,2084,1122,1695,98,100,0,601,2117
revised4tas1mixF,490,452,2085,1124,1708,2687,21,153450,12276,2086,1125,1761,2084,1122,1694,98,100,0,601,2120
revised4tas1mixF,490,453,2085,1125,1705,2692,21,153444,12275,2086,1125,1755,2084,1121,1692,98,100,0,601,2117
revised4tas1mixF,490,454,2085,1123,1706,2698,21,153438,12275,2085,1125,1758,2084,1122,1693,98,100,0,601,2117
revised4tas1mixF,490,455,2084,1125,1700,2704,21,153434,12274,2085,1126,1755,2084,1123,1693,98,100,0,601,2117
revised4tas1mixF,490,456,2084,1124,1704,2710,21,153425,12274,2084,1126,1754,2083,1124,1693,98,100,0,601,2120
revised4tas1mixF,490,457,2084,1125,1708,2716,21,153418,12273,2085,1126,1757,2083,1123,1693,98,100,0,601,2117
revised4tas1mixF,490,458,2084,1124,1709,2722,21,153412,12273,2085,1125,1759,2083,1123,1694,98,100,0,601,2114
revised4tas1mixF,490,459,2079,1124,1708,2727,21,153407,12272,2155,1125,1798,2074,1122,1689,97,100,0,601,2126
revised4tas1mixF,490,460,2082,1123,1709,2733,21,153404,12272,2083,1125,1754,2079,1122,1690,98,100,0,601,2112
revised4tas1mixF,490,461,2083,1124,1700,2739,21,153397,12271,2083,1124,1756,2081,1122,1691,98,100,0,601,2114
revised4tas1mixF,490,462,2083,1122,1697,2745,21,153391,12271,2083,1125,1758,2082,1122,1690,98,100,0,601,2117
revised4tas1mixF,490,463,2084,1123,1715,2751,22,153382,12270,2084,1125,1757,2082,1122,1690,98,100,0,601,2117
revised4tas1mixF,490,464,2083,1123,1706,2757,22,153376,12270,2085,1124,1757,2083,1122,1692,98,100,0,601,2112
revised4tas1mixF,490,465,2084,1124,1706,2762,22,153369,12269,2085,1125,1754,2083,1122,1692,98,100,0,601,2114
revised4tas1mixF,490,466,2085,1125,1697,2768,22,153363,12269,2085,1125,1759,2084,1123,1687,98,100,0,601,2123
revised4tas1mixF,490,467,2087,1124,1715,2774,22,153358,12268,2087,1126,1768,2084,1123,1689,98,100,0,601,2117
revised4tas1mixF,490,468,2089,1125,1707,2780,22,153353,12268,2089,1126,1762,2087,1123,1691,98,100,0,601,2123
revised4tas1mixF,490,469,2089,1124,1754,2785,22,153351,12268,2089,1125,1759,2089,1122,1694,98,100,0,601,2117
revised4tas1mixF,490,470,2088,1125,1711,2791,22,153342,12267,2090,1125,1762,2088,1122,1694,98,100,0,601,2117
revised4tas1mixF,490,471,2088,1123,1722,2797,22,153340,12267,2089,1126,1758,2088,1123,1692,98,100,0,601,2112
revised4tas1mixF,490,472,2089,1124,1713,2803,22,153332,12266,2089,1125,1759,2088,1122,1693,98,100,0,601,2120
revised4tas1mixF,490,473,2085,1125,1689,2809,22,153327,12266,2143,1126,1788,2079,1123,1688,98,100,0,601,2123
revised4tas1mixF,490,474,2088,1125,1696,2815,22,153322,12265,2088,1126,1764,2085,1123,1689,98,100,0,601,2120
revised4tas1mixF,490,475,2088,1126,1695,2820,22,153320,12265,2089,1126,1757,2087,1123,1688,98,100,0,601,2120
revised4tas1mixF,490,476,2077,1125,1696,2826,22,153310,12264,2089,1126,1758,2077,1124,1688,99,100,0,601,2097
revised4tas1mixF,490,477,2072,1126,1690,2832,22,153302,12264,2077,1126,1710,2072,1123,1688,98,100,0,601,2103
revised4tas1mixF,490,478,2071,1125,1703,2838,22,153294,12263,2072,1126,1713,2071,1123,1689,98,100,0,601,2097
revised4tas1mixF,490,479,2070,1125,1702,2844,22,153286,12262,2071,1125,1709,2070,1124,1686,98,100,0,601,2097
revised4tas1mixF,490,480,2072,1125,1691,2849,22,153279,12262,2072,1125,1718,2070,1123,1687,98,100,0,601,2106
revised4tas1mixF,490,481,2073,1125,1705,2855,22,153271,12261,2073,1126,1707,2072,1124,1688,98,100,0,601,2103
revised4tas1mixF,490,482,2092,1126,1725,2861,22,153268,12261,2092,1127,1769,2073,1124,1689,98,100,0,601,2129
revised4tas1mixF,490,483,2106,1125,1736,2867,22,153266,12261,2107,1127,1799,2092,1124,1700,98,100,0,601,2134
revised4tas1mixF,490,484,2103,1126,1724,2873,22,153263,12261,2106,1126,1769,2102,1124,1699,98,100,0,601,2131
revised4tas1mixF,490,485,2103,1126,1711,2878,23,153261,12260,2105,1126,1769,2103,1124,1700,99,100,0,601,2123
revised4tas1mixF,490,486,2096,1126,1714,2884,23,153257,12260,2103,1126,1774,2096,1124,1708,98,100,0,601,2123
revised4tas1mixF,490,487,2094,1124,1713,2890,23,153252,12260,2096,1126,1768,2094,1123,1708,98,100,0,601,2123
revised4tas1mixF,490,488,2095,1124,1715,2896,23,153248,12259,2095,1125,1774,2094,1122,1710,98,100,0,601,2123
revised4tas1mixF,490,489,2130,1121,1763,2902,23,153254,12260,2130,1126,1783,2094,1121,1706,97,100,0,601,2177
Processed 490 lines from power meter
There were 0 errors in reading from the meter
