RunId,NumDataLines,SeqNum,Watts,Amps,WattHours,Cost,MoKWh,MoCost,MaxWatts,MaxVolts,MaxAmps,MinWatts,MinVolts,MinAmps,Factor,DutyCycle,PowerCycle
revised1tas1milc,255,0,2103,1121,1727,11,0,153164,12253,2103,1122,1776,2093,1120,1708,98,100,0,601,2137
revised1tas1milc,255,1,2104,1121,1727,17,0,152758,12220,2105,1122,1774,2103,1119,1706,98,100,0,601,2140
revised1tas1milc,255,2,2105,1121,1709,23,0,152974,12237,2106,1123,1775,2103,1120,1706,99,100,0,601,2123
revised1tas1milc,255,3,2105,1122,1769,29,0,152496,12199,2106,1122,1775,2104,1120,1707,98,100,0,601,2131
revised1tas1milc,255,4,2109,1121,1770,35,0,152738,12219,2113,1122,1815,2105,1120,1698,98,100,0,601,2131
revised1tas1milc,255,5,2106,1120,1734,40,0,152416,12193,2109,1122,1775,2106,1119,1708,99,100,0,601,2126
revised1tas1milc,255,6,2105,1120,1711,46,0,152548,12203,2106,1122,1774,2104,1119,1706,98,100,0,601,2131
revised1tas1milc,255,7,2102,1121,1740,52,0,152299,12183,2105,1123,1775,2102,1120,1705,98,100,0,601,2129
revised1tas1milc,255,8,2103,1122,1705,58,0,152250,12180,2104,1123,1773,2101,1120,1705,98,100,0,601,2137
revised1tas1milc,255,9,2099,1121,1705,64,0,152179,12174,2103,1122,1771,2099,1119,1698,98,100,0,601,2123
revised1tas1milc,255,10,2094,1120,1716,70,0,152093,12167,2099,1122,1774,2094,1118,1697,98,100,0,601,2126
revised1tas1milc,255,11,2095,1121,1707,76,0,152148,12171,2096,1122,1773,2094,1120,1701,98,100,0,601,2120
revised1tas1milc,255,12,2096,1121,1723,81,0,151996,12159,2097,1122,1778,2095,1119,1701,98,100,0,601,2123
revised1tas1milc,255,13,2097,1121,1737,87,0,151959,12156,2097,1122,1775,2096,1118,1702,98,100,0,601,2126
revised1tas1milc,255,14,2096,1120,1733,93,0,152019,12161,2098,1122,1776,2096,1119,1699,98,100,0,601,2120
revised1tas1milc,255,15,2097,1123,1700,99,0,151892,12151,2097,1123,1774,2095,1119,1700,98,100,0,601,2129
revised1tas1milc,255,16,2095,1122,1705,105,0,151851,12148,2097,1124,1773,2094,1121,1697,98,100,0,601,2126
revised1tas1milc,255,17,2093,1122,1710,111,0,151815,12145,2095,1124,1769,2093,1121,1697,98,100,0,601,2120
revised1tas1milc,255,18,2095,1123,1717,116,0,151795,12143,2097,1124,1774,2093,1121,1698,98,100,0,601,2126
revised1tas1milc,255,19,2094,1122,1717,122,0,151768,12141,2096,1124,1772,2094,1120,1697,98,100,0,601,2117
revised1tas1milc,255,20,2094,1123,1705,128,1,151743,12139,2095,1124,1770,2093,1121,1698,98,100,0,600,2120
revised1tas1milc,255,21,2094,1124,1729,134,1,151722,12137,2094,1124,1769,2093,1121,1697,98,100,0,600,2120
revised1tas1milc,255,22,2096,1123,1707,140,1,151708,12136,2096,1125,1765,2093,1122,1695,98,100,0,600,2129
revised1tas1milc,255,23,2089,1122,1723,146,1,151673,12133,2097,1124,1769,2089,1121,1690,98,100,0,600,2112
revised1tas1milc,255,24,2092,1123,1704,151,1,151653,12132,2092,1124,1767,2089,1121,1697,98,100,0,600,2120
revised1tas1milc,255,25,2095,1122,1719,157,1,151642,12131,2095,1124,1771,2091,1121,1698,98,100,0,600,2131
revised1tas1milc,255,26,2094,1123,1714,163,1,151682,12134,2096,1124,1772,2094,1121,1696,99,100,0,600,2114
revised1tas1milc,255,27,2092,1123,1716,169,1,151613,12129,2095,1124,1768,2092,1121,1700,98,100,0,601,2117
revised1tas1milc,255,28,2093,1123,1705,175,1,151597,12127,2093,1124,1767,2092,1122,1700,98,100,0,600,2129
revised1tas1milc,255,29,2094,1123,1711,180,1,151588,12127,2095,1124,1768,2092,1122,1699,98,100,0,600,2123
revised1tas1milc,255,30,2093,1123,1710,186,1,151573,12125,2094,1124,1769,2093,1121,1700,98,100,0,600,2123
revised1tas1milc,255,31,2093,1122,1708,192,1,151564,12125,2095,1124,1765,2093,1120,1704,98,100,0,600,2117
revised1tas1milc,255,32,2093,1123,1717,198,1,151554,12124,2095,1123,1771,2093,1121,1704,98,100,0,600,2120
revised1tas1milc,255,33,2093,1123,1730,204,1,151546,12123,2094,1124,1768,2092,1121,1701,98,100,0,600,2120
revised1tas1milc,255,34,2094,1121,1714,210,1,151540,12123,2096,1123,1770,2093,1120,1705,98,100,0,600,2120
revised1tas1milc,255,35,2095,1122,1707,216,1,151534,12122,2096,1123,1770,2094,1121,1705,98,100,0,600,2129
revised1tas1milc,255,36,2096,1122,1708,221,1,151531,12122,2097,1123,1773,2095,1119,1704,98,100,0,600,2123
revised1tas1milc,255,37,2096,1122,1720,227,1,151526,12122,2096,1123,1770,2094,1120,1703,98,100,0,599,2129
revised1tas1milc,255,38,2094,1122,1717,233,1,151556,12124,2096,1123,1768,2094,1121,1702,98,100,0,600,2126
revised1tas1milc,255,39,2094,1120,1717,239,1,151549,12123,2095,1123,1768,2094,1119,1702,98,100,0,600,2129
revised1tas1milc,255,40,2093,1122,1705,245,1,151504,12120,2094,1123,1768,2093,1120,1701,98,100,0,600,2117
revised1tas1milc,255,41,2091,1123,1716,251,2,151492,12119,2094,1123,1762,2091,1120,1700,98,100,0,600,2117
revised1tas1milc,255,42,2092,1123,1712,257,2,151482,12118,2092,1124,1761,2090,1121,1700,98,100,0,600,2120
revised1tas1milc,255,43,2094,1123,1716,262,2,151478,12118,2095,1124,1768,2092,1121,1702,98,100,0,600,2120
revised1tas1milc,255,44,2096,1122,1709,268,2,151477,12118,2096,1124,1764,2094,1121,1705,98,100,0,601,2131
revised1tas1milc,255,45,2096,1123,1714,274,2,151475,12118,2096,1124,1770,2095,1121,1704,98,100,0,601,2123
revised1tas1milc,255,46,2095,1123,1711,280,2,151471,12117,2096,1124,1769,2094,1122,1704,98,100,0,601,2129
revised1tas1milc,255,47,2094,1122,1716,286,2,151467,12117,2095,1123,1772,2094,1120,1706,98,100,0,601,2120
revised1tas1milc,255,48,2095,1122,1715,291,2,151464,12117,2095,1124,1770,2094,1121,1705,98,100,0,601,2126
revised1tas1milc,255,49,2094,1124,1708,297,2,151490,12119,2096,1124,1764,2094,1121,1703,98,100,0,601,2120
revised1tas1milc,255,50,2093,1123,1725,303,2,151456,12116,2095,1124,1769,2093,1121,1703,99,100,0,601,2114
revised1tas1milc,255,51,2092,1124,1705,309,2,151448,12115,2094,1124,1765,2092,1122,1703,98,100,0,601,2117
revised1tas1milc,255,52,2094,1123,1713,315,2,151444,12115,2094,1124,1765,2091,1122,1704,98,100,0,601,2131
revised1tas1milc,255,53,2093,1123,1708,321,2,151439,12115,2094,1124,1771,2093,1121,1703,98,100,0,601,2120
revised1tas1milc,255,54,2093,1122,1714,327,2,151436,12114,2094,1123,1772,2093,1120,1704,98,100,0,601,2117
revised1tas1milc,255,55,2094,1121,1712,332,2,151459,12116,2094,1123,1767,2093,1120,1704,98,100,0,601,2126
revised1tas1milc,255,56,2105,1122,1718,338,2,151449,12115,2166,1123,1813,2094,1120,1695,99,100,0,601,2123
revised1tas1milc,255,57,2104,1122,1717,344,2,151456,12116,2105,1123,1777,2102,1120,1705,98,100,0,601,2140
revised1tas1milc,255,58,2102,1121,1734,350,2,151462,12116,2104,1123,1770,2102,1120,1705,98,100,0,601,2134
revised1tas1milc,255,59,2101,1123,1715,356,2,151467,12117,2103,1123,1777,2101,1121,1704,99,100,0,601,2120
revised1tas1milc,255,60,2104,1122,1715,362,2,151475,12118,2104,1123,1776,2101,1121,1704,98,100,0,601,2137
revised1tas1milc,255,61,2099,1121,1710,367,2,151487,12118,2164,1123,1813,2097,1120,1696,98,100,0,601,2129
revised1tas1milc,255,62,2103,1121,1720,373,2,151495,12119,2103,1123,1774,2098,1120,1705,98,100,0,601,2134
revised1tas1milc,255,63,2103,1119,1733,379,3,151501,12120,2104,1122,1775,2102,1119,1704,98,100,0,601,2131
revised1tas1milc,255,64,2102,1121,1728,385,3,151506,12120,2105,1123,1777,2102,1119,1704,98,100,0,601,2137
revised1tas1milc,255,65,2104,1122,1719,391,3,151513,12121,2104,1123,1774,2101,1120,1705,98,100,0,601,2137
revised1tas1milc,255,66,2099,1121,1727,397,3,151513,12121,2104,1123,1774,2099,1120,1698,99,100,0,600,2117
revised1tas1milc,255,67,2097,1122,1767,403,3,151513,12121,2100,1122,1774,2097,1120,1699,98,100,0,600,2123
revised1tas1milc,255,68,2096,1120,1716,409,3,151510,12120,2097,1122,1770,2095,1119,1700,98,100,0,600,2126
revised1tas1milc,255,69,2097,1121,1706,414,3,151508,12120,2097,1122,1776,2095,1120,1699,98,100,0,600,2126
revised1tas1milc,255,70,2099,1122,1724,420,3,151509,12120,2099,1122,1774,2096,1120,1700,98,100,0,600,2131
revised1tas1milc,255,71,2096,1120,1706,426,3,151505,12120,2099,1122,1770,2096,1120,1699,98,100,0,600,2126
revised1tas1milc,255,72,2093,1120,1743,432,3,151501,12120,2096,1121,1774,2093,1118,1700,99,100,0,600,2114
revised1tas1milc,255,73,2095,1121,1708,438,3,151498,12119,2096,1122,1774,2093,1120,1700,99,100,0,601,2114
revised1tas1milc,255,74,2092,1122,1727,443,3,151494,12119,2095,1122,1769,2092,1119,1701,98,100,0,601,2120
revised1tas1milc,255,75,2093,1122,1701,449,3,151489,12119,2096,1122,1768,2092,1120,1696,98,100,0,601,2123
revised1tas1milc,255,76,2091,1121,1715,455,3,151483,12118,2093,1122,1766,2090,1120,1696,98,100,0,601,2123
revised1tas1milc,255,77,2092,1121,1724,461,3,151477,12118,2092,1122,1765,2090,1120,1697,98,100,0,601,2126
revised1tas1milc,255,78,2091,1121,1704,467,3,151471,12117,2092,1122,1770,2090,1120,1696,98,100,0,601,2120
revised1tas1milc,255,79,2094,1121,1698,473,3,151485,12118,2094,1122,1767,2089,1119,1696,98,100,0,601,2123
revised1tas1milc,255,80,2091,1121,1709,478,3,151461,12116,2094,1123,1770,2091,1120,1695,98,100,0,601,2114
revised1tas1milc,255,81,2094,1120,1728,484,3,151459,12116,2094,1121,1771,2091,1119,1698,98,100,0,601,2126
revised1tas1milc,255,82,2093,1120,1721,490,3,151456,12116,2095,1121,1769,2092,1119,1698,98,100,0,601,2131
revised1tas1milc,255,83,2092,1120,1720,496,3,151468,12117,2093,1121,1773,2091,1119,1698,98,100,0,601,2134
revised1tas1milc,255,84,2091,1120,1708,502,4,151445,12115,2092,1121,1769,2090,1119,1702,98,100,0,601,2123
revised1tas1milc,255,85,2090,1120,1735,508,4,151458,12116,2092,1121,1769,2090,1120,1702,98,100,0,600,2117
revised1tas1milc,255,86,2091,1120,1717,514,4,151435,12114,2092,1121,1769,2090,1118,1702,98,100,0,601,2117
revised1tas1milc,255,87,2091,1121,1715,519,4,151431,12114,2092,1121,1768,2090,1118,1701,98,100,0,601,2126
revised1tas1milc,255,88,2090,1120,1719,525,4,151425,12114,2091,1121,1765,2090,1119,1705,98,100,0,601,2117
revised1tas1milc,255,89,2090,1120,1722,531,4,151421,12113,2091,1121,1769,2090,1118,1705,98,100,0,601,2114
revised1tas1milc,255,90,2090,1119,1741,537,4,151417,12113,2092,1121,1766,2090,1118,1705,98,100,0,601,2114
revised1tas1milc,255,91,2091,1121,1715,542,4,151413,12113,2093,1121,1770,2090,1119,1703,99,100,0,601,2112
revised1tas1milc,255,92,2090,1121,1709,548,4,151407,12112,2091,1121,1768,2089,1119,1703,98,100,0,601,2123
revised1tas1milc,255,93,2090,1120,1720,554,4,151402,12112,2090,1121,1764,2089,1119,1703,98,100,0,601,2120
revised1tas1milc,255,94,2090,1120,1724,560,4,151399,12111,2092,1121,1765,2090,1119,1703,98,100,0,600,2114
revised1tas1milc,255,95,2091,1120,1720,566,4,151394,12111,2092,1121,1767,2090,1118,1702,98,100,0,600,2123
revised1tas1milc,255,96,2090,1120,1724,572,4,151390,12111,2091,1120,1769,2090,1118,1703,98,100,0,600,2114
revised1tas1milc,255,97,2089,1121,1711,577,4,151384,12110,2090,1121,1766,2088,1118,1701,98,100,0,600,2126
revised1tas1milc,255,98,2089,1121,1708,583,4,151380,12110,2090,1122,1767,2089,1119,1701,98,100,0,600,2112
revised1tas1milc,255,99,2091,1121,1720,589,4,151377,12110,2091,1123,1764,2089,1119,1701,98,100,0,599,2117
revised1tas1milc,255,100,2092,1122,1710,595,4,151374,12109,2092,1122,1766,2091,1120,1704,98,100,0,600,2126
revised1tas1milc,255,101,2092,1120,1714,601,4,151371,12109,2093,1123,1762,2091,1119,1704,98,100,0,600,2114
revised1tas1milc,255,102,2093,1121,1717,607,4,151383,12110,2093,1122,1762,2091,1119,1705,98,100,0,600,2120
revised1tas1milc,255,103,2092,1120,1709,613,4,151365,12109,2093,1121,1762,2090,1119,1705,98,100,0,600,2126
revised1tas1milc,255,104,2091,1121,1722,618,4,151362,12109,2092,1122,1762,2091,1119,1704,98,100,0,600,2117
revised1tas1milc,255,105,2092,1121,1713,624,4,151359,12108,2093,1122,1765,2091,1120,1704,98,100,0,600,2123
revised1tas1milc,255,106,2093,1121,1704,630,5,151358,12108,2093,1122,1763,2092,1120,1703,98,100,0,600,2123
revised1tas1milc,255,107,2094,1121,1714,636,5,151370,12109,2094,1122,1764,2092,1119,1703,98,100,0,600,2126
revised1tas1milc,255,108,2094,1121,1710,642,5,151355,12108,2094,1122,1766,2093,1120,1704,98,100,0,600,2126
revised1tas1milc,255,109,2093,1122,1715,647,5,151366,12109,2094,1122,1767,2092,1120,1704,98,100,0,599,2126
revised1tas1milc,255,110,2094,1122,1712,653,5,151352,12108,2094,1122,1768,2092,1120,1704,98,100,0,600,2129
revised1tas1milc,255,111,2092,1120,1748,659,5,151350,12108,2094,1122,1766,2092,1120,1704,98,100,0,600,2123
revised1tas1milc,255,112,2093,1121,1720,665,5,151349,12107,2094,1122,1769,2092,1119,1705,98,100,0,600,2120
revised1tas1milc,255,113,2092,1122,1725,671,5,151352,12108,2161,1122,1813,2087,1120,1695,98,100,0,600,2126
revised1tas1milc,255,114,2091,1122,1705,677,5,151349,12107,2092,1122,1770,2090,1120,1697,98,100,0,600,2129
revised1tas1milc,255,115,2090,1122,1766,682,5,151346,12107,2092,1123,1766,2090,1120,1696,98,100,0,600,2114
revised1tas1milc,255,116,2089,1121,1707,688,5,151340,12107,2090,1123,1766,2088,1120,1692,98,100,0,600,2123
revised1tas1milc,255,117,2096,1121,1748,694,5,151342,12107,2096,1123,1769,2088,1120,1693,98,100,0,599,2123
revised1tas1milc,255,118,2097,1121,1722,700,5,151343,12107,2098,1122,1769,2096,1120,1701,98,100,0,600,2131
revised1tas1milc,255,119,2098,1122,1718,706,5,151345,12107,2098,1123,1767,2097,1121,1701,98,100,0,600,2129
revised1tas1milc,255,120,2100,1120,1770,712,5,151348,12107,2100,1122,1772,2098,1120,1703,98,100,0,600,2129
revised1tas1milc,255,121,2097,1121,1696,717,5,151349,12107,2101,1123,1770,2097,1119,1696,99,100,0,600,2117
revised1tas1milc,255,122,2095,1122,1723,723,5,151367,12109,2155,1123,1815,2092,1119,1694,98,100,0,600,2126
revised1tas1milc,255,123,2099,1122,1721,729,5,151358,12108,2099,1123,1771,2095,1121,1702,98,100,0,601,2131
revised1tas1milc,255,124,2097,1123,1724,735,5,151359,12108,2100,1123,1769,2097,1121,1701,98,100,0,601,2126
revised1tas1milc,255,125,2099,1122,1712,741,5,151361,12108,2099,1123,1768,2097,1121,1703,98,100,0,601,2126
revised1tas1milc,255,126,2100,1121,1754,747,5,151364,12109,2100,1123,1771,2098,1120,1703,98,100,0,601,2134
revised1tas1milc,255,127,2095,1121,1726,753,6,151368,12109,2159,1122,1822,2091,1120,1694,98,100,0,601,2131
revised1tas1milc,255,128,2098,1122,1735,758,6,151369,12109,2098,1123,1770,2095,1120,1703,98,100,0,601,2126
revised1tas1milc,255,129,2098,1122,1724,764,6,151370,12109,2098,1122,1773,2097,1120,1703,98,100,0,601,2129
revised1tas1milc,255,130,2099,1122,1735,770,6,151372,12109,2099,1122,1772,2097,1120,1702,98,100,0,601,2134
revised1tas1milc,255,131,2098,1122,1713,776,6,151373,12109,2100,1122,1771,2098,1120,1704,99,100,0,601,2117
revised1tas1milc,255,132,2091,1122,1717,782,6,151369,12109,2098,1122,1772,2091,1120,1710,98,100,0,601,2117
revised1tas1milc,255,133,2092,1122,1710,788,6,151367,12109,2092,1123,1775,2091,1120,1709,98,100,0,601,2126
revised1tas1milc,255,134,2089,1122,1758,793,6,151364,12109,2092,1123,1772,2089,1120,1709,98,100,0,601,2117
revised1tas1milc,255,135,2091,1122,1700,799,6,151361,12108,2092,1123,1769,2089,1120,1695,99,100,0,601,2112
revised1tas1milc,255,136,2090,1122,1724,805,6,151358,12108,2092,1123,1767,2089,1121,1696,98,100,0,601,2123
revised1tas1milc,255,137,2093,1121,1736,811,6,151357,12108,2093,1123,1763,2090,1121,1699,98,100,0,601,2123
revised1tas1milc,255,138,2095,1121,1704,817,6,151356,12108,2095,1123,1776,2093,1119,1698,98,100,0,601,2123
revised1tas1milc,255,139,2096,1122,1766,823,6,151356,12108,2096,1123,1777,2092,1120,1699,98,100,0,601,2126
revised1tas1milc,255,140,2095,1124,1708,828,6,151355,12108,2096,1125,1768,2093,1121,1694,98,100,0,601,2129
revised1tas1milc,255,141,2093,1123,1705,834,6,151364,12109,2095,1124,1766,2093,1121,1696,98,100,0,601,2117
revised1tas1milc,255,142,2093,1124,1713,840,6,151352,12108,2095,1125,1774,2093,1122,1696,98,100,0,601,2117
revised1tas1milc,255,143,2093,1125,1702,846,6,151350,12108,2093,1125,1770,2091,1122,1694,98,100,0,601,2134
revised1tas1milc,255,144,2086,1125,1738,852,6,151345,12107,2093,1129,1758,2086,1124,1682,98,100,0,601,2112
revised1tas1milc,255,145,2083,1126,1704,858,6,151338,12107,2086,1127,1755,2081,1124,1682,98,100,0,601,2120
revised1tas1milc,255,146,2084,1127,1685,863,6,151332,12106,2084,1127,1752,2082,1125,1682,98,100,0,601,2123
revised1tas1milc,255,147,2083,1127,1742,869,6,151327,12106,2084,1127,1757,2082,1124,1682,98,100,0,601,2112
revised1tas1milc,255,148,2085,1125,1691,875,7,151322,12105,2086,1127,1759,2083,1124,1684,98,100,0,601,2112
revised1tas1milc,255,149,2083,1126,1688,881,7,151325,12106,2085,1127,1751,2082,1124,1682,98,100,0,601,2120
revised1tas1milc,255,150,2084,1127,1702,887,7,151310,12104,2084,1127,1760,2083,1125,1684,98,100,0,601,2120
revised1tas1milc,255,151,2084,1127,1702,892,7,151306,12104,2085,1127,1751,2083,1125,1682,98,100,0,601,2109
revised1tas1milc,255,152,2085,1127,1699,898,7,151301,12104,2085,1127,1750,2084,1125,1684,98,100,0,601,2109
revised1tas1milc,255,153,2081,1125,1694,904,7,151294,12103,2085,1127,1751,2081,1125,1686,98,100,0,601,2114
revised1tas1milc,255,154,2082,1124,1697,910,7,151288,12103,2082,1127,1755,2081,1123,1687,98,100,0,601,2109
revised1tas1milc,255,155,2081,1124,1705,916,7,151282,12102,2082,1125,1755,2081,1121,1690,98,100,0,601,2114
revised1tas1milc,255,156,2082,1125,1705,921,7,151277,12102,2083,1126,1755,2081,1124,1688,98,100,0,601,2106
revised1tas1milc,255,157,2082,1125,1704,927,7,151280,12102,2083,1126,1751,2081,1123,1690,98,100,0,601,2114
revised1tas1milc,255,158,2081,1124,1703,933,7,151265,12101,2082,1126,1753,2081,1123,1691,98,100,0,601,2114
revised1tas1milc,255,159,2082,1125,1697,939,7,151259,12100,2083,1126,1755,2081,1124,1691,98,100,0,601,2114
revised1tas1milc,255,160,2081,1125,1702,945,7,151253,12100,2083,1126,1750,2081,1123,1688,98,100,0,601,2103
revised1tas1milc,255,161,2082,1125,1701,950,7,151249,12099,2083,1126,1751,2081,1124,1689,98,100,0,601,2106
revised1tas1milc,255,162,2081,1124,1701,956,7,151252,12100,2083,1126,1751,2081,1124,1688,98,100,0,601,2106
revised1tas1milc,255,163,2082,1125,1701,962,7,151238,12099,2082,1126,1751,2081,1124,1688,98,100,0,601,2112
revised1tas1milc,255,164,2081,1125,1706,968,7,151232,12098,2082,1126,1752,2081,1124,1688,98,100,0,600,2103
revised1tas1milc,255,165,2080,1126,1701,974,7,151227,12098,2082,1126,1756,2080,1124,1688,98,100,0,600,2106
revised1tas1milc,255,166,2080,1126,1696,979,7,151229,12098,2080,1127,1748,2079,1124,1687,98,100,0,600,2106
revised1tas1milc,255,167,2081,1126,1696,985,7,151224,12097,2081,1127,1751,2079,1125,1686,98,100,0,600,2112
revised1tas1milc,255,168,2082,1126,1701,991,7,151210,12096,2083,1127,1749,2081,1124,1688,98,100,0,600,2114
revised1tas1milc,255,169,2084,1126,1701,997,7,151206,12096,2084,1128,1751,2082,1125,1690,98,100,0,600,2114
revised1tas1milc,255,170,2082,1126,1706,1003,8,151201,12096,2084,1127,1747,2082,1125,1690,98,100,0,601,2109
revised1tas1milc,255,171,2082,1126,1694,1008,8,151196,12095,2083,1127,1752,2081,1125,1690,98,100,0,601,2117
revised1tas1milc,255,172,2083,1127,1699,1014,8,151192,12095,2083,1127,1747,2081,1125,1690,98,100,0,601,2117
revised1tas1milc,255,173,2082,1127,1700,1020,8,151196,12095,2083,1127,1752,2082,1124,1690,98,100,0,601,2117
revised1tas1milc,255,174,2083,1126,1695,1026,8,151183,12094,2084,1127,1749,2082,1125,1690,98,100,0,601,2114
revised1tas1milc,255,175,2083,1127,1693,1032,8,151179,12094,2083,1127,1748,2082,1125,1689,98,100,0,601,2117
revised1tas1milc,255,176,2082,1126,1698,1037,8,151174,12093,2083,1127,1754,2081,1125,1689,98,100,0,601,2114
revised1tas1milc,255,177,2082,1127,1690,1043,8,151169,12093,2082,1127,1749,2081,1125,1689,98,100,0,601,2114
revised1tas1milc,255,178,2082,1126,1700,1049,8,151165,12093,2082,1127,1752,2081,1125,1690,98,100,0,601,2114
revised1tas1milc,255,179,2082,1126,1691,1055,8,151169,12093,2083,1127,1753,2081,1124,1691,98,100,0,601,2117
revised1tas1milc,255,180,2081,1126,1697,1061,8,151156,12092,2083,1127,1748,2081,1124,1690,98,100,0,601,2112
revised1tas1milc,255,181,2082,1126,1697,1066,8,151152,12092,2082,1127,1758,2081,1124,1690,98,100,0,601,2114
revised1tas1milc,255,182,2089,1126,1702,1072,8,151155,12092,2157,1127,1803,2082,1124,1681,98,100,0,601,2120
revised1tas1milc,255,183,2090,1126,1693,1078,8,151154,12092,2091,1127,1756,2089,1124,1689,98,100,0,601,2123
revised1tas1milc,255,184,2088,1126,1720,1084,8,151153,12092,2091,1127,1757,2088,1124,1688,98,100,0,601,2114
revised1tas1milc,255,185,2090,1126,1691,1090,8,151151,12092,2090,1127,1756,2088,1124,1689,98,100,0,601,2120
revised1tas1milc,255,186,2096,1126,1713,1096,8,151153,12092,2096,1127,1764,2089,1124,1690,98,100,0,601,2131
revised1tas1milc,255,187,2104,1125,1710,1101,8,151158,12092,2106,1127,1806,2096,1124,1690,98,100,0,601,2129
revised1tas1milc,255,188,2103,1125,1722,1107,8,151162,12092,2104,1126,1767,2102,1123,1698,98,100,0,601,2137
revised1tas1milc,255,189,2099,1126,1716,1113,8,151164,12093,2103,1127,1766,2099,1124,1698,99,100,0,601,2117
revised1tas1milc,255,190,2101,1126,1721,1119,8,151167,12093,2101,1127,1767,2099,1124,1698,98,100,0,601,2134
revised1tas1milc,255,191,2102,1126,1752,1125,9,151179,12094,2102,1127,1768,2100,1124,1699,98,100,0,601,2129
revised1tas1milc,255,192,2096,1127,1707,1131,9,151179,12094,2102,1127,1771,2096,1124,1703,98,100,0,600,2120
revised1tas1milc,255,193,2093,1126,1711,1137,9,151179,12094,2096,1127,1767,2093,1125,1705,98,100,0,600,2123
revised1tas1milc,255,194,2096,1125,1716,1142,9,151173,12093,2097,1126,1774,2093,1124,1709,98,100,0,601,2126
revised1tas1milc,255,195,2097,1125,1714,1148,9,151174,12093,2098,1126,1767,2096,1124,1693,98,100,0,601,2120
revised1tas1milc,255,196,2093,1125,1707,1154,9,151174,12093,2097,1126,1769,2093,1124,1693,99,100,0,601,2114
revised1tas1milc,255,197,2096,1125,1707,1160,9,151176,12094,2096,1126,1773,2093,1124,1691,98,100,0,601,2129
revised1tas1milc,255,198,2095,1123,1737,1166,9,151184,12094,2096,1126,1780,2094,1123,1693,98,100,0,601,2131
revised1tas1milc,255,199,2097,1126,1717,1172,9,151185,12094,2097,1126,1770,2094,1123,1693,98,100,0,601,2134
revised1tas1milc,255,200,2093,1126,1759,1178,9,151178,12094,2098,1126,1761,2093,1123,1692,98,100,0,600,2120
revised1tas1milc,255,201,2093,1126,1720,1183,9,151185,12094,2095,1126,1762,2093,1123,1694,98,100,0,600,2117
revised1tas1milc,255,202,2094,1126,1738,1189,9,151185,12094,2094,1126,1769,2092,1124,1692,98,100,0,600,2129
revised1tas1milc,255,203,2094,1125,1716,1195,9,151178,12094,2095,1126,1771,2094,1122,1693,99,100,0,600,2114
revised1tas1milc,255,204,2096,1125,1701,1201,9,151179,12094,2097,1126,1771,2094,1122,1693,98,100,0,600,2131
revised1tas1milc,255,205,2094,1124,1708,1207,9,151179,12094,2096,1126,1761,2093,1123,1693,98,100,0,600,2123
revised1tas1milc,255,206,2096,1125,1709,1212,9,151180,12094,2096,1126,1768,2093,1124,1693,98,100,0,600,2134
revised1tas1milc,255,207,2093,1125,1703,1218,9,151187,12094,2096,1126,1766,2093,1123,1693,98,100,0,600,2126
revised1tas1milc,255,208,2096,1125,1696,1224,9,151187,12095,2097,1126,1761,2093,1124,1695,98,100,0,600,2123
revised1tas1milc,255,209,2094,1125,1712,1230,9,151180,12094,2096,1126,1766,2092,1123,1693,98,100,0,600,2129
revised1tas1milc,255,210,2093,1124,1759,1236,9,151180,12094,2095,1125,1767,2093,1123,1694,98,100,0,600,2120
revised1tas1milc,255,211,2096,1125,1699,1242,9,151181,12094,2096,1126,1763,2093,1122,1694,98,100,0,600,2123
revised1tas1milc,255,212,2095,1126,1711,1248,9,151181,12094,2096,1126,1768,2094,1123,1692,98,100,0,600,2134
revised1tas1milc,255,213,2092,1124,1711,1253,10,151180,12094,2095,1126,1764,2092,1123,1695,98,100,0,600,2117
revised1tas1milc,255,214,2092,1124,1707,1259,10,151180,12094,2093,1126,1764,2091,1123,1697,98,100,0,601,2126
revised1tas1milc,255,215,2092,1125,1757,1265,10,151180,12094,2093,1125,1767,2091,1122,1696,98,100,0,601,2120
revised1tas1milc,255,216,2091,1124,1713,1271,10,151179,12094,2093,1125,1760,2091,1121,1698,98,100,0,600,2117
revised1tas1milc,255,217,2093,1123,1708,1276,10,151179,12094,2094,1125,1770,2091,1122,1701,98,100,0,600,2120
revised1tas1milc,255,218,2092,1125,1707,1282,10,151179,12094,2093,1126,1767,2092,1123,1700,98,100,0,601,2120
revised1tas1milc,255,219,2092,1124,1717,1288,10,151178,12094,2093,1126,1762,2091,1123,1700,98,100,0,600,2129
revised1tas1milc,255,220,2092,1124,1705,1294,10,151178,12094,2094,1125,1762,2091,1124,1698,98,100,0,600,2117
revised1tas1milc,255,221,2092,1124,1708,1300,10,151178,12094,2093,1126,1766,2091,1123,1698,98,100,0,600,2123
revised1tas1milc,255,222,2092,1125,1713,1306,10,151177,12094,2093,1126,1768,2091,1123,1698,98,100,0,600,2129
revised1tas1milc,255,223,2092,1123,1711,1312,10,151177,12094,2093,1125,1766,2091,1123,1699,98,100,0,600,2126
revised1tas1milc,255,224,2093,1123,1736,1317,10,151177,12094,2094,1125,1768,2092,1123,1699,98,100,0,600,2120
revised1tas1milc,255,225,2093,1123,1704,1323,10,151177,12094,2094,1125,1764,2092,1122,1699,98,100,0,600,2120
revised1tas1milc,255,226,2092,1124,1719,1329,10,151177,12094,2093,1125,1766,2091,1122,1698,98,100,0,600,2120
revised1tas1milc,255,227,2091,1124,1708,1335,10,151176,12094,2092,1125,1767,2091,1123,1698,98,100,0,600,2117
revised1tas1milc,255,228,2094,1125,1713,1341,10,151183,12094,2094,1126,1761,2091,1124,1697,98,100,0,600,2126
revised1tas1milc,255,229,2093,1125,1704,1347,10,151177,12094,2095,1126,1763,2093,1124,1700,98,100,0,600,2120
revised1tas1milc,255,230,2093,1124,1740,1352,10,151177,12094,2094,1126,1767,2092,1123,1700,98,100,0,601,2117
revised1tas1milc,255,231,2093,1125,1738,1358,10,151177,12094,2094,1126,1767,2092,1123,1702,98,100,0,601,2126
revised1tas1milc,255,232,2094,1125,1709,1364,10,151177,12094,2094,1126,1765,2093,1123,1700,98,100,0,601,2129
revised1tas1milc,255,233,2093,1124,1709,1370,10,151183,12094,2094,1126,1766,2093,1123,1699,98,100,0,601,2129
revised1tas1milc,255,234,2093,1126,1705,1376,11,151177,12094,2094,1126,1768,2092,1122,1700,98,100,0,601,2126
revised1tas1milc,255,235,2094,1125,1712,1381,11,151177,12094,2095,1126,1765,2093,1124,1699,98,100,0,601,2129
revised1tas1milc,255,236,2095,1125,1709,1387,11,151178,12094,2095,1126,1767,2094,1124,1701,98,100,0,601,2129
revised1tas1milc,255,237,2093,1124,1713,1393,11,151178,12094,2095,1126,1767,2093,1123,1700,98,100,0,601,2117
revised1tas1milc,255,238,2094,1124,1704,1399,11,151178,12094,2095,1125,1761,2093,1123,1701,98,100,0,601,2129
revised1tas1milc,255,239,2094,1125,1707,1405,11,151178,12094,2095,1126,1761,2093,1123,1701,98,100,0,601,2129
revised1tas1milc,255,240,2093,1125,1709,1411,11,151178,12094,2094,1126,1766,2093,1124,1701,98,100,0,601,2126
revised1tas1milc,255,241,2092,1126,1708,1417,11,151178,12094,2094,1126,1760,2092,1124,1698,98,100,0,601,2123
revised1tas1milc,255,242,2093,1126,1708,1422,11,151186,12094,2150,1126,1806,2091,1124,1690,98,100,0,601,2123
revised1tas1milc,255,243,2089,1126,1692,1428,11,151178,12094,2093,1127,1757,2089,1124,1690,98,100,0,601,2117
revised1tas1milc,255,244,2088,1125,1696,1434,11,151176,12094,2089,1126,1761,2086,1123,1691,98,100,0,601,2114
revised1tas1milc,255,245,2088,1125,1699,1440,11,151174,12093,2089,1126,1766,2087,1123,1689,98,100,0,600,2120
revised1tas1milc,255,246,2095,1126,1707,1446,11,151176,12094,2095,1126,1763,2088,1124,1688,98,100,0,601,2131
revised1tas1milc,255,247,2097,1125,1720,1452,11,151177,12094,2098,1126,1764,2095,1124,1698,98,100,0,601,2123
revised1tas1milc,255,248,2100,1126,1699,1457,11,151179,12094,2100,1126,1767,2097,1123,1698,98,100,0,601,2134
revised1tas1milc,255,249,2101,1125,1727,1463,11,151182,12094,2101,1126,1767,2098,1124,1698,98,100,0,601,2137
revised1tas1milc,255,250,2098,1125,1709,1469,11,151183,12094,2102,1126,1767,2098,1123,1697,98,100,0,601,2120
revised1tas1milc,255,251,2093,1125,1706,1475,11,151182,12094,2098,1126,1767,2093,1124,1705,98,100,0,601,2120
revised1tas1milc,255,252,2091,1124,1713,1481,11,151181,12094,2093,1126,1764,2091,1123,1706,98,100,0,601,2120
revised1tas1milc,255,253,2090,1125,1713,1487,11,151180,12094,2091,1126,1766,2090,1124,1705,98,100,0,601,2117
revised1tas1milc,255,254,2148,1125,1755,1493,11,151201,12096,2148,1126,1784,2089,1124,1702,98,100,0,601,2188
Processed 255 lines from power meter
There were 0 errors in reading from the meter
