RunId,NumDataLines,SeqNum,Watts,Amps,WattHours,Cost,MoKWh,MoCost,MaxWatts,MaxVolts,MaxAmps,MinWatts,MinVolts,MinAmps,Factor,DutyCycle,PowerCycle
revised4ulemixG,512,0,2076,1136,1671,11,0,150483,12038,2083,1137,1771,2075,1135,1655,99,100,0,601,2089
revised4ulemixG,512,1,2067,1136,1663,16,0,150005,12000,2076,1137,1689,2067,1135,1662,98,100,0,601,2095
revised4ulemixG,512,2,2066,1136,1680,22,0,149803,11984,2067,1137,1690,2066,1135,1663,98,100,0,601,2092
revised4ulemixG,512,3,2064,1136,1671,28,0,149967,11997,2066,1137,1687,2064,1135,1662,98,100,0,601,2089
revised4ulemixG,512,4,2065,1136,1675,34,0,149581,11966,2065,1137,1688,2064,1135,1661,98,100,0,601,2097
revised4ulemixG,512,5,2064,1135,1675,39,0,149506,11960,2065,1137,1691,2064,1135,1663,98,100,0,601,2089
revised4ulemixG,512,6,2074,1137,1709,45,0,149561,11964,2074,1138,1711,2063,1135,1661,98,100,0,601,2109
revised4ulemixG,512,7,2082,1137,1699,51,0,149668,11973,2082,1137,1709,2074,1136,1661,98,100,0,601,2112
revised4ulemixG,512,8,2084,1137,1674,57,0,149766,11981,2086,1138,1749,2082,1135,1674,98,100,0,601,2112
revised4ulemixG,512,9,2076,1135,1710,63,0,149782,11982,2084,1138,1724,2076,1134,1562,99,100,0,601,2083
revised4ulemixG,512,10,2075,1136,1673,68,0,149806,11984,2087,1137,1753,2075,1133,1650,99,100,0,601,2089
revised4ulemixG,512,11,1964,1137,1605,74,0,149554,11964,2076,1138,1771,1964,1134,1552,98,100,0,601,1984
revised4ulemixG,512,12,2091,1136,1700,80,0,149207,11936,2091,1138,1744,1960,1134,1436,98,100,0,601,2129
revised4ulemixG,512,13,2063,1136,1724,85,0,149047,11923,2098,1138,1783,1769,1134,1423,98,100,0,601,2086
revised4ulemixG,512,14,1972,1136,1567,91,0,148705,11896,2138,1139,1763,1914,1134,1398,100,100,0,601,1972
revised4ulemixG,512,15,1945,1137,1575,96,0,148091,11847,1972,1139,1627,1746,1135,1397,98,100,0,601,1975
revised4ulemixG,512,16,1943,1137,1571,101,0,147614,11809,1996,1139,1715,1826,1136,1398,98,100,0,601,1967
revised4ulemixG,512,17,1941,1136,1571,107,0,147219,11777,1943,1138,1614,1941,1134,1567,98,100,0,601,1972
revised4ulemixG,512,18,1942,1136,1574,112,0,146886,11750,1998,1137,1715,1940,1134,1567,98,100,0,601,1972
revised4ulemixG,512,19,1943,1136,1587,118,0,146575,11726,1943,1137,1629,1941,1135,1567,98,100,0,601,1967
revised4ulemixG,512,20,1943,1136,1594,123,0,146293,11703,1944,1137,1643,1941,1134,1568,97,100,0,601,1989
revised4ulemixG,512,21,1944,1136,1593,129,1,146044,11683,1948,1137,1628,1943,1134,1566,98,100,0,601,1964
revised4ulemixG,512,22,1947,1134,1605,134,1,145861,11668,2093,1137,1756,1941,1133,1567,97,100,0,601,1992
revised4ulemixG,512,23,1977,1135,1599,140,1,145701,11656,2006,1138,1697,1801,1133,1399,97,100,0,601,2023
revised4ulemixG,512,24,1982,1133,1666,145,1,145618,11649,1989,1137,1693,1977,1133,1447,99,100,0,601,1984
revised4ulemixG,512,25,1785,1134,1447,150,1,145351,11628,1993,1136,1701,1778,1133,1404,97,100,0,601,1839
revised4ulemixG,512,26,2002,1133,1617,156,1,145292,11623,2012,1135,1703,1785,1132,1407,98,100,0,601,2032
revised4ulemixG,512,27,1938,1133,1559,161,1,145218,11617,2072,1134,1704,1936,1131,1559,98,100,0,601,1967
revised4ulemixG,512,28,1946,1133,1574,167,1,145070,11605,1946,1135,1653,1938,1132,1559,97,100,0,601,1989
revised4ulemixG,512,29,1956,1134,1563,172,1,145016,11601,2029,1134,1666,1946,1132,1562,99,100,0,601,1969
revised4ulemixG,512,30,1951,1132,1580,178,1,144928,11594,1957,1137,1720,1946,1132,1559,97,100,0,600,1992
revised4ulemixG,512,31,2136,1134,1716,184,1,145043,11603,2136,1137,1770,1951,1132,1565,99,100,0,600,2157
revised4ulemixG,512,32,2129,1133,1731,190,1,145297,11623,2136,1136,1770,2129,1131,1639,99,100,0,600,2149
revised4ulemixG,512,33,2123,1134,1715,196,1,145525,11642,2129,1135,1769,2122,1131,1644,98,100,0,600,2157
revised4ulemixG,512,34,2123,1132,1734,201,1,145739,11659,2123,1136,1772,2119,1131,1625,98,100,0,600,2166
revised4ulemixG,512,35,2126,1135,1728,207,1,145949,11675,2126,1136,1775,2121,1131,1633,98,100,0,599,2160
revised4ulemixG,512,36,1977,1137,1586,213,1,146008,11680,2129,1137,1775,1975,1134,1567,98,100,0,600,1998
revised4ulemixG,512,37,2072,1137,1602,219,1,146079,11686,2145,1137,1762,1971,1134,1567,98,100,0,601,2114
revised4ulemixG,512,38,2102,1135,1753,225,1,146207,11696,2102,1137,1772,2069,1134,1576,98,100,0,601,2140
revised4ulemixG,512,39,2118,1134,1732,230,1,146317,11705,2118,1137,1759,1969,1133,1561,98,100,0,601,2143
revised4ulemixG,512,40,2108,1134,1723,236,1,146418,11713,2118,1136,1768,2033,1132,1584,99,100,0,601,2126
revised4ulemixG,512,41,2110,1134,1725,242,1,146562,11724,2113,1135,1773,2108,1132,1603,99,100,0,601,2117
revised4ulemixG,512,42,2117,1135,1716,248,1,146706,11736,2118,1136,1769,2109,1132,1590,98,100,0,601,2143
revised4ulemixG,512,43,2122,1135,1700,254,2,146854,11748,2122,1137,1767,2116,1132,1699,98,100,0,601,2154
revised4ulemixG,512,44,2124,1135,1726,260,2,146996,11759,2124,1136,1772,2121,1132,1673,98,100,0,601,2160
revised4ulemixG,512,45,2126,1134,1712,266,2,147136,11770,2126,1136,1769,2124,1133,1700,98,100,0,601,2160
revised4ulemixG,512,46,2123,1134,1726,272,2,147296,11783,2126,1136,1760,2122,1133,1702,98,100,0,601,2154
revised4ulemixG,512,47,2125,1135,1713,278,2,147390,11791,2125,1136,1772,2120,1133,1699,98,100,0,601,2166
revised4ulemixG,512,48,2150,1135,1718,284,2,147488,11799,2150,1135,1776,2065,1133,1661,98,100,0,601,2177
revised4ulemixG,512,49,2136,1134,1714,290,2,147611,11808,2150,1136,1765,2134,1133,1706,98,100,0,601,2177
revised4ulemixG,512,50,2132,1134,1713,295,2,147732,11818,2136,1136,1781,2132,1133,1704,99,100,0,601,2149
revised4ulemixG,512,51,2132,1135,1718,301,2,147849,11827,2132,1135,1784,2129,1133,1709,98,100,0,601,2168
revised4ulemixG,512,52,2130,1135,1736,307,2,147960,11836,2132,1136,1777,2130,1133,1704,99,100,0,601,2151
revised4ulemixG,512,53,2134,1134,1744,313,2,148073,11845,2134,1136,1770,2130,1133,1707,98,100,0,601,2160
revised4ulemixG,512,54,2132,1132,1770,319,2,148181,11854,2136,1135,1783,2132,1132,1708,98,100,0,601,2157
revised4ulemixG,512,55,2132,1135,1736,325,2,148307,11864,2134,1135,1774,2130,1132,1706,98,100,0,601,2166
revised4ulemixG,512,56,2145,1135,1749,331,2,148335,11866,2145,1136,1779,1964,1132,1568,98,100,0,601,2171
revised4ulemixG,512,57,2135,1133,1731,337,2,148432,11874,2145,1136,1774,2134,1132,1675,98,100,0,601,2163
revised4ulemixG,512,58,2135,1132,1738,343,2,148529,11882,2137,1135,1781,2135,1131,1714,98,100,0,601,2160
revised4ulemixG,512,59,2137,1134,1720,349,2,148624,11889,2137,1135,1784,2134,1131,1714,98,100,0,601,2171
revised4ulemixG,512,60,2137,1134,1735,355,2,148741,11899,2138,1135,1777,2136,1132,1716,98,100,0,601,2171
revised4ulemixG,512,61,2139,1134,1736,361,2,148809,11904,2139,1136,1776,2137,1133,1715,98,100,0,601,2171
revised4ulemixG,512,62,2141,1135,1732,367,2,148902,11912,2141,1135,1792,2139,1133,1696,98,100,0,600,2166
revised4ulemixG,512,63,2145,1135,1744,373,2,148996,11919,2146,1136,1797,2141,1132,1719,98,100,0,600,2174
revised4ulemixG,512,64,2145,1134,1746,379,3,149086,11926,2146,1135,1788,2144,1133,1707,98,100,0,599,2177
revised4ulemixG,512,65,2145,1133,1738,385,3,149173,11933,2146,1135,1789,2144,1131,1641,98,100,0,599,2174
revised4ulemixG,512,66,2144,1132,1766,391,3,149256,11940,2145,1134,1784,2142,1131,1703,98,100,0,600,2168
revised4ulemixG,512,67,2143,1134,1742,397,3,149335,11946,2144,1135,1777,2142,1131,1710,98,100,0,600,2171
revised4ulemixG,512,68,2143,1132,1733,403,3,149412,11953,2144,1135,1791,2143,1131,1713,98,100,0,600,2171
revised4ulemixG,512,69,2144,1132,1743,409,3,149490,11959,2145,1133,1790,2142,1131,1697,98,100,0,600,2166
revised4ulemixG,512,70,2140,1133,1731,415,3,149559,11964,2144,1135,1784,2139,1131,1696,98,100,0,600,2168
revised4ulemixG,512,71,2139,1134,1729,420,3,149629,11970,2144,1135,1783,2139,1131,1708,99,100,0,600,2154
revised4ulemixG,512,72,2141,1134,1735,426,3,149698,11975,2142,1135,1797,2139,1132,1698,98,100,0,601,2168
revised4ulemixG,512,73,2134,1135,1740,432,3,149757,11980,2142,1136,1792,2134,1132,1620,98,100,0,601,2157
revised4ulemixG,512,74,2136,1133,1776,438,3,149837,11987,2138,1135,1776,2134,1132,1701,99,100,0,601,2151
revised4ulemixG,512,75,2136,1134,1751,444,3,149875,11990,2137,1134,1782,2135,1132,1691,98,100,0,601,2166
revised4ulemixG,512,76,2139,1134,1733,450,3,149934,11994,2140,1134,1791,2136,1132,1702,98,100,0,601,2171
revised4ulemixG,512,77,2134,1132,1779,456,3,150007,12000,2139,1134,1796,2134,1131,1694,98,100,0,601,2160
revised4ulemixG,512,78,2139,1134,1753,462,3,150044,12003,2139,1135,1784,2134,1132,1711,98,100,0,601,2168
revised4ulemixG,512,79,2140,1134,1712,468,3,150099,12007,2140,1135,1783,2137,1133,1694,98,100,0,601,2171
revised4ulemixG,512,80,2118,1134,1732,474,3,150131,12010,2140,1136,1767,2118,1133,1601,100,100,0,601,2118
revised4ulemixG,512,81,2125,1135,1721,480,3,150174,12013,2127,1136,1769,2118,1133,1596,98,100,0,601,2163
revised4ulemixG,512,82,2135,1135,1727,486,3,150214,12017,2138,1137,1769,2072,1133,1602,98,100,0,601,2163
revised4ulemixG,512,83,2131,1135,1718,492,3,150256,12020,2135,1136,1782,2128,1133,1589,98,100,0,601,2168
revised4ulemixG,512,84,2132,1136,1710,498,3,150300,12024,2133,1137,1792,2130,1132,1629,98,100,0,601,2157
revised4ulemixG,512,85,2131,1133,1725,504,4,150339,12027,2132,1137,1784,2127,1133,1613,98,100,0,601,2154
revised4ulemixG,512,86,2126,1133,1738,510,4,150376,12030,2134,1135,1772,2126,1130,1605,98,100,0,601,2157
revised4ulemixG,512,87,2128,1134,1727,516,4,150414,12033,2130,1136,1775,2122,1132,1590,98,100,0,601,2171
revised4ulemixG,512,88,2136,1136,1735,522,4,150459,12036,2136,1136,1779,2128,1132,1685,98,100,0,601,2174
revised4ulemixG,512,89,2134,1135,1735,528,4,150499,12039,2138,1136,1781,2130,1134,1701,97,100,0,601,2183
revised4ulemixG,512,90,2137,1135,1730,533,4,150542,12043,2138,1136,1769,2134,1134,1709,98,100,0,601,2160
revised4ulemixG,512,91,2134,1135,1728,539,4,150580,12046,2138,1136,1767,2133,1134,1709,98,100,0,601,2166
revised4ulemixG,512,92,2136,1134,1727,545,4,150621,12049,2139,1135,1772,2133,1131,1711,98,100,0,601,2163
revised4ulemixG,512,93,2135,1136,1728,551,4,150658,12052,2136,1136,1777,2133,1133,1710,98,100,0,601,2171
revised4ulemixG,512,94,2129,1137,1722,557,4,150660,12052,2136,1138,1778,1962,1135,1569,98,100,0,601,2163
revised4ulemixG,512,95,2136,1137,1760,563,4,150699,12055,2136,1138,1787,2129,1135,1613,98,100,0,601,2177
revised4ulemixG,512,96,2137,1136,1756,569,4,150738,12059,2140,1138,1769,2136,1136,1689,98,100,0,601,2166
revised4ulemixG,512,97,2138,1137,1735,575,4,150774,12061,2138,1138,1793,2135,1135,1623,98,100,0,601,2168
revised4ulemixG,512,98,2141,1136,1746,581,4,150813,12065,2141,1138,1771,2136,1134,1688,98,100,0,601,2174
revised4ulemixG,512,99,1952,1137,1569,587,4,150813,12065,2144,1139,1783,1952,1135,1556,98,100,0,601,1981
revised4ulemixG,512,100,2137,1137,1728,593,4,150817,12065,2143,1138,1780,1949,1135,1563,98,100,0,601,2174
revised4ulemixG,512,101,2127,1135,1722,598,4,150841,12067,2137,1138,1769,2127,1132,1632,98,100,0,601,2154
revised4ulemixG,512,102,2120,1136,1733,604,4,150863,12069,2129,1138,1772,2118,1135,1590,98,100,0,601,2163
revised4ulemixG,512,103,2118,1136,1753,610,4,150898,12071,2123,1138,1770,2118,1135,1583,98,100,0,601,2157
revised4ulemixG,512,104,2127,1135,1734,616,4,150912,12073,2128,1138,1770,2118,1135,1619,98,100,0,601,2149
revised4ulemixG,512,105,2127,1135,1720,622,4,150938,12075,2131,1138,1771,2127,1135,1634,98,100,0,601,2149
revised4ulemixG,512,106,2122,1137,1729,628,5,150959,12076,2130,1138,1767,2119,1135,1590,98,100,0,601,2160
revised4ulemixG,512,107,2115,1137,1700,634,5,150973,12077,2122,1139,1766,2113,1135,1574,98,100,0,601,2146
revised4ulemixG,512,108,2120,1136,1723,640,5,150993,12079,2120,1139,1770,2114,1136,1592,98,100,0,601,2157
revised4ulemixG,512,109,2124,1138,1708,646,5,151016,12081,2124,1138,1776,2120,1135,1688,98,100,0,601,2157
revised4ulemixG,512,110,2127,1136,1737,652,5,151040,12083,2128,1138,1773,2121,1135,1671,98,100,0,601,2151
revised4ulemixG,512,111,2126,1137,1761,658,5,151062,12084,2128,1138,1771,2126,1135,1682,98,100,0,601,2149
revised4ulemixG,512,112,2127,1138,1717,663,5,151085,12086,2129,1138,1765,2125,1136,1701,98,100,0,601,2149
revised4ulemixG,512,113,2128,1137,1727,669,5,151109,12088,2131,1138,1776,2127,1136,1703,99,100,0,601,2143
revised4ulemixG,512,114,2135,1137,1716,675,5,151136,12090,2135,1138,1768,2128,1135,1686,98,100,0,601,2163
revised4ulemixG,512,115,2129,1137,1732,681,5,151158,12092,2135,1138,1778,2129,1135,1701,98,100,0,601,2151
revised4ulemixG,512,116,2128,1137,1711,687,5,151192,12095,2130,1138,1770,2127,1136,1700,98,100,0,601,2151
revised4ulemixG,512,117,2130,1137,1726,693,5,151202,12096,2130,1138,1760,2126,1134,1704,98,100,0,601,2171
revised4ulemixG,512,118,2129,1138,1735,699,5,151224,12097,2132,1138,1754,2129,1136,1701,99,100,0,601,2146
revised4ulemixG,512,119,2133,1137,1717,705,5,151248,12099,2135,1138,1757,2129,1135,1704,98,100,0,601,2157
revised4ulemixG,512,120,2136,1137,1718,711,5,151273,12101,2137,1139,1779,2132,1135,1709,99,100,0,601,2157
revised4ulemixG,512,121,2137,1138,1742,717,5,151298,12103,2137,1138,1778,2135,1136,1709,98,100,0,601,2163
revised4ulemixG,512,122,2137,1137,1719,723,5,151322,12105,2138,1138,1777,2135,1135,1691,98,100,0,601,2171
revised4ulemixG,512,123,2139,1136,1725,729,5,151347,12107,2139,1138,1779,2135,1135,1680,98,100,0,601,2174
revised4ulemixG,512,124,2140,1136,1734,735,5,151372,12109,2140,1138,1771,2138,1134,1707,98,100,0,601,2183
revised4ulemixG,512,125,2139,1135,1755,741,5,151397,12111,2141,1137,1785,2139,1134,1684,98,100,0,600,2166
revised4ulemixG,512,126,2139,1135,1719,747,5,151422,12113,2144,1136,1787,2139,1132,1700,98,100,0,600,2163
revised4ulemixG,512,127,2138,1135,1734,753,6,151444,12115,2139,1137,1765,2135,1134,1692,98,100,0,600,2174
revised4ulemixG,512,128,2142,1134,1745,759,6,151470,12117,2142,1136,1782,2138,1133,1713,98,100,0,601,2177
revised4ulemixG,512,129,2139,1134,1708,765,6,151492,12119,2142,1136,1776,2139,1132,1693,99,100,0,601,2157
revised4ulemixG,512,130,2144,1133,1747,771,6,151529,12122,2144,1136,1801,2138,1132,1692,98,100,0,601,2177
revised4ulemixG,512,131,2143,1133,1742,777,6,151542,12123,2145,1136,1793,2143,1133,1716,98,100,0,601,2168
revised4ulemixG,512,132,2139,1133,1717,782,6,151562,12125,2143,1136,1781,2139,1132,1708,98,100,0,601,2168
revised4ulemixG,512,133,2142,1137,1724,788,6,151586,12126,2142,1137,1798,2138,1131,1706,98,100,0,600,2174
revised4ulemixG,512,134,2143,1137,1742,794,6,151610,12128,2144,1137,1794,2141,1135,1686,98,100,0,600,2174
revised4ulemixG,512,135,2144,1134,1742,801,6,151645,12131,2148,1137,1787,2143,1133,1713,98,100,0,600,2177
revised4ulemixG,512,136,2130,1136,1713,806,6,151650,12132,2144,1138,1771,2130,1132,1607,99,100,0,600,2149
revised4ulemixG,512,137,2137,1138,1683,812,6,151666,12133,2138,1138,1770,2079,1136,1674,98,100,0,600,2168
revised4ulemixG,512,138,2133,1137,1710,818,6,151683,12134,2139,1138,1772,2133,1135,1654,99,100,0,600,2143
revised4ulemixG,512,139,2135,1136,1732,824,6,151712,12137,2135,1138,1789,2131,1135,1650,98,100,0,600,2163
revised4ulemixG,512,140,2132,1135,1715,830,6,151717,12137,2136,1138,1770,2131,1134,1592,98,100,0,600,2154
revised4ulemixG,512,141,2130,1138,1720,836,6,151731,12138,2132,1139,1778,2127,1135,1608,98,100,0,600,2166
revised4ulemixG,512,142,2072,1138,1665,842,6,151732,12138,2133,1138,1778,2072,1136,1659,99,100,0,600,2092
revised4ulemixG,512,143,2065,1138,1672,848,6,151714,12137,2072,1139,1714,2065,1137,1648,98,100,0,601,2089
revised4ulemixG,512,144,2065,1137,1671,853,6,151696,12135,2066,1138,1707,2063,1136,1653,98,100,0,601,2092
revised4ulemixG,512,145,2070,1137,1669,859,6,151680,12134,2070,1138,1736,2063,1136,1628,97,100,0,600,2117
revised4ulemixG,512,146,2064,1138,1661,865,6,151662,12132,2070,1138,1711,2064,1137,1626,98,100,0,600,2092
revised4ulemixG,512,147,2062,1137,1661,871,6,151643,12131,2064,1138,1708,2061,1136,1623,98,100,0,600,2095
revised4ulemixG,512,148,2068,1137,1687,876,7,151629,12130,2068,1138,1725,2062,1136,1623,98,100,0,601,2106
revised4ulemixG,512,149,2066,1137,1684,882,7,151612,12129,2069,1138,1717,2066,1135,1623,98,100,0,600,2092
revised4ulemixG,512,150,2066,1137,1690,888,7,151591,12127,2068,1139,1728,2003,1135,1450,99,100,0,600,2086
revised4ulemixG,512,151,2059,1136,1672,894,7,151571,12125,2066,1138,1716,2059,1136,1648,98,100,0,600,2080
revised4ulemixG,512,152,2058,1137,1665,899,7,151552,12124,2060,1138,1722,2058,1136,1653,98,100,0,600,2083
revised4ulemixG,512,153,2060,1137,1677,905,7,151534,12122,2060,1138,1722,2056,1136,1642,98,100,0,600,2092
revised4ulemixG,512,154,2064,1138,1663,911,7,151519,12121,2064,1138,1708,2060,1135,1657,98,100,0,600,2095
revised4ulemixG,512,155,2065,1138,1674,917,7,151513,12121,2066,1138,1719,2062,1136,1651,98,100,0,599,2086
revised4ulemixG,512,156,2069,1137,1666,923,7,151500,12120,2069,1138,1707,2065,1136,1657,98,100,0,600,2097
revised4ulemixG,512,157,2069,1138,1673,928,7,151478,12118,2070,1138,1725,2067,1136,1628,98,100,0,600,2097
revised4ulemixG,512,158,2054,1137,1662,934,7,151466,12117,2069,1139,1713,1989,1137,1574,98,100,0,600,2095
revised4ulemixG,512,159,2062,1138,1664,940,7,151442,12115,2062,1138,1707,2054,1136,1652,98,100,0,600,2095
revised4ulemixG,512,160,2067,1137,1688,946,7,151429,12114,2067,1138,1723,2061,1136,1649,98,100,0,601,2100
revised4ulemixG,512,161,2073,1137,1677,951,7,151420,12113,2074,1138,1734,2067,1135,1643,98,100,0,601,2109
revised4ulemixG,512,162,2064,1136,1674,957,7,151405,12112,2075,1138,1731,2064,1135,1617,98,100,0,601,2089
revised4ulemixG,512,163,2062,1137,1675,963,7,151390,12111,2064,1138,1702,2062,1134,1655,98,100,0,601,2095
revised4ulemixG,512,164,2063,1133,1690,969,7,151385,12110,2063,1138,1712,2062,1133,1655,98,100,0,601,2089
revised4ulemixG,512,165,2064,1134,1669,974,7,151361,12108,2064,1138,1715,2061,1133,1658,98,100,0,601,2097
revised4ulemixG,512,166,2071,1137,1686,980,7,151360,12108,2071,1137,1726,2063,1134,1650,98,100,0,601,2109
revised4ulemixG,512,167,2076,1135,1679,986,7,151343,12107,2076,1138,1727,2071,1134,1675,98,100,0,601,2109
revised4ulemixG,512,168,2077,1135,1679,992,7,151336,12106,2078,1137,1738,2076,1134,1676,98,100,0,601,2106
revised4ulemixG,512,169,2061,1135,1661,997,7,151319,12105,2077,1137,1725,2061,1133,1639,98,100,0,601,2083
revised4ulemixG,512,170,2060,1135,1661,1003,8,151305,12104,2062,1135,1738,2060,1133,1629,98,100,0,601,2092
revised4ulemixG,512,171,2057,1137,1671,1009,8,151289,12103,2060,1138,1714,2057,1133,1653,98,100,0,601,2083
revised4ulemixG,512,172,2057,1137,1673,1014,8,151273,12101,2058,1138,1718,2057,1135,1652,98,100,0,601,2080
revised4ulemixG,512,173,2054,1137,1675,1020,8,151256,12100,2057,1138,1708,2054,1135,1648,98,100,0,601,2080
revised4ulemixG,512,174,2055,1134,1668,1026,8,151241,12099,2056,1138,1714,2054,1134,1651,98,100,0,601,2077
revised4ulemixG,512,175,2056,1135,1658,1032,8,151225,12098,2056,1138,1716,2055,1134,1653,98,100,0,601,2086
revised4ulemixG,512,176,2057,1134,1665,1037,8,151211,12096,2058,1137,1721,2055,1133,1652,98,100,0,601,2095
revised4ulemixG,512,177,2056,1134,1662,1043,8,151195,12095,2057,1135,1723,2054,1133,1654,98,100,0,601,2086
revised4ulemixG,512,178,2055,1135,1672,1049,8,151180,12094,2056,1137,1712,2054,1133,1651,98,100,0,601,2089
revised4ulemixG,512,179,2051,1136,1663,1055,8,151172,12093,2059,1137,1733,2050,1133,1590,98,100,0,601,2086
revised4ulemixG,512,180,2057,1135,1666,1060,8,151159,12092,2058,1136,1722,2051,1133,1655,98,100,0,601,2083
revised4ulemixG,512,181,2054,1135,1655,1066,8,151143,12091,2057,1138,1709,2054,1133,1652,98,100,0,601,2086
revised4ulemixG,512,182,2056,1136,1675,1072,8,151128,12090,2056,1138,1711,2054,1134,1652,98,100,0,601,2086
revised4ulemixG,512,183,2054,1136,1671,1078,8,151105,12088,2056,1137,1705,2054,1135,1651,98,100,0,601,2083
revised4ulemixG,512,184,2060,1138,1686,1083,8,151093,12087,2060,1138,1738,2054,1135,1651,98,100,0,601,2100
revised4ulemixG,512,185,2066,1135,1657,1089,8,151084,12086,2066,1138,1712,2060,1134,1654,98,100,0,601,2097
revised4ulemixG,512,186,2069,1137,1671,1095,8,151075,12086,2069,1138,1713,2065,1135,1657,98,100,0,601,2095
revised4ulemixG,512,187,2066,1137,1665,1101,8,151064,12085,2069,1138,1702,2065,1135,1637,98,100,0,601,2095
revised4ulemixG,512,188,2066,1136,1665,1106,8,151054,12084,2066,1137,1709,2064,1135,1655,98,100,0,601,2100
revised4ulemixG,512,189,2069,1137,1669,1112,8,151052,12084,2070,1138,1733,2010,1135,1583,98,100,0,601,2106
revised4ulemixG,512,190,2070,1137,1683,1118,8,151037,12082,2071,1138,1737,2069,1135,1633,98,100,0,601,2097
revised4ulemixG,512,191,2068,1137,1669,1124,8,151035,12082,2072,1138,1709,2068,1135,1658,98,100,0,601,2089
revised4ulemixG,512,192,2067,1137,1671,1129,9,151018,12081,2068,1138,1719,2066,1136,1657,98,100,0,601,2100
revised4ulemixG,512,193,2067,1137,1674,1135,9,151010,12080,2068,1138,1716,2066,1134,1658,98,100,0,600,2106
revised4ulemixG,512,194,2072,1135,1679,1141,9,151003,12080,2072,1138,1736,2067,1134,1657,98,100,0,600,2095
revised4ulemixG,512,195,2072,1135,1665,1147,9,150997,12079,2074,1137,1722,2072,1134,1662,98,100,0,600,2097
revised4ulemixG,512,196,2067,1135,1684,1152,9,150988,12079,2072,1137,1708,2067,1135,1652,98,100,0,599,2097
revised4ulemixG,512,197,2065,1135,1667,1158,9,150979,12078,2070,1136,1717,2063,1134,1637,98,100,0,600,2106
revised4ulemixG,512,198,2063,1136,1663,1164,9,150969,12077,2066,1137,1710,2063,1134,1657,98,100,0,599,2092
revised4ulemixG,512,199,2060,1136,1661,1170,9,150958,12076,2063,1137,1705,2060,1135,1643,98,100,0,599,2092
revised4ulemixG,512,200,2060,1137,1667,1175,9,150947,12075,2060,1138,1710,2059,1135,1654,97,100,0,600,2106
revised4ulemixG,512,201,2060,1135,1680,1181,9,150944,12075,2061,1138,1699,2059,1135,1656,98,100,0,600,2100
revised4ulemixG,512,202,2056,1136,1669,1187,9,150931,12074,2061,1138,1707,2053,1135,1628,98,100,0,600,2086
revised4ulemixG,512,203,2060,1136,1689,1193,9,150914,12073,2061,1137,1709,2056,1135,1657,98,100,0,600,2086
revised4ulemixG,512,204,2063,1138,1660,1198,9,150905,12072,2064,1138,1708,2060,1134,1657,98,100,0,600,2086
revised4ulemixG,512,205,2062,1137,1678,1204,9,150895,12071,2063,1138,1708,2060,1135,1656,98,100,0,600,2103
revised4ulemixG,512,206,2062,1136,1672,1210,9,150886,12070,2063,1138,1706,2062,1135,1655,98,100,0,600,2089
revised4ulemixG,512,207,2060,1138,1666,1216,9,150876,12070,2063,1138,1707,2060,1135,1638,98,100,0,600,2089
revised4ulemixG,512,208,2065,1138,1661,1221,9,150867,12069,2065,1138,1713,2059,1136,1655,98,100,0,600,2103
revised4ulemixG,512,209,2061,1137,1659,1227,9,150864,12069,2065,1138,1704,2061,1135,1654,98,100,0,600,2089
revised4ulemixG,512,210,2052,1138,1655,1233,9,150844,12067,2063,1138,1717,2052,1135,1611,98,100,0,601,2077
revised4ulemixG,512,211,2063,1137,1665,1239,9,150837,12067,2063,1138,1719,2050,1135,1641,98,100,0,601,2092
revised4ulemixG,512,212,2062,1137,1678,1244,9,150829,12066,2063,1138,1706,2062,1136,1655,98,100,0,600,2095
revised4ulemixG,512,213,2061,1136,1667,1250,10,150819,12065,2062,1138,1709,2061,1135,1655,98,100,0,600,2092
revised4ulemixG,512,214,2021,1137,1674,1256,10,150804,12064,2062,1139,1703,1925,1135,1430,97,100,0,600,2083
revised4ulemixG,512,215,2072,1136,1685,1262,10,150797,12063,2081,1138,1724,2021,1135,1642,98,100,0,600,2109
revised4ulemixG,512,216,2065,1137,1677,1267,10,150789,12063,2072,1137,1706,2064,1134,1656,98,100,0,600,2103
revised4ulemixG,512,217,2065,1137,1679,1273,10,150781,12062,2068,1137,1715,2064,1135,1656,98,100,0,600,2095
revised4ulemixG,512,218,1865,1136,1678,1279,10,150765,12061,2067,1139,1716,1865,1135,1396,99,100,0,600,1867
revised4ulemixG,512,219,2078,1137,1674,1285,10,150762,12060,2078,1138,1724,1865,1134,1673,98,100,0,599,2106
revised4ulemixG,512,220,2088,1138,1677,1290,10,150763,12061,2091,1139,1754,2077,1137,1672,98,100,0,600,2112
revised4ulemixG,512,221,2072,1138,1655,1296,10,150757,12060,2088,1139,1722,2072,1136,1643,99,100,0,600,2083
revised4ulemixG,512,222,2057,1136,1659,1302,10,150746,12059,2072,1139,1705,2057,1136,1645,98,100,0,600,2086
revised4ulemixG,512,223,2056,1135,1659,1308,10,150735,12058,2057,1137,1715,2054,1133,1650,98,100,0,600,2089
revised4ulemixG,512,224,2056,1136,1660,1313,10,150725,12058,2056,1137,1708,2054,1133,1650,98,100,0,600,2095
revised4ulemixG,512,225,2055,1135,1670,1319,10,150715,12057,2056,1138,1718,2054,1134,1647,98,100,0,600,2092
revised4ulemixG,512,226,2050,1136,1669,1325,10,150710,12056,2056,1137,1709,2050,1134,1595,100,100,0,600,2050
revised4ulemixG,512,227,2053,1136,1656,1330,10,150700,12056,2053,1137,1716,2049,1135,1647,98,100,0,600,2092
revised4ulemixG,512,228,2055,1136,1670,1336,10,150684,12054,2055,1138,1715,2053,1135,1649,98,100,0,600,2092
revised4ulemixG,512,229,2055,1136,1662,1342,10,150674,12053,2057,1137,1713,2054,1135,1648,98,100,0,600,2086
revised4ulemixG,512,230,2055,1137,1659,1347,10,150664,12053,2056,1137,1709,2054,1135,1648,98,100,0,600,2086
revised4ulemixG,512,231,2055,1136,1662,1353,10,150655,12052,2057,1137,1714,2055,1134,1649,98,100,0,600,2083
revised4ulemixG,512,232,2064,1136,1677,1359,10,150648,12051,2064,1137,1739,2054,1134,1644,97,100,0,600,2109
revised4ulemixG,512,233,2059,1137,1660,1365,10,150646,12051,2065,1138,1710,2059,1135,1649,98,100,0,600,2089
revised4ulemixG,512,234,2057,1138,1657,1370,10,150637,12051,2059,1138,1714,2056,1135,1648,98,100,0,600,2083
revised4ulemixG,512,235,2055,1136,1658,1376,11,150621,12049,2057,1138,1715,2055,1134,1652,98,100,0,600,2083
revised4ulemixG,512,236,2054,1137,1662,1382,11,150612,12048,2057,1138,1738,2053,1135,1632,98,100,0,600,2086
revised4ulemixG,512,237,2061,1138,1667,1388,11,150605,12048,2061,1139,1708,2053,1136,1649,98,100,0,600,2097
revised4ulemixG,512,238,2065,1136,1671,1393,11,150599,12047,2066,1139,1716,2061,1135,1660,98,100,0,599,2095
revised4ulemixG,512,239,2065,1136,1678,1399,11,150590,12047,2067,1138,1707,1971,1134,1586,98,100,0,600,2092
revised4ulemixG,512,240,2069,1136,1666,1405,11,150586,12046,2071,1138,1719,2065,1134,1663,98,100,0,600,2092
revised4ulemixG,512,241,2065,1137,1689,1411,11,150586,12046,2069,1138,1703,2065,1134,1659,98,100,0,600,2089
revised4ulemixG,512,242,2066,1137,1674,1416,11,150574,12045,2066,1138,1706,2065,1136,1659,98,100,0,600,2097
revised4ulemixG,512,243,2070,1137,1680,1422,11,150570,12045,2070,1138,1722,2066,1136,1661,98,100,0,600,2100
revised4ulemixG,512,244,2069,1136,1667,1428,11,150565,12045,2070,1138,1711,2067,1135,1659,98,100,0,600,2106
revised4ulemixG,512,245,2067,1138,1677,1434,11,150560,12044,2069,1138,1711,2067,1134,1641,98,100,0,600,2095
revised4ulemixG,512,246,2070,1135,1669,1440,11,150556,12044,2070,1138,1724,2066,1133,1643,98,100,0,600,2100
revised4ulemixG,512,247,2069,1134,1684,1445,11,150552,12044,2073,1136,1731,2068,1133,1651,99,100,0,600,2086
revised4ulemixG,512,248,2065,1134,1677,1451,11,150546,12043,2069,1137,1714,2065,1133,1658,98,100,0,600,2092
revised4ulemixG,512,249,2065,1135,1663,1457,11,150540,12043,2065,1137,1708,2064,1133,1658,98,100,0,599,2097
revised4ulemixG,512,250,2063,1136,1671,1463,11,150533,12042,2065,1137,1709,2063,1133,1653,98,100,0,600,2089
revised4ulemixG,512,251,2060,1137,1663,1468,11,150526,12042,2063,1138,1708,2059,1135,1653,98,100,0,600,2097
revised4ulemixG,512,252,2058,1136,1674,1474,11,150519,12041,2060,1138,1702,2058,1135,1649,98,100,0,600,2086
revised4ulemixG,512,253,2063,1136,1678,1480,11,150519,12041,2063,1138,1716,2058,1135,1650,98,100,0,599,2103
revised4ulemixG,512,254,2058,1136,1669,1486,11,150505,12040,2063,1137,1714,2057,1134,1639,98,100,0,600,2086
revised4ulemixG,512,255,2059,1135,1669,1491,11,150498,12039,2061,1137,1704,2058,1134,1656,98,100,0,600,2089
revised4ulemixG,512,256,2058,1135,1665,1497,11,150491,12039,2059,1137,1699,2058,1134,1655,98,100,0,599,2089
revised4ulemixG,512,257,2060,1136,1676,1503,12,150485,12038,2061,1137,1709,2058,1134,1657,98,100,0,600,2089
revised4ulemixG,512,258,2059,1136,1675,1508,12,150484,12038,2060,1137,1701,2059,1135,1652,98,100,0,600,2089
revised4ulemixG,512,259,2060,1138,1685,1514,12,150472,12037,2060,1139,1736,2058,1135,1654,98,100,0,599,2100
revised4ulemixG,512,260,2061,1138,1663,1520,12,150462,12037,2063,1139,1710,1994,1137,1588,98,100,0,600,2086
revised4ulemixG,512,261,2061,1137,1655,1526,12,150462,12036,2061,1139,1703,2059,1137,1627,98,100,0,600,2092
revised4ulemixG,512,262,2061,1139,1670,1531,12,150450,12036,2061,1140,1702,2058,1136,1632,98,100,0,600,2095
revised4ulemixG,512,263,2059,1138,1658,1537,12,150443,12035,2062,1140,1718,2057,1137,1611,98,100,0,600,2089
revised4ulemixG,512,264,2059,1139,1655,1543,12,150436,12034,2060,1140,1712,2056,1137,1648,98,100,0,600,2086
revised4ulemixG,512,265,2058,1140,1660,1549,12,150429,12034,2059,1141,1716,2056,1138,1647,98,100,0,600,2092
revised4ulemixG,512,266,2059,1139,1674,1554,12,150422,12033,2059,1140,1703,2055,1137,1633,98,100,0,600,2095
revised4ulemixG,512,267,2067,1139,1666,1560,12,150419,12033,2068,1140,1718,2059,1137,1656,98,100,0,600,2097
revised4ulemixG,512,268,2061,1137,1691,1566,12,150413,12033,2067,1139,1704,2061,1137,1632,98,100,0,600,2089
revised4ulemixG,512,269,2064,1138,1667,1572,12,150408,12032,2064,1139,1722,2061,1137,1653,98,100,0,600,2095
revised4ulemixG,512,270,2072,1138,1674,1577,12,150398,12031,2072,1141,1718,1861,1137,1406,98,100,0,600,2109
revised4ulemixG,512,271,2079,1139,1673,1583,12,150397,12031,2079,1139,1728,2072,1137,1671,98,100,0,600,2109
revised4ulemixG,512,272,2082,1139,1675,1589,12,150398,12031,2088,1140,1754,2079,1138,1670,98,100,0,601,2106
revised4ulemixG,512,273,1727,1140,1390,1594,12,150353,12028,2082,1142,1718,1727,1138,1383,99,100,0,600,1739
revised4ulemixG,512,274,1720,1141,1390,1599,12,150258,12020,1727,1142,1397,1720,1140,1388,98,100,0,600,1742
revised4ulemixG,512,275,1719,1141,1400,1604,12,150164,12013,1720,1142,1427,1717,1139,1385,98,100,0,600,1750
revised4ulemixG,512,276,1719,1141,1395,1609,12,150071,12005,1723,1142,1539,1719,1140,1387,98,100,0,600,1739
revised4ulemixG,512,277,1830,1142,1387,1613,12,149986,11998,1830,1142,1568,1719,1140,1386,96,100,0,600,1893
revised4ulemixG,512,278,1716,1142,1388,1618,12,149893,11991,1830,1142,1426,1716,1140,1385,99,100,0,600,1733
revised4ulemixG,512,279,1715,1141,1389,1623,12,149806,11984,1716,1142,1393,1714,1138,1383,98,100,0,601,1736
revised4ulemixG,512,280,1713,1141,1388,1628,13,149709,11976,1715,1142,1398,1713,1140,1383,98,100,0,601,1733
revised4ulemixG,512,281,1713,1142,1387,1632,13,149622,11969,1714,1143,1397,1713,1139,1384,98,100,0,601,1736
revised4ulemixG,512,282,1711,1142,1386,1637,13,149531,11962,1713,1142,1394,1711,1140,1382,98,100,0,601,1736
revised4ulemixG,512,283,1710,1141,1385,1642,13,149435,11954,1711,1142,1392,1710,1140,1382,98,100,0,601,1733
revised4ulemixG,512,284,1710,1142,1384,1647,13,149350,11948,1711,1143,1396,1710,1140,1381,98,100,0,601,1731
revised4ulemixG,512,285,1710,1141,1385,1652,13,149260,11940,1710,1142,1391,1710,1140,1381,98,100,0,601,1731
revised4ulemixG,512,286,1710,1141,1387,1656,13,149170,11933,1710,1142,1391,1709,1140,1381,98,100,0,601,1731
revised4ulemixG,512,287,1709,1141,1383,1661,13,149076,11926,1710,1142,1393,1709,1138,1380,98,100,0,601,1731
revised4ulemixG,512,288,1709,1141,1385,1666,13,148988,11919,1709,1142,1396,1708,1140,1380,98,100,0,601,1733
revised4ulemixG,512,289,1711,1141,1392,1671,13,148901,11912,1711,1142,1500,1709,1140,1380,97,100,0,601,1748
revised4ulemixG,512,290,1710,1140,1383,1675,13,148815,11905,1711,1142,1392,1710,1139,1381,98,100,0,601,1733
revised4ulemixG,512,291,1710,1141,1386,1680,13,148728,11898,1710,1142,1399,1709,1140,1380,98,100,0,601,1736
revised4ulemixG,512,292,1710,1140,1386,1685,13,148643,11891,1711,1141,1395,1710,1139,1381,98,100,0,601,1733
revised4ulemixG,512,293,1709,1141,1382,1690,13,148558,11884,1710,1142,1392,1709,1138,1381,98,100,0,600,1731
revised4ulemixG,512,294,1708,1142,1393,1695,13,148473,11877,1709,1142,1393,1708,1139,1380,98,100,0,600,1733
revised4ulemixG,512,295,1709,1141,1384,1699,13,148389,11871,1709,1142,1393,1708,1139,1379,98,100,0,600,1731
revised4ulemixG,512,296,1709,1139,1386,1704,13,148305,11864,1709,1142,1396,1709,1137,1381,98,100,0,600,1731
revised4ulemixG,512,297,1707,1141,1382,1709,13,148222,11857,1709,1141,1391,1707,1137,1378,98,100,0,600,1728
revised4ulemixG,512,298,1708,1139,1384,1714,13,148139,11851,1708,1142,1395,1707,1138,1380,98,100,0,600,1733
revised4ulemixG,512,299,1709,1139,1392,1718,13,148062,11845,1709,1140,1395,1708,1137,1382,98,100,0,600,1731
revised4ulemixG,512,300,1711,1138,1387,1723,13,147977,11838,1711,1142,1407,1709,1137,1381,98,100,0,600,1733
revised4ulemixG,512,301,1709,1137,1391,1728,13,147896,11831,1711,1141,1395,1709,1137,1380,98,100,0,600,1731
revised4ulemixG,512,302,1709,1139,1387,1733,13,147820,11825,1709,1140,1396,1708,1137,1382,98,100,0,600,1733
revised4ulemixG,512,303,1708,1138,1385,1737,13,147735,11818,1709,1139,1395,1708,1137,1382,98,100,0,600,1731
revised4ulemixG,512,304,1711,1138,1390,1742,13,147657,11812,1711,1139,1398,1708,1137,1384,98,100,0,600,1733
revised4ulemixG,512,305,1711,1137,1389,1747,13,147579,11806,1712,1139,1408,1711,1136,1384,98,100,0,600,1733
revised4ulemixG,512,306,1710,1137,1395,1752,14,147501,11800,1711,1139,1396,1710,1136,1382,98,100,0,601,1733
revised4ulemixG,512,307,1712,1137,1398,1757,14,147424,11793,1712,1138,1438,1710,1136,1382,97,100,0,600,1748
revised4ulemixG,512,308,1712,1136,1387,1761,14,147347,11787,1713,1141,1424,1712,1136,1381,98,100,0,600,1731
revised4ulemixG,512,309,1711,1138,1388,1766,14,147271,11781,1712,1141,1401,1711,1136,1381,98,100,0,599,1733
revised4ulemixG,512,310,1713,1138,1390,1771,14,147196,11775,1715,1140,1437,1711,1136,1382,99,100,0,599,1728
revised4ulemixG,512,311,1717,1137,1393,1776,14,147127,11770,1717,1138,1428,1713,1137,1383,98,100,0,600,1748
revised4ulemixG,512,312,1718,1141,1407,1780,14,147049,11763,1718,1142,1432,1715,1136,1383,98,100,0,599,1745
revised4ulemixG,512,313,1719,1138,1396,1785,14,146977,11758,1719,1142,1437,1717,1138,1381,99,100,0,600,1736
revised4ulemixG,512,314,1728,1140,1402,1790,14,146907,11752,1728,1141,1448,1719,1137,1383,98,100,0,600,1762
revised4ulemixG,512,315,1857,1140,1604,1795,14,146853,11748,1857,1141,1614,1728,1136,1384,97,100,0,600,1904
revised4ulemixG,512,316,2026,1138,1665,1801,14,146848,11747,2026,1141,1688,1857,1137,1504,98,100,0,600,2063
revised4ulemixG,512,317,2033,1138,1651,1806,14,146853,11748,2034,1140,1673,2026,1136,1578,98,100,0,600,2058
revised4ulemixG,512,318,2016,1138,1658,1812,14,146844,11747,2033,1140,1669,2016,1136,1523,98,100,0,601,2043
revised4ulemixG,512,319,2030,1138,1671,1818,14,146844,11747,2030,1140,1680,2016,1137,1546,97,100,0,601,2080
revised4ulemixG,512,320,1955,1140,1446,1823,14,146839,11747,2042,1141,1689,1870,1137,1398,97,100,0,601,2015
revised4ulemixG,512,321,2050,1138,1668,1828,14,146808,11744,2050,1141,1682,1751,1137,1389,98,100,0,601,2089
revised4ulemixG,512,322,2054,1139,1665,1834,14,146813,11745,2058,1140,1710,2047,1137,1460,98,100,0,601,2083
revised4ulemixG,512,323,2053,1138,1671,1840,14,146817,11745,2054,1140,1689,2053,1137,1654,98,100,0,601,2080
revised4ulemixG,512,324,2045,1138,1683,1846,14,146819,11745,2053,1140,1693,2042,1136,1636,97,100,0,601,2092
revised4ulemixG,512,325,2051,1139,1638,1851,14,146824,11745,2055,1140,1708,2045,1137,1638,99,100,0,601,2063
revised4ulemixG,512,326,2055,1139,1663,1857,14,146829,11746,2055,1140,1691,2047,1137,1638,98,100,0,601,2092
revised4ulemixG,512,327,2055,1139,1662,1863,14,146834,11746,2059,1141,1690,2053,1136,1576,98,100,0,601,2086
revised4ulemixG,512,328,2042,1139,1639,1869,14,146836,11746,2056,1140,1695,2042,1136,1634,98,100,0,601,2063
revised4ulemixG,512,329,2051,1139,1659,1874,14,146840,11747,2051,1140,1700,2037,1138,1635,98,100,0,601,2086
revised4ulemixG,512,330,2043,1140,1629,1880,15,146842,11747,2054,1140,1699,2043,1137,1628,99,100,0,601,2049
revised4ulemixG,512,331,2059,1139,1681,1886,15,146848,11747,2059,1140,1704,2039,1137,1628,97,100,0,601,2112
revised4ulemixG,512,332,2064,1138,1668,1891,15,146855,11748,2064,1140,1705,2059,1138,1659,98,100,0,601,2095
revised4ulemixG,512,333,2045,1139,1650,1897,15,146862,11748,2064,1140,1689,2045,1137,1641,99,100,0,601,2063
revised4ulemixG,512,334,2056,1140,1654,1903,15,146863,11749,2058,1141,1703,2044,1137,1641,98,100,0,601,2083
revised4ulemixG,512,335,2040,1141,1643,1909,15,146863,11749,2056,1141,1669,2040,1138,1638,99,100,0,601,2060
revised4ulemixG,512,336,2053,1139,1664,1914,15,146867,11749,2053,1141,1704,2037,1138,1640,97,100,0,601,2095
revised4ulemixG,512,337,2045,1138,1663,1920,15,146870,11749,2056,1141,1685,2045,1138,1640,98,100,0,600,2069
revised4ulemixG,512,338,2046,1138,1675,1926,15,146873,11749,2052,1141,1697,2044,1138,1640,98,100,0,600,2083
revised4ulemixG,512,339,2044,1141,1642,1931,15,146876,11750,2056,1141,1703,2044,1138,1639,99,100,0,601,2063
revised4ulemixG,512,340,2053,1140,1651,1937,15,146886,11750,2053,1141,1700,2044,1138,1642,98,100,0,601,2083
revised4ulemixG,512,341,2070,1139,1662,1943,15,146890,11751,2072,1141,1720,2053,1138,1651,98,100,0,601,2092
revised4ulemixG,512,342,2046,1139,1645,1949,15,146896,11751,2070,1141,1689,2046,1137,1640,99,100,0,601,2066
revised4ulemixG,512,343,2049,1138,1701,1954,15,146894,11751,2049,1140,1707,2039,1137,1640,97,100,0,600,2106
revised4ulemixG,512,344,2041,1139,1650,1960,15,146895,11751,2054,1140,1701,2041,1136,1641,99,100,0,600,2060
revised4ulemixG,512,345,2037,1138,1646,1966,15,146896,11751,2041,1139,1674,2037,1137,1642,98,100,0,600,2060
revised4ulemixG,512,346,2046,1137,1648,1971,15,146900,11752,2053,1141,1706,2037,1136,1640,99,100,0,600,2066
revised4ulemixG,512,347,2039,1138,1644,1977,15,146900,11752,2046,1139,1673,2039,1137,1644,98,100,0,600,2066
revised4ulemixG,512,348,2054,1138,1646,1983,15,146909,11752,2054,1140,1705,2038,1136,1644,97,100,0,600,2106
revised4ulemixG,512,349,2042,1137,1651,1988,15,146905,11752,2054,1138,1677,2042,1136,1643,98,100,0,600,2066
revised4ulemixG,512,350,2039,1137,1656,1994,15,146906,11752,2043,1138,1674,2039,1136,1643,98,100,0,600,2063
revised4ulemixG,512,351,2047,1139,1649,2000,16,146911,11752,2055,1140,1705,2039,1136,1643,98,100,0,600,2075
revised4ulemixG,512,352,2046,1140,1671,2005,16,146913,11753,2047,1141,1675,2043,1138,1641,97,100,0,600,2092
revised4ulemixG,512,353,2063,1137,1677,2011,16,146919,11753,2063,1141,1707,2046,1137,1642,98,100,0,600,2092
revised4ulemixG,512,354,2054,1135,1657,2017,16,146923,11753,2064,1138,1693,2054,1135,1647,98,100,0,600,2077
revised4ulemixG,512,355,2054,1136,1684,2023,16,146927,11754,2054,1140,1706,2047,1134,1644,97,100,0,600,2112
revised4ulemixG,512,356,2051,1138,1657,2028,16,146930,11754,2061,1139,1703,2051,1136,1646,98,100,0,600,2072
revised4ulemixG,512,357,2049,1136,1659,2034,16,146933,11754,2051,1138,1681,2048,1136,1646,98,100,0,600,2077
revised4ulemixG,512,358,2059,1139,1657,2040,16,146939,11755,2064,1139,1711,2048,1135,1651,98,100,0,600,2080
revised4ulemixG,512,359,2053,1139,1659,2046,16,146942,11755,2059,1140,1685,2052,1135,1646,98,100,0,600,2083
revised4ulemixG,512,360,2072,1139,1671,2051,16,146950,11756,2072,1140,1710,2052,1136,1645,97,100,0,600,2120
revised4ulemixG,512,361,2070,1136,1684,2057,16,146956,11756,2072,1139,1695,2062,1136,1647,98,100,0,600,2112
revised4ulemixG,512,362,2068,1138,1672,2063,16,146964,11757,2075,1140,1698,2068,1135,1654,99,100,0,601,2080
revised4ulemixG,512,363,2066,1137,1665,2069,16,146971,11757,2078,1139,1709,2066,1136,1659,98,100,0,601,2089
revised4ulemixG,512,364,2059,1137,1665,2074,16,146979,11758,2066,1139,1688,2059,1135,1657,98,100,0,601,2089
revised4ulemixG,512,365,2081,1136,1691,2080,16,146989,11759,2081,1138,1712,2059,1135,1665,98,100,0,601,2114
revised4ulemixG,512,366,2068,1139,1659,2086,16,146991,11759,2083,1140,1697,2068,1135,1656,98,100,0,601,2089
revised4ulemixG,512,367,2077,1139,1670,2092,16,147000,11760,2077,1140,1703,2064,1138,1658,98,100,0,601,2103
revised4ulemixG,512,368,2061,1137,1694,2098,16,147004,11760,2077,1140,1715,2060,1136,1648,98,100,0,601,2097
revised4ulemixG,512,369,2068,1136,1686,2103,16,147011,11760,2068,1138,1706,2061,1136,1661,98,100,0,601,2100
revised4ulemixG,512,370,2070,1138,1656,2109,16,147018,11761,2077,1140,1711,2068,1136,1648,99,100,0,601,2077
revised4ulemixG,512,371,2056,1137,1658,2115,16,147021,11761,2070,1138,1683,2056,1136,1647,98,100,0,601,2077
revised4ulemixG,512,372,2067,1136,1691,2121,16,147027,11762,2067,1138,1711,2054,1136,1649,97,100,0,601,2120
revised4ulemixG,512,373,2055,1138,1656,2126,17,147030,11762,2067,1141,1691,2055,1136,1650,98,100,0,601,2077
revised4ulemixG,512,374,2054,1138,1642,2132,17,147033,11762,2055,1139,1683,2052,1136,1642,98,100,0,601,2083
revised4ulemixG,512,375,2058,1137,1664,2138,17,147038,11763,2060,1140,1699,2052,1136,1637,98,100,0,601,2086
revised4ulemixG,512,376,2057,1137,1664,2143,17,147042,11763,2058,1138,1685,2057,1135,1662,98,100,0,601,2083
revised4ulemixG,512,377,2079,1139,1681,2149,17,147051,11764,2079,1140,1709,2057,1135,1664,98,100,0,601,2114
revised4ulemixG,512,378,2058,1139,1668,2155,17,147057,11764,2079,1140,1709,2056,1137,1641,98,100,0,601,2100
revised4ulemixG,512,379,2050,1139,1678,2161,17,147056,11764,2060,1140,1703,2049,1137,1639,98,100,0,601,2077
revised4ulemixG,512,380,2067,1137,1677,2166,17,147063,11765,2067,1139,1713,2050,1135,1663,98,100,0,601,2100
revised4ulemixG,512,381,2070,1139,1675,2172,17,147070,11765,2070,1140,1696,2067,1136,1660,98,100,0,601,2100
revised4ulemixG,512,382,2058,1139,1648,2178,17,147073,11765,2070,1140,1710,2058,1137,1640,99,100,0,601,2066
revised4ulemixG,512,383,2043,1140,1644,2183,17,147073,11765,2058,1140,1675,2043,1137,1642,99,100,0,601,2063
revised4ulemixG,512,384,2045,1139,1655,2189,17,147075,11766,2045,1140,1704,2041,1137,1640,98,100,0,601,2077
revised4ulemixG,512,385,2045,1138,1651,2195,17,147080,11766,2047,1140,1680,2045,1138,1648,98,100,0,601,2072
revised4ulemixG,512,386,2049,1139,1649,2201,17,147079,11766,2052,1140,1692,2045,1138,1648,98,100,0,601,2075
revised4ulemixG,512,387,2055,1139,1649,2206,17,147087,11767,2061,1140,1709,2046,1137,1647,99,100,0,601,2072
revised4ulemixG,512,388,2054,1140,1670,2212,17,147086,11766,2055,1140,1690,2047,1137,1646,97,100,0,601,2100
revised4ulemixG,512,389,2060,1140,1679,2218,17,147090,11767,2060,1140,1705,2051,1138,1646,97,100,0,601,2112
revised4ulemixG,512,390,2048,1140,1652,2224,17,147092,11767,2063,1141,1703,2048,1137,1645,98,100,0,601,2069
revised4ulemixG,512,391,2043,1140,1657,2229,17,147097,11767,2048,1140,1675,2043,1138,1644,98,100,0,600,2069
revised4ulemixG,512,392,2063,1140,1670,2235,17,147099,11767,2063,1141,1704,2043,1139,1646,98,100,0,600,2095
revised4ulemixG,512,393,2054,1140,1666,2241,17,147106,11768,2065,1142,1689,2054,1138,1645,99,100,0,600,2072
revised4ulemixG,512,394,2059,1141,1650,2246,17,147106,11768,2061,1141,1705,2048,1139,1645,98,100,0,600,2083
revised4ulemixG,512,395,2055,1139,1648,2252,18,147109,11768,2059,1141,1688,2052,1138,1644,98,100,0,600,2077
revised4ulemixG,512,396,2049,1140,1676,2258,18,147111,11768,2055,1141,1692,2046,1138,1645,97,100,0,600,2092
revised4ulemixG,512,397,2051,1140,1650,2264,18,147114,11769,2061,1141,1706,2049,1139,1645,98,100,0,600,2075
revised4ulemixG,512,398,2063,1139,1675,2269,18,147119,11769,2063,1141,1693,2048,1138,1644,97,100,0,600,2106
revised4ulemixG,512,399,2066,1140,1656,2275,18,147125,11770,2073,1141,1707,2063,1138,1650,99,100,0,600,2083
revised4ulemixG,512,400,2060,1140,1689,2281,18,147128,11770,2066,1141,1692,2054,1139,1648,97,100,0,600,2103
revised4ulemixG,512,401,2068,1141,1689,2287,18,147134,11770,2068,1141,1706,2059,1139,1647,97,100,0,599,2126
revised4ulemixG,512,402,2072,1140,1650,2292,18,147140,11771,2073,1141,1690,2068,1139,1650,98,100,0,600,2097
revised4ulemixG,512,403,2055,1140,1651,2298,18,147143,11771,2072,1141,1688,2055,1139,1647,98,100,0,600,2077
revised4ulemixG,512,404,2072,1140,1683,2304,18,147150,11772,2072,1141,1706,2053,1138,1647,98,100,0,600,2106
revised4ulemixG,512,405,2068,1140,1655,2310,18,147155,11772,2075,1141,1693,2068,1138,1651,99,100,0,600,2080
revised4ulemixG,512,406,2078,1140,1656,2316,18,147166,11773,2080,1141,1709,2068,1138,1653,99,100,0,600,2092
revised4ulemixG,512,407,2074,1140,1681,2321,18,147169,11773,2078,1141,1694,2067,1138,1653,98,100,0,600,2112
revised4ulemixG,512,408,2068,1139,1696,2327,18,147178,11774,2076,1140,1696,2067,1137,1651,98,100,0,600,2100
revised4ulemixG,512,409,2069,1139,1688,2333,18,147180,11774,2078,1141,1710,2066,1138,1651,98,100,0,600,2109
revised4ulemixG,512,410,2078,1139,1687,2339,18,147188,11775,2078,1141,1695,2069,1138,1671,98,100,0,601,2112
revised4ulemixG,512,411,2073,1139,1659,2344,18,147193,11775,2080,1140,1710,2071,1137,1654,99,100,0,601,2083
revised4ulemixG,512,412,2060,1140,1661,2350,18,147196,11775,2073,1140,1685,2060,1139,1650,98,100,0,601,2083
revised4ulemixG,512,413,2071,1138,1692,2356,18,147202,11776,2071,1141,1713,2059,1137,1655,97,100,0,601,2129
revised4ulemixG,512,414,2063,1139,1666,2362,18,147206,11776,2074,1140,1701,2063,1137,1653,99,100,0,601,2080
revised4ulemixG,512,415,2077,1139,1685,2367,18,147214,11777,2077,1140,1696,2062,1137,1662,98,100,0,601,2109
revised4ulemixG,512,416,2087,1140,1685,2373,18,147223,11777,2087,1140,1711,2077,1138,1659,98,100,0,601,2117
revised4ulemixG,512,417,2077,1139,1675,2379,19,147229,11778,2088,1140,1702,2077,1138,1664,99,100,0,601,2095
revised4ulemixG,512,418,2084,1139,1690,2385,19,147237,11779,2084,1141,1711,2071,1138,1661,98,100,0,601,2120
revised4ulemixG,512,419,2084,1140,1677,2391,19,147245,11779,2087,1140,1698,2084,1138,1662,99,100,0,601,2092
revised4ulemixG,512,420,2075,1139,1702,2396,19,147250,11780,2084,1141,1710,2071,1138,1663,97,100,0,601,2129
revised4ulemixG,512,421,2072,1139,1671,2402,19,147256,11780,2082,1141,1710,2072,1138,1664,98,100,0,601,2097
revised4ulemixG,512,422,2070,1140,1670,2408,19,147261,11780,2072,1141,1693,2070,1138,1665,98,100,0,601,2097
revised4ulemixG,512,423,2074,1140,1645,2414,19,147268,11781,2084,1141,1712,2069,1139,1638,100,100,0,601,2074
revised4ulemixG,512,424,2057,1139,1666,2419,19,147269,11781,2074,1141,1706,2051,1138,1629,97,100,0,601,2103
revised4ulemixG,512,425,2066,1139,1686,2425,19,147273,11781,2066,1141,1712,2050,1138,1640,97,100,0,601,2126
revised4ulemixG,512,426,2058,1139,1660,2431,19,147276,11782,2066,1141,1686,2058,1138,1646,98,100,0,601,2089
revised4ulemixG,512,427,2056,1140,1659,2437,19,147282,11782,2058,1141,1679,2056,1138,1654,98,100,0,601,2086
revised4ulemixG,512,428,2069,1138,1686,2442,19,147289,11783,2073,1140,1710,2056,1138,1657,98,100,0,601,2106
revised4ulemixG,512,429,2058,1138,1689,2448,19,147289,11783,2077,1140,1698,2058,1137,1637,99,100,0,601,2075
revised4ulemixG,512,430,2082,1138,1686,2454,19,147297,11783,2082,1140,1710,2058,1137,1682,98,100,0,601,2114
revised4ulemixG,512,431,2080,1138,1666,2460,19,147304,11784,2085,1140,1698,2080,1136,1663,99,100,0,601,2089
revised4ulemixG,512,432,2072,1136,1701,2466,19,147309,11784,2080,1139,1712,2067,1135,1663,97,100,0,601,2129
revised4ulemixG,512,433,2050,1140,1636,2471,19,147314,11785,2078,1140,1714,2050,1136,1628,100,100,0,601,2050
revised4ulemixG,512,434,2047,1136,1681,2477,19,147311,11784,2050,1140,1702,2042,1135,1634,98,100,0,601,2080
revised4ulemixG,512,435,2051,1139,1650,2483,19,147314,11785,2059,1140,1712,2047,1135,1640,99,100,0,601,2063
revised4ulemixG,512,436,2059,1138,1672,2488,19,147317,11785,2059,1139,1696,2047,1135,1644,98,100,0,601,2089
revised4ulemixG,512,437,2064,1138,1680,2494,19,147321,11785,2064,1139,1709,2056,1137,1643,97,100,0,601,2114
revised4ulemixG,512,438,2048,1138,1641,2500,20,147322,11785,2066,1139,1694,2048,1136,1638,99,100,0,601,2060
revised4ulemixG,512,439,2039,1139,1648,2505,20,147321,11785,2048,1140,1675,2036,1137,1630,98,100,0,601,2075
revised4ulemixG,512,440,2062,1139,1662,2511,20,147326,11786,2062,1140,1707,2039,1137,1646,98,100,0,601,2095
revised4ulemixG,512,441,2054,1139,1652,2517,20,147328,11786,2063,1140,1692,2054,1137,1647,98,100,0,601,2080
revised4ulemixG,512,442,2065,1140,1669,2523,20,147332,11786,2065,1140,1708,2049,1136,1646,98,100,0,601,2103
revised4ulemixG,512,443,2067,1139,1683,2528,20,147337,11787,2068,1140,1694,2065,1137,1660,98,100,0,601,2097
revised4ulemixG,512,444,2073,1139,1690,2534,20,147343,11787,2073,1140,1709,2067,1137,1661,97,100,0,601,2117
revised4ulemixG,512,445,2059,1139,1653,2540,20,147345,11787,2076,1141,1704,2059,1137,1649,99,100,0,601,2077
revised4ulemixG,512,446,2054,1139,1658,2546,20,147347,11787,2059,1141,1687,2054,1138,1649,98,100,0,601,2083
revised4ulemixG,512,447,2061,1141,1659,2552,20,147351,11788,2067,1141,1708,2053,1139,1651,98,100,0,601,2083
revised4ulemixG,512,448,2073,1140,1682,2557,20,147357,11788,2073,1141,1693,2060,1138,1655,98,100,0,601,2106
revised4ulemixG,512,449,2086,1139,1685,2563,20,147365,11789,2086,1141,1708,2073,1138,1671,97,100,0,601,2134
revised4ulemixG,512,450,2084,1139,1688,2569,20,147372,11789,2086,1140,1706,2084,1138,1670,98,100,0,601,2112
revised4ulemixG,512,451,2068,1137,1668,2575,20,147375,11790,2085,1140,1694,2068,1136,1659,98,100,0,601,2092
revised4ulemixG,512,452,2084,1138,1686,2581,20,147384,11790,2084,1139,1714,2068,1136,1668,98,100,0,601,2120
revised4ulemixG,512,453,2078,1138,1653,2586,20,147390,11791,2086,1138,1701,2078,1136,1652,99,100,0,601,2083
revised4ulemixG,512,454,2069,1138,1663,2592,20,147396,11791,2078,1139,1721,2064,1137,1646,99,100,0,601,2086
revised4ulemixG,512,455,2055,1139,1688,2598,20,147394,11791,2069,1140,1704,2051,1137,1641,97,100,0,601,2114
revised4ulemixG,512,456,2076,1138,1694,2604,20,147401,11792,2076,1140,1703,2055,1137,1669,97,100,0,601,2123
revised4ulemixG,512,457,2082,1138,1696,2609,20,147408,11792,2084,1140,1711,2076,1136,1673,98,100,0,600,2109
revised4ulemixG,512,458,2081,1139,1673,2615,20,147414,11793,2083,1140,1699,2081,1137,1662,99,100,0,600,2097
revised4ulemixG,512,459,2074,1139,1664,2621,20,147419,11793,2081,1140,1715,2069,1136,1653,99,100,0,600,2089
revised4ulemixG,512,460,2081,1138,1685,2627,21,147425,11794,2081,1140,1698,2071,1136,1657,98,100,0,600,2114
revised4ulemixG,512,461,2079,1138,1707,2633,21,147430,11794,2081,1139,1714,2071,1135,1659,97,100,0,600,2129
revised4ulemixG,512,462,2061,1139,1646,2638,21,147433,11794,2081,1140,1707,2061,1137,1638,100,100,0,600,2061
revised4ulemixG,512,463,2044,1138,1649,2644,21,147435,11794,2061,1140,1689,2044,1136,1629,98,100,0,601,2072
revised4ulemixG,512,464,2047,1138,1658,2650,21,147434,11794,2055,1140,1713,2043,1136,1638,98,100,0,601,2075
revised4ulemixG,512,465,2048,1139,1658,2655,21,147436,11794,2057,1141,1698,2047,1136,1641,99,100,0,601,2063
revised4ulemixG,512,466,2064,1140,1656,2661,21,147440,11795,2064,1141,1705,2047,1137,1643,98,100,0,601,2100
revised4ulemixG,512,467,2055,1139,1648,2667,21,147441,11795,2064,1140,1692,2051,1137,1642,99,100,0,601,2066
revised4ulemixG,512,468,2041,1139,1654,2672,21,147440,11795,2055,1141,1678,2041,1137,1633,99,100,0,601,2060
revised4ulemixG,512,469,2050,1138,1658,2678,21,147442,11795,2052,1140,1708,2041,1137,1650,98,100,0,601,2080
revised4ulemixG,512,470,2052,1139,1681,2684,21,147447,11795,2052,1140,1682,2050,1136,1652,98,100,0,601,2077
revised4ulemixG,512,471,2067,1139,1669,2690,21,147448,11795,2069,1140,1712,2051,1136,1649,99,100,0,601,2086
revised4ulemixG,512,472,2061,1138,1664,2695,21,147451,11796,2067,1139,1688,2061,1135,1660,98,100,0,601,2089
revised4ulemixG,512,473,2063,1138,1695,2701,21,147454,11796,2063,1140,1711,2060,1136,1659,97,100,0,601,2114
revised4ulemixG,512,474,2064,1140,1663,2707,21,147458,11796,2073,1140,1709,2063,1137,1655,98,100,0,601,2086
revised4ulemixG,512,475,2060,1139,1665,2713,21,147461,11796,2064,1141,1685,2060,1137,1658,98,100,0,601,2092
revised4ulemixG,512,476,2069,1138,1665,2718,21,147466,11797,2074,1140,1710,2060,1136,1660,99,100,0,601,2089
revised4ulemixG,512,477,2066,1138,1666,2724,21,147469,11797,2072,1140,1694,2066,1137,1661,98,100,0,601,2089
revised4ulemixG,512,478,2077,1138,1699,2730,21,147478,11798,2077,1140,1711,2064,1137,1663,97,100,0,601,2134
revised4ulemixG,512,479,2069,1139,1666,2736,21,147478,11798,2078,1140,1699,2069,1136,1664,98,100,0,601,2095
revised4ulemixG,512,480,2068,1140,1679,2742,21,147482,11798,2069,1140,1693,2068,1137,1665,98,100,0,601,2097
revised4ulemixG,512,481,2079,1140,1696,2747,21,147489,11799,2083,1141,1711,2068,1137,1667,97,100,0,601,2123
revised4ulemixG,512,482,2091,1140,1691,2753,22,147497,11799,2091,1141,1699,2079,1139,1686,98,100,0,601,2126
revised4ulemixG,512,483,2098,1140,1689,2759,22,147506,11800,2099,1141,1712,2091,1137,1683,98,100,0,601,2123
revised4ulemixG,512,484,2081,1138,1652,2765,22,147511,11800,2098,1140,1704,2081,1137,1647,99,100,0,601,2083
revised4ulemixG,512,485,2066,1138,1682,2771,22,147515,11801,2081,1141,1717,2054,1138,1634,97,100,0,601,2120
revised4ulemixG,512,486,2059,1139,1662,2776,22,147518,11801,2070,1140,1712,2059,1137,1654,98,100,0,601,2083
revised4ulemixG,512,487,2054,1141,1652,2782,22,147516,11801,2059,1141,1679,2054,1137,1651,98,100,0,601,2080
revised4ulemixG,512,488,2074,1141,1655,2788,22,147522,11801,2074,1141,1706,2053,1139,1652,98,100,0,601,2106
revised4ulemixG,512,489,2052,1140,1663,2794,22,147525,11802,2074,1142,1681,2052,1139,1635,98,100,0,601,2077
revised4ulemixG,512,490,2082,1141,1681,2799,22,147532,11802,2082,1141,1707,2052,1139,1662,98,100,0,601,2123
revised4ulemixG,512,491,2067,1142,1660,2805,22,147533,11802,2082,1142,1691,2067,1140,1655,98,100,0,601,2095
revised4ulemixG,512,492,2062,1141,1699,2811,22,147535,11802,2067,1142,1699,2061,1140,1659,98,100,0,601,2092
revised4ulemixG,512,493,2080,1141,1684,2817,22,147542,11803,2080,1142,1709,2062,1140,1679,98,100,0,601,2112
revised4ulemixG,512,494,2023,1141,1653,2822,22,147543,11803,2081,1142,1692,2017,1140,1626,97,100,0,601,2077
revised4ulemixG,512,495,2059,1140,1673,2828,22,147547,11803,2059,1142,1713,2023,1139,1653,98,100,0,601,2100
revised4ulemixG,512,496,2073,1137,1674,2834,22,147552,11804,2073,1141,1693,2059,1137,1665,98,100,0,601,2103
revised4ulemixG,512,497,2072,1140,1665,2840,22,147557,11804,2077,1141,1707,2070,1137,1647,97,100,0,601,2117
revised4ulemixG,512,498,2063,1141,1670,2845,22,147559,11804,2072,1142,1684,2063,1138,1658,98,100,0,601,2089
revised4ulemixG,512,499,2059,1142,1662,2851,22,147561,11804,2063,1142,1681,2059,1139,1657,98,100,0,601,2086
revised4ulemixG,512,500,2075,1141,1679,2857,22,147566,11805,2075,1142,1705,2059,1139,1658,98,100,0,601,2109
revised4ulemixG,512,501,2079,1142,1679,2863,22,147572,11805,2079,1142,1689,2075,1139,1672,98,100,0,601,2112
revised4ulemixG,512,502,2073,1142,1653,2869,22,147576,11806,2080,1142,1687,2073,1140,1650,99,100,0,601,2083
revised4ulemixG,512,503,2049,1141,1653,2874,22,147576,11806,2073,1142,1675,2049,1140,1628,98,100,0,601,2077
revised4ulemixG,512,504,2058,1139,1650,2880,23,147578,11806,2060,1142,1703,2047,1138,1649,99,100,0,601,2077
revised4ulemixG,512,505,2053,1139,1695,2886,23,147579,11806,2058,1141,1697,2047,1137,1647,98,100,0,601,2092
revised4ulemixG,512,506,2035,1140,1645,2892,23,147581,11806,2113,1141,1717,2035,1138,1643,98,100,0,601,2066
revised4ulemixG,512,507,2034,1141,1642,2897,23,147580,11806,2035,1142,1659,2034,1138,1641,98,100,0,601,2060
revised4ulemixG,512,508,2034,1141,1637,2903,23,147579,11806,2034,1142,1678,2033,1139,1635,98,100,0,601,2069
revised4ulemixG,512,509,2007,1140,1599,2908,23,147573,11805,2034,1142,1681,2007,1139,1539,100,100,0,601,2007
revised4ulemixG,512,510,1697,1142,1374,2913,23,147538,11803,2007,1143,1686,1697,1139,1373,98,100,0,601,1716
revised4ulemixG,512,511,1773,1142,1396,2918,23,147497,11799,1785,1143,1567,1697,1140,1372,98,100,0,601,1793
Processed 512 lines from power meter
There were 0 errors in reading from the meter
