RunId,NumDataLines,SeqNum,Watts,Amps,WattHours,Cost,MoKWh,MoCost,MaxWatts,MaxVolts,MaxAmps,MinWatts,MinVolts,MinAmps,Factor,DutyCycle,PowerCycle
revised1tas1libquantum,342,0,2079,1123,1700,11,0,152095,12167,2089,1123,1758,2078,1121,1694,98,100,0,600,2112
revised1tas1libquantum,342,1,2078,1123,1698,17,0,151412,12113,2080,1124,1758,2078,1121,1692,98,100,0,600,2100
revised1tas1libquantum,342,2,2076,1123,1700,23,0,151414,12113,2078,1123,1753,2076,1121,1694,98,100,0,600,2103
revised1tas1libquantum,342,3,2076,1123,1696,28,0,150808,12064,2077,1124,1758,2074,1122,1693,98,100,0,600,2106
revised1tas1libquantum,342,4,2075,1123,1701,34,0,150638,12051,2076,1124,1758,2074,1122,1692,98,100,0,600,2100
revised1tas1libquantum,342,5,2074,1122,1704,40,0,150528,12042,2076,1123,1761,2074,1121,1693,98,100,0,600,2103
revised1tas1libquantum,342,6,2076,1123,1702,46,0,150458,12036,2076,1124,1758,2074,1122,1694,98,100,0,600,2106
revised1tas1libquantum,342,7,2076,1123,1702,52,0,150408,12032,2078,1124,1760,2076,1121,1693,98,100,0,600,2100
revised1tas1libquantum,342,8,2076,1122,1699,57,0,150359,12028,2078,1123,1760,2075,1121,1693,98,100,0,600,2103
revised1tas1libquantum,342,9,2075,1121,1695,63,0,150447,12035,2077,1124,1771,2074,1121,1693,98,100,0,600,2097
revised1tas1libquantum,342,10,2074,1121,1700,69,0,150272,12021,2076,1123,1758,2074,1121,1694,98,100,0,600,2100
revised1tas1libquantum,342,11,2076,1123,1694,75,0,150245,12019,2076,1124,1758,2073,1120,1694,98,100,0,600,2112
revised1tas1libquantum,342,12,2075,1123,1699,81,0,150322,12025,2077,1124,1759,2074,1121,1693,98,100,0,600,2100
revised1tas1libquantum,342,13,2077,1122,1699,86,0,150202,12016,2078,1124,1758,2075,1122,1693,98,100,0,599,2103
revised1tas1libquantum,342,14,2075,1122,1697,92,0,150179,12014,2077,1124,1757,2074,1121,1693,98,100,0,600,2109
revised1tas1libquantum,342,15,2074,1123,1702,98,0,150241,12019,2075,1124,1756,2074,1121,1693,98,100,0,600,2100
revised1tas1libquantum,342,16,2076,1123,1697,104,0,150226,12018,2077,1123,1774,2074,1120,1693,97,100,0,600,2120
revised1tas1libquantum,342,17,2074,1122,1697,109,0,150199,12015,2076,1123,1758,2074,1121,1693,98,100,0,600,2097
revised1tas1libquantum,342,18,2075,1123,1698,115,0,150106,12008,2075,1123,1759,2073,1121,1693,98,100,0,600,2109
revised1tas1libquantum,342,19,2076,1123,1699,121,0,150100,12008,2076,1123,1760,2074,1121,1695,98,100,0,600,2103
revised1tas1libquantum,342,20,2076,1122,1697,127,1,150089,12007,2077,1123,1760,2075,1121,1694,98,100,0,601,2097
revised1tas1libquantum,342,21,2075,1122,1697,132,1,150080,12006,2076,1123,1758,2074,1121,1694,98,100,0,601,2097
revised1tas1libquantum,342,22,2073,1123,1702,138,1,150063,12005,2076,1123,1757,2073,1121,1693,98,100,0,601,2097
revised1tas1libquantum,342,23,2074,1122,1697,144,1,150113,12009,2075,1123,1758,2072,1121,1694,98,100,0,601,2103
revised1tas1libquantum,342,24,2073,1122,1699,150,1,150038,12003,2074,1123,1755,2073,1121,1693,98,100,0,601,2097
revised1tas1libquantum,342,25,2074,1123,1697,156,1,150029,12002,2075,1123,1757,2072,1121,1694,98,100,0,601,2103
revised1tas1libquantum,342,26,2076,1123,1699,161,1,150028,12002,2076,1123,1759,2074,1121,1693,98,100,0,601,2106
revised1tas1libquantum,342,27,2074,1122,1697,167,1,150017,12001,2076,1123,1751,2074,1121,1694,98,100,0,600,2097
revised1tas1libquantum,342,28,2076,1122,1699,173,1,150016,12001,2076,1123,1757,2074,1121,1693,98,100,0,601,2109
revised1tas1libquantum,342,29,2077,1122,1727,179,1,150065,12005,2077,1123,1768,2075,1121,1689,98,100,0,601,2106
revised1tas1libquantum,342,30,2077,1123,1698,185,1,150015,12001,2078,1123,1761,2076,1120,1693,98,100,0,600,2103
revised1tas1libquantum,342,31,2073,1122,1708,190,1,150003,12000,2077,1123,1750,2072,1119,1690,98,100,0,600,2106
revised1tas1libquantum,342,32,2076,1122,1711,196,1,150005,12000,2076,1122,1768,2073,1120,1693,98,100,0,600,2103
revised1tas1libquantum,342,33,2074,1121,1697,202,1,150044,12003,2078,1123,1774,2074,1120,1690,98,100,0,600,2103
revised1tas1libquantum,342,34,2076,1120,1697,208,1,150001,12000,2078,1123,1768,2073,1119,1691,98,100,0,600,2100
revised1tas1libquantum,342,35,2076,1128,1690,214,1,150001,12000,2078,1128,1757,2076,1119,1685,98,100,0,600,2106
revised1tas1libquantum,342,36,2076,1127,1700,219,1,150040,12003,2077,1128,1765,2074,1125,1685,98,100,0,599,2106
revised1tas1libquantum,342,37,2074,1125,1710,225,1,149999,11999,2080,1127,1756,2074,1125,1684,98,100,0,600,2100
revised1tas1libquantum,342,38,2076,1126,1689,231,1,150033,12002,2076,1127,1745,2073,1124,1686,98,100,0,599,2106
revised1tas1libquantum,342,39,2077,1126,1695,237,1,149996,11999,2078,1127,1758,2074,1125,1686,98,100,0,600,2106
revised1tas1libquantum,342,40,2076,1126,1691,242,1,149995,11999,2078,1127,1750,2076,1124,1689,98,100,0,600,2109
revised1tas1libquantum,342,41,2074,1125,1705,248,1,149990,11999,2076,1126,1748,2074,1123,1686,98,100,0,600,2097
revised1tas1libquantum,342,42,2073,1124,1693,254,2,149986,11998,2077,1126,1753,2073,1123,1685,98,100,0,600,2097
revised1tas1libquantum,342,43,2075,1124,1696,260,2,149983,11998,2075,1126,1748,2073,1123,1688,98,100,0,600,2103
revised1tas1libquantum,342,44,2075,1125,1691,265,2,149981,11998,2076,1126,1760,2074,1123,1689,98,100,0,600,2097
revised1tas1libquantum,342,45,2074,1126,1703,271,2,149975,11998,2075,1127,1748,2073,1123,1686,98,100,0,600,2103
revised1tas1libquantum,342,46,2079,1125,1709,277,2,149980,11998,2079,1126,1756,2074,1124,1688,98,100,0,600,2109
revised1tas1libquantum,342,47,2079,1125,1702,283,2,149985,11998,2080,1126,1752,2078,1124,1691,98,100,0,600,2109
revised1tas1libquantum,342,48,2082,1125,1697,289,2,149993,11999,2083,1127,1766,2079,1124,1692,99,100,0,600,2103
revised1tas1libquantum,342,49,2080,1125,1697,294,2,149997,11999,2082,1126,1776,2080,1123,1690,98,100,0,600,2103
revised1tas1libquantum,342,50,2079,1124,1702,300,2,150001,12000,2081,1126,1750,2079,1123,1690,98,100,0,600,2106
revised1tas1libquantum,342,51,2081,1126,1701,306,2,150009,12000,2082,1126,1768,2079,1123,1690,98,100,0,600,2117
revised1tas1libquantum,342,52,2081,1125,1697,312,2,150012,12001,2082,1126,1751,2079,1124,1692,98,100,0,600,2114
revised1tas1libquantum,342,53,2080,1125,1703,318,2,150016,12001,2081,1126,1751,2079,1123,1691,98,100,0,600,2103
revised1tas1libquantum,342,54,2080,1125,1695,323,2,150046,12003,2083,1126,1764,2079,1124,1691,99,100,0,600,2100
revised1tas1libquantum,342,55,2079,1125,1699,329,2,150023,12001,2080,1126,1749,2078,1124,1690,98,100,0,601,2112
revised1tas1libquantum,342,56,2080,1126,1698,335,2,150027,12002,2081,1127,1755,2079,1124,1692,98,100,0,601,2109
revised1tas1libquantum,342,57,2081,1125,1721,341,2,150057,12004,2081,1127,1765,2078,1124,1690,98,100,0,601,2114
revised1tas1libquantum,342,58,2082,1126,1696,347,2,150037,12003,2085,1127,1772,2079,1123,1691,99,100,0,601,2103
revised1tas1libquantum,342,59,2079,1125,1703,353,2,150040,12003,2083,1126,1761,2079,1124,1691,98,100,0,601,2109
revised1tas1libquantum,342,60,2079,1126,1693,358,2,150043,12003,2083,1127,1758,2079,1124,1692,98,100,0,601,2106
revised1tas1libquantum,342,61,2078,1125,1707,364,2,150044,12003,2080,1127,1758,2077,1125,1691,98,100,0,601,2109
revised1tas1libquantum,342,62,2078,1126,1694,370,2,150044,12003,2080,1127,1762,2077,1124,1691,98,100,0,601,2112
revised1tas1libquantum,342,63,2079,1126,1694,376,3,150046,12003,2080,1127,1757,2077,1125,1690,98,100,0,601,2112
revised1tas1libquantum,342,64,2078,1125,1701,381,3,150070,12005,2081,1127,1750,2078,1123,1691,98,100,0,601,2103
revised1tas1libquantum,342,65,2079,1126,1698,387,3,150048,12003,2079,1127,1760,2077,1125,1691,98,100,0,601,2106
revised1tas1libquantum,342,66,2081,1125,1695,393,3,150051,12004,2081,1127,1761,2077,1125,1691,98,100,0,600,2117
revised1tas1libquantum,342,67,2081,1126,1697,399,3,150054,12004,2083,1127,1768,2079,1124,1691,98,100,0,600,2103
revised1tas1libquantum,342,68,2080,1125,1692,405,3,150056,12004,2082,1127,1761,2079,1125,1691,98,100,0,600,2114
revised1tas1libquantum,342,69,2082,1126,1697,410,3,150060,12004,2082,1127,1767,2080,1125,1691,97,100,0,600,2126
revised1tas1libquantum,342,70,2080,1125,1700,416,3,150063,12005,2084,1127,1757,2080,1125,1691,98,100,0,600,2109
revised1tas1libquantum,342,71,2077,1126,1687,422,3,150061,12004,2080,1127,1753,2076,1124,1684,98,100,0,600,2109
revised1tas1libquantum,342,72,2075,1126,1691,428,3,150057,12004,2077,1127,1761,2073,1124,1685,99,100,0,600,2095
revised1tas1libquantum,342,73,2073,1126,1690,434,3,150053,12004,2076,1127,1754,2073,1124,1684,98,100,0,600,2095
revised1tas1libquantum,342,74,2075,1126,1695,439,3,150052,12004,2077,1127,1758,2073,1124,1683,98,100,0,600,2103
revised1tas1libquantum,342,75,2074,1124,1699,445,3,150049,12003,2078,1127,1760,2074,1124,1686,98,100,0,599,2100
revised1tas1libquantum,342,76,2074,1124,1693,451,3,150045,12003,2075,1126,1758,2072,1124,1685,98,100,0,600,2103
revised1tas1libquantum,342,77,2072,1126,1687,457,3,150059,12004,2074,1127,1748,2072,1123,1683,99,100,0,600,2092
revised1tas1libquantum,342,78,2072,1126,1685,462,3,150035,12002,2073,1127,1749,2072,1125,1681,98,100,0,600,2100
revised1tas1libquantum,342,79,2072,1126,1693,468,3,150030,12002,2073,1127,1753,2071,1124,1682,98,100,0,599,2103
revised1tas1libquantum,342,80,2072,1126,1696,474,3,150026,12002,2074,1127,1751,2071,1123,1684,98,100,0,600,2100
revised1tas1libquantum,342,81,2074,1126,1698,480,3,150024,12001,2074,1127,1753,2072,1125,1685,98,100,0,600,2112
revised1tas1libquantum,342,82,2073,1127,1686,485,3,150018,12001,2074,1127,1754,2071,1125,1680,98,100,0,600,2103
revised1tas1libquantum,342,83,2072,1127,1686,491,3,150013,12001,2073,1127,1747,2070,1123,1683,98,100,0,600,2095
revised1tas1libquantum,342,84,2073,1126,1691,497,3,150028,12002,2075,1127,1756,2072,1125,1684,98,100,0,600,2112
revised1tas1libquantum,342,85,2073,1126,1746,503,4,150008,12000,2075,1127,1758,2072,1124,1684,98,100,0,600,2100
revised1tas1libquantum,342,86,2077,1125,1689,509,4,150025,12002,2077,1127,1754,2073,1124,1684,98,100,0,600,2106
revised1tas1libquantum,342,87,2076,1126,1686,514,4,150005,12000,2077,1127,1754,2072,1125,1683,98,100,0,600,2109
revised1tas1libquantum,342,88,2071,1126,1685,520,4,150016,12001,2076,1128,1740,2071,1124,1683,98,100,0,600,2095
revised1tas1libquantum,342,89,2070,1126,1695,526,4,149995,11999,2073,1127,1764,2070,1124,1684,98,100,0,600,2097
revised1tas1libquantum,342,90,2072,1126,1702,532,4,149992,11999,2073,1127,1762,2070,1124,1684,98,100,0,600,2109
revised1tas1libquantum,342,91,2074,1126,1685,537,4,149990,11999,2074,1127,1756,2070,1124,1683,97,100,0,600,2123
revised1tas1libquantum,342,92,2073,1127,1687,543,4,150001,12000,2074,1127,1755,2071,1124,1684,98,100,0,601,2100
revised1tas1libquantum,342,93,2070,1127,1686,549,4,149996,11999,2073,1127,1752,2070,1124,1683,98,100,0,600,2092
revised1tas1libquantum,342,94,2070,1126,1699,555,4,149992,11999,2073,1127,1756,2070,1125,1683,98,100,0,600,2100
revised1tas1libquantum,342,95,2073,1126,1698,561,4,149973,11997,2073,1128,1759,2070,1125,1682,98,100,0,600,2109
revised1tas1libquantum,342,96,2075,1127,1689,566,4,149987,11999,2076,1127,1753,2072,1125,1684,98,100,0,601,2112
revised1tas1libquantum,342,97,2072,1127,1687,572,4,149967,11997,2075,1128,1753,2071,1126,1682,98,100,0,601,2095
revised1tas1libquantum,342,98,2071,1127,1684,578,4,149964,11997,2074,1128,1752,2071,1125,1682,98,100,0,601,2095
revised1tas1libquantum,342,99,2073,1126,1687,584,4,149962,11996,2074,1127,1760,2070,1125,1684,97,100,0,601,2117
revised1tas1libquantum,342,100,2074,1124,1691,590,4,149960,11996,2075,1128,1752,2071,1124,1683,98,100,0,601,2106
revised1tas1libquantum,342,101,2072,1124,1691,595,4,149957,11996,2074,1127,1753,2070,1123,1684,98,100,0,601,2095
revised1tas1libquantum,342,102,2072,1126,1692,601,4,149969,11997,2073,1127,1757,2071,1123,1684,99,100,0,601,2092
revised1tas1libquantum,342,103,2074,1127,1684,607,4,149953,11996,2076,1128,1762,2072,1125,1684,98,100,0,601,2106
revised1tas1libquantum,342,104,2073,1126,1695,613,4,149966,11997,2077,1127,1755,2073,1126,1682,98,100,0,601,2103
revised1tas1libquantum,342,105,2073,1125,1701,618,4,149965,11997,2075,1127,1756,2072,1124,1684,98,100,0,600,2100
revised1tas1libquantum,342,106,2075,1126,1688,624,4,149950,11996,2076,1128,1755,2073,1125,1683,98,100,0,600,2103
revised1tas1libquantum,342,107,2075,1126,1687,630,5,149949,11995,2076,1128,1753,2072,1125,1683,99,100,0,600,2095
revised1tas1libquantum,342,108,2073,1126,1697,636,5,149947,11995,2076,1128,1753,2073,1125,1683,98,100,0,600,2097
revised1tas1libquantum,342,109,2073,1125,1694,641,5,149959,11996,2076,1128,1754,2072,1125,1681,98,100,0,599,2100
revised1tas1libquantum,342,110,2074,1127,1696,647,5,149944,11995,2074,1127,1756,2071,1124,1685,98,100,0,600,2114
revised1tas1libquantum,342,111,2076,1127,1691,653,5,149944,11995,2076,1127,1754,2073,1124,1682,98,100,0,600,2109
revised1tas1libquantum,342,112,2076,1126,1687,659,5,149944,11995,2077,1128,1758,2074,1124,1682,98,100,0,600,2097
revised1tas1libquantum,342,113,2073,1125,1689,665,5,149955,11996,2076,1127,1754,2073,1124,1685,98,100,0,600,2103
revised1tas1libquantum,342,114,2072,1126,1699,670,5,149953,11996,2075,1127,1762,2072,1125,1685,98,100,0,600,2100
revised1tas1libquantum,342,115,2073,1126,1690,676,5,149952,11996,2074,1127,1760,2072,1123,1685,98,100,0,601,2100
revised1tas1libquantum,342,116,2077,1126,1687,682,5,149939,11995,2077,1127,1755,2072,1124,1686,98,100,0,601,2114
revised1tas1libquantum,342,117,2073,1126,1687,688,5,149937,11994,2077,1127,1754,2073,1124,1685,99,100,0,601,2092
revised1tas1libquantum,342,118,2070,1125,1698,693,5,149933,11994,2073,1127,1741,2070,1124,1684,98,100,0,601,2095
revised1tas1libquantum,342,119,2072,1126,1695,699,5,149931,11994,2073,1127,1762,2070,1124,1684,98,100,0,601,2103
revised1tas1libquantum,342,120,2072,1126,1694,705,5,149941,11995,2072,1127,1744,2071,1124,1684,98,100,0,600,2103
revised1tas1libquantum,342,121,2073,1125,1687,711,5,149927,11994,2073,1127,1750,2070,1124,1685,98,100,0,600,2103
revised1tas1libquantum,342,122,2072,1125,1704,717,5,149924,11993,2073,1127,1744,2071,1124,1685,98,100,0,600,2103
revised1tas1libquantum,342,123,2079,1126,1702,722,5,149928,11994,2079,1126,1766,2072,1123,1693,98,100,0,600,2114
revised1tas1libquantum,342,124,2080,1126,1710,728,5,149931,11994,2081,1127,1752,2079,1125,1692,98,100,0,600,2106
revised1tas1libquantum,342,125,2082,1125,1695,734,5,149935,11994,2083,1126,1761,2079,1124,1692,98,100,0,600,2114
revised1tas1libquantum,342,126,2079,1125,1696,740,5,149936,11994,2082,1126,1750,2079,1123,1693,98,100,0,600,2103
revised1tas1libquantum,342,127,2081,1125,1711,745,5,149940,11995,2082,1126,1752,2079,1124,1691,98,100,0,600,2112
revised1tas1libquantum,342,128,2083,1125,1697,751,6,149944,11995,2084,1126,1771,2081,1123,1692,98,100,0,600,2112
revised1tas1libquantum,342,129,2080,1125,1705,757,6,149947,11995,2083,1126,1748,2080,1124,1692,98,100,0,600,2109
revised1tas1libquantum,342,130,2081,1126,1698,763,6,149949,11995,2081,1127,1755,2079,1124,1692,98,100,0,600,2114
revised1tas1libquantum,342,131,2080,1125,1696,769,6,149950,11996,2081,1127,1760,2078,1125,1692,99,100,0,600,2100
revised1tas1libquantum,342,132,2082,1126,1697,775,6,149954,11996,2084,1127,1763,2079,1124,1692,98,100,0,600,2112
revised1tas1libquantum,342,133,2082,1126,1693,780,6,149968,11997,2082,1127,1754,2080,1124,1690,98,100,0,601,2123
revised1tas1libquantum,342,134,2081,1126,1697,786,6,149971,11997,2084,1127,1763,2080,1124,1692,98,100,0,601,2103
revised1tas1libquantum,342,135,2082,1126,1699,792,6,149963,11997,2085,1126,1774,2080,1124,1692,98,100,0,601,2112
revised1tas1libquantum,342,136,2083,1125,1749,798,6,149967,11997,2084,1126,1770,2080,1123,1693,98,100,0,601,2123
revised1tas1libquantum,342,137,2082,1126,1696,804,6,149969,11997,2083,1127,1765,2081,1124,1691,99,100,0,601,2103
revised1tas1libquantum,342,138,2079,1126,1709,809,6,149970,11997,2082,1126,1759,2079,1124,1691,98,100,0,601,2109
revised1tas1libquantum,342,139,2082,1126,1696,815,6,149974,11997,2083,1127,1762,2079,1123,1692,98,100,0,601,2112
revised1tas1libquantum,342,140,2080,1125,1696,821,6,149986,11998,2083,1127,1762,2080,1123,1690,99,100,0,601,2100
revised1tas1libquantum,342,141,2079,1125,1702,827,6,149977,11998,2082,1126,1767,2079,1124,1690,98,100,0,601,2106
revised1tas1libquantum,342,142,2080,1126,1694,833,6,149979,11998,2081,1127,1757,2078,1124,1689,98,100,0,601,2114
revised1tas1libquantum,342,143,2079,1126,1693,838,6,149990,11999,2082,1127,1761,2079,1124,1690,99,100,0,601,2100
revised1tas1libquantum,342,144,2080,1125,1703,844,6,149982,11998,2083,1127,1764,2078,1123,1689,98,100,0,601,2112
revised1tas1libquantum,342,145,2080,1125,1705,850,6,149985,11998,2083,1126,1763,2080,1124,1693,98,100,0,601,2109
revised1tas1libquantum,342,146,2081,1126,1693,856,6,149986,11998,2081,1127,1760,2079,1124,1692,98,100,0,601,2112
revised1tas1libquantum,342,147,2079,1126,1698,861,6,149987,11999,2081,1126,1755,2078,1124,1693,99,100,0,601,2100
revised1tas1libquantum,342,148,2082,1126,1700,867,6,149991,11999,2083,1127,1760,2079,1124,1693,98,100,0,601,2123
revised1tas1libquantum,342,149,2086,1126,1694,873,6,149995,11999,2086,1127,1764,2082,1124,1692,98,100,0,601,2123
revised1tas1libquantum,342,150,2082,1125,1695,879,7,149997,11999,2086,1126,1772,2082,1124,1692,99,100,0,601,2103
revised1tas1libquantum,342,151,2081,1126,1703,885,7,149999,11999,2083,1126,1763,2081,1123,1692,98,100,0,601,2109
revised1tas1libquantum,342,152,2079,1124,1689,891,7,150010,12000,2083,1127,1752,2079,1124,1687,98,100,0,601,2109
revised1tas1libquantum,342,153,2077,1125,1696,896,7,150009,12000,2080,1127,1757,2076,1124,1684,98,100,0,601,2109
revised1tas1libquantum,342,154,2075,1126,1687,902,7,149998,11999,2077,1127,1754,2073,1124,1685,99,100,0,600,2092
revised1tas1libquantum,342,155,2074,1126,1701,908,7,149996,11999,2075,1127,1753,2072,1125,1683,97,100,0,600,2117
revised1tas1libquantum,342,156,2074,1126,1686,914,7,149995,11999,2076,1127,1761,2071,1125,1683,98,100,0,601,2103
revised1tas1libquantum,342,157,2073,1126,1684,919,7,150002,12000,2074,1127,1750,2072,1124,1682,99,100,0,601,2092
revised1tas1libquantum,342,158,2070,1126,1698,925,7,149990,11999,2074,1127,1752,2070,1125,1683,98,100,0,601,2097
revised1tas1libquantum,342,159,2075,1125,1690,931,7,149989,11999,2075,1126,1757,2070,1124,1683,98,100,0,601,2112
revised1tas1libquantum,342,160,2075,1126,1686,937,7,149988,11999,2076,1126,1766,2071,1124,1684,99,100,0,601,2095
revised1tas1libquantum,342,161,2071,1125,1691,943,7,149985,11998,2075,1127,1761,2071,1124,1685,98,100,0,601,2095
revised1tas1libquantum,342,162,2072,1125,1691,948,7,149983,11998,2073,1126,1754,2071,1124,1686,98,100,0,601,2100
revised1tas1libquantum,342,163,2071,1124,1701,954,7,149981,11998,2072,1126,1756,2069,1123,1683,98,100,0,601,2100
revised1tas1libquantum,342,164,2074,1125,1696,960,7,149989,11999,2074,1125,1764,2071,1122,1688,98,100,0,601,2103
revised1tas1libquantum,342,165,2072,1123,1735,966,7,149978,11998,2075,1125,1755,2071,1122,1687,99,100,0,601,2092
revised1tas1libquantum,342,166,2073,1124,1696,971,7,149977,11998,2074,1125,1756,2072,1122,1688,98,100,0,601,2100
revised1tas1libquantum,342,167,2073,1124,1700,977,7,149975,11998,2074,1125,1756,2072,1122,1687,98,100,0,601,2100
revised1tas1libquantum,342,168,2073,1123,1691,983,7,149973,11997,2073,1125,1766,2072,1122,1687,98,100,0,601,2114
revised1tas1libquantum,342,169,2073,1122,1694,989,7,149971,11997,2074,1124,1761,2070,1121,1688,99,100,0,601,2092
revised1tas1libquantum,342,170,2072,1121,1697,994,7,149969,11997,2074,1124,1759,2071,1121,1689,98,100,0,601,2103
revised1tas1libquantum,342,171,2072,1123,1697,1000,8,149968,11997,2075,1124,1759,2071,1120,1689,98,100,0,601,2109
revised1tas1libquantum,342,172,2072,1123,1693,1006,8,149966,11997,2074,1125,1756,2071,1121,1689,98,100,0,601,2100
revised1tas1libquantum,342,173,2072,1125,1695,1012,8,149964,11997,2074,1125,1760,2070,1122,1687,98,100,0,601,2109
revised1tas1libquantum,342,174,2071,1124,1691,1018,8,149962,11997,2073,1125,1754,2071,1122,1687,98,100,0,601,2092
revised1tas1libquantum,342,175,2073,1124,1701,1023,8,149961,11996,2073,1125,1759,2070,1122,1685,98,100,0,601,2109
revised1tas1libquantum,342,176,2075,1125,1699,1029,8,149960,11996,2075,1125,1754,2071,1123,1684,98,100,0,601,2114
revised1tas1libquantum,342,177,2075,1125,1691,1035,8,149960,11996,2076,1126,1756,2073,1124,1685,98,100,0,601,2103
revised1tas1libquantum,342,178,2073,1125,1687,1041,8,149958,11996,2075,1126,1758,2073,1122,1686,98,100,0,601,2097
revised1tas1libquantum,342,179,2072,1125,1698,1047,8,149956,11996,2074,1125,1757,2071,1121,1686,98,100,0,601,2109
revised1tas1libquantum,342,180,2073,1125,1695,1052,8,149963,11997,2074,1125,1764,2072,1122,1686,98,100,0,601,2097
revised1tas1libquantum,342,181,2073,1125,1696,1058,8,149954,11996,2074,1126,1765,2071,1123,1686,98,100,0,601,2103
revised1tas1libquantum,342,182,2072,1124,1691,1064,8,149952,11996,2074,1126,1757,2071,1122,1684,99,100,0,601,2092
revised1tas1libquantum,342,183,2075,1125,1687,1070,8,149952,11996,2075,1125,1756,2072,1123,1686,98,100,0,601,2109
revised1tas1libquantum,342,184,2072,1126,1698,1075,8,149950,11996,2076,1126,1765,2071,1123,1686,98,100,0,601,2106
revised1tas1libquantum,342,185,2073,1124,1696,1081,8,149949,11995,2076,1126,1757,2072,1123,1684,98,100,0,601,2106
revised1tas1libquantum,342,186,2072,1125,1691,1087,8,149955,11996,2074,1125,1758,2070,1123,1685,98,100,0,601,2114
revised1tas1libquantum,342,187,2071,1124,1690,1093,8,149945,11995,2073,1125,1756,2070,1123,1685,98,100,0,601,2092
revised1tas1libquantum,342,188,2073,1125,1697,1098,8,149944,11995,2074,1125,1758,2070,1123,1684,98,100,0,600,2103
revised1tas1libquantum,342,189,2070,1124,1693,1104,8,149942,11995,2075,1125,1756,2070,1122,1686,98,100,0,600,2097
revised1tas1libquantum,342,190,2072,1123,1694,1110,8,149941,11995,2072,1125,1757,2070,1122,1687,98,100,0,600,2109
revised1tas1libquantum,342,191,2074,1123,1689,1116,8,149940,11995,2075,1125,1756,2071,1122,1687,98,100,0,600,2109
revised1tas1libquantum,342,192,2073,1125,1692,1121,8,149939,11995,2076,1125,1754,2073,1122,1688,99,100,0,601,2092
revised1tas1libquantum,342,193,2071,1125,1701,1127,9,149937,11995,2074,1125,1754,2071,1123,1685,98,100,0,601,2095
revised1tas1libquantum,342,194,2071,1125,1694,1133,9,149936,11994,2073,1126,1756,2070,1124,1687,98,100,0,601,2109
revised1tas1libquantum,342,195,2072,1123,1699,1139,9,149935,11994,2073,1125,1754,2071,1122,1688,98,100,0,601,2103
revised1tas1libquantum,342,196,2073,1125,1688,1145,9,149933,11994,2073,1126,1758,2070,1123,1686,98,100,0,601,2100
revised1tas1libquantum,342,197,2069,1123,1713,1150,9,149931,11994,2073,1125,1746,2069,1123,1686,98,100,0,601,2092
revised1tas1libquantum,342,198,2071,1125,1697,1156,9,149929,11994,2073,1125,1756,2069,1122,1688,98,100,0,601,2100
revised1tas1libquantum,342,199,2071,1125,1696,1162,9,149927,11994,2072,1126,1755,2069,1122,1684,98,100,0,601,2097
revised1tas1libquantum,342,200,2073,1124,1699,1168,9,149926,11994,2073,1126,1758,2070,1123,1686,98,100,0,601,2103
revised1tas1libquantum,342,201,2072,1124,1688,1174,9,149924,11993,2074,1125,1761,2071,1122,1686,98,100,0,601,2095
revised1tas1libquantum,342,202,2070,1124,1704,1179,9,149923,11993,2073,1125,1755,2070,1123,1686,98,100,0,601,2092
revised1tas1libquantum,342,203,2070,1124,1696,1185,9,149921,11993,2072,1125,1755,2070,1123,1684,98,100,0,601,2103
revised1tas1libquantum,342,204,2071,1124,1696,1191,9,149919,11993,2072,1125,1749,2070,1123,1686,98,100,0,601,2109
revised1tas1libquantum,342,205,2072,1125,1687,1197,9,149918,11993,2072,1126,1756,2069,1123,1685,98,100,0,601,2103
revised1tas1libquantum,342,206,2071,1124,1690,1202,9,149916,11993,2072,1125,1747,2071,1122,1687,98,100,0,601,2092
revised1tas1libquantum,342,207,2070,1124,1686,1208,9,149914,11993,2071,1125,1747,2069,1123,1684,98,100,0,601,2095
revised1tas1libquantum,342,208,2070,1124,1752,1214,9,149913,11993,2072,1126,1753,2070,1123,1685,98,100,0,601,2097
revised1tas1libquantum,342,209,2073,1122,1691,1220,9,149912,11992,2073,1126,1759,2069,1121,1686,98,100,0,601,2112
revised1tas1libquantum,342,210,2071,1124,1694,1226,9,149910,11992,2074,1124,1756,2071,1121,1686,99,100,0,601,2089
revised1tas1libquantum,342,211,2071,1122,1702,1231,9,149915,11993,2072,1124,1757,2068,1122,1687,98,100,0,601,2097
revised1tas1libquantum,342,212,2072,1122,1694,1237,9,149907,11992,2073,1124,1754,2069,1121,1687,98,100,0,601,2100
revised1tas1libquantum,342,213,2072,1123,1689,1243,9,149905,11992,2073,1124,1755,2068,1121,1688,98,100,0,601,2095
revised1tas1libquantum,342,214,2071,1123,1693,1248,9,149911,11992,2075,1124,1755,2071,1122,1688,98,100,0,601,2092
revised1tas1libquantum,342,215,2072,1123,1703,1254,10,149910,11992,2073,1124,1760,2071,1121,1687,98,100,0,600,2103
revised1tas1libquantum,342,216,2072,1124,1707,1260,10,149903,11992,2075,1124,1756,2072,1121,1687,98,100,0,600,2100
revised1tas1libquantum,342,217,2074,1123,1690,1266,10,149902,11992,2075,1124,1764,2072,1120,1688,98,100,0,600,2097
revised1tas1libquantum,342,218,2073,1122,1695,1272,10,149901,11992,2076,1124,1766,2073,1120,1688,99,100,0,600,2092
revised1tas1libquantum,342,219,2070,1122,1699,1277,10,149899,11991,2073,1123,1745,2070,1119,1689,98,100,0,600,2097
revised1tas1libquantum,342,220,2074,1121,1704,1283,10,149899,11991,2074,1124,1767,2070,1120,1687,98,100,0,600,2109
revised1tas1libquantum,342,221,2073,1123,1691,1289,10,149898,11991,2075,1123,1753,2071,1119,1689,98,100,0,600,2097
revised1tas1libquantum,342,222,2071,1124,1691,1295,10,149896,11991,2073,1125,1751,2070,1121,1685,98,100,0,600,2092
revised1tas1libquantum,342,223,2071,1123,1703,1301,10,149895,11991,2074,1124,1755,2070,1121,1686,98,100,0,600,2097
revised1tas1libquantum,342,224,2071,1122,1696,1306,10,149894,11991,2072,1124,1754,2070,1121,1686,98,100,0,600,2095
revised1tas1libquantum,342,225,2073,1122,1715,1312,10,149894,11991,2073,1123,1765,2071,1121,1689,98,100,0,600,2103
revised1tas1libquantum,342,226,2073,1123,1691,1318,10,149899,11991,2074,1124,1760,2072,1121,1688,98,100,0,600,2095
revised1tas1libquantum,342,227,2071,1122,1691,1324,10,149891,11991,2073,1124,1753,2070,1121,1686,98,100,0,600,2092
revised1tas1libquantum,342,228,2073,1125,1705,1329,10,149890,11991,2074,1126,1760,2071,1122,1685,98,100,0,600,2100
revised1tas1libquantum,342,229,2073,1125,1692,1335,10,149897,11991,2074,1126,1755,2072,1123,1687,98,100,0,599,2100
revised1tas1libquantum,342,230,2075,1123,1699,1341,10,149890,11991,2075,1126,1756,2072,1122,1685,98,100,0,600,2103
revised1tas1libquantum,342,231,2075,1125,1691,1347,10,149890,11991,2075,1126,1757,2073,1123,1686,98,100,0,600,2103
revised1tas1libquantum,342,232,2073,1125,1686,1353,10,149889,11991,2076,1126,1754,2073,1123,1685,98,100,0,600,2097
revised1tas1libquantum,342,233,2072,1123,1698,1358,10,149888,11991,2075,1126,1756,2072,1121,1686,98,100,0,600,2103
revised1tas1libquantum,342,234,2072,1123,1699,1364,10,149887,11990,2072,1124,1757,2070,1121,1689,98,100,0,600,2112
revised1tas1libquantum,342,235,2075,1122,1691,1370,10,149886,11990,2075,1124,1761,2072,1121,1689,98,100,0,600,2103
revised1tas1libquantum,342,236,2074,1122,1692,1375,11,149886,11990,2076,1123,1757,2073,1121,1689,99,100,0,600,2092
revised1tas1libquantum,342,237,2073,1123,1702,1381,11,149886,11990,2076,1123,1760,2072,1121,1688,98,100,0,600,2095
revised1tas1libquantum,342,238,2074,1123,1693,1387,11,149885,11990,2077,1124,1757,2073,1121,1690,98,100,0,600,2097
revised1tas1libquantum,342,239,2072,1122,1700,1393,11,149884,11990,2074,1124,1749,2071,1122,1686,98,100,0,600,2100
revised1tas1libquantum,342,240,2073,1123,1707,1399,11,149884,11990,2074,1123,1767,2071,1121,1688,98,100,0,600,2100
revised1tas1libquantum,342,241,2073,1123,1693,1404,11,149883,11990,2075,1123,1766,2072,1121,1687,98,100,0,600,2095
revised1tas1libquantum,342,242,2075,1122,1701,1410,11,149884,11990,2077,1123,1759,2073,1121,1690,98,100,0,599,2114
revised1tas1libquantum,342,243,2075,1123,1701,1416,11,149884,11990,2076,1123,1760,2072,1121,1689,98,100,0,600,2112
revised1tas1libquantum,342,244,2075,1122,1731,1422,11,149883,11990,2075,1123,1764,2072,1120,1688,98,100,0,600,2103
revised1tas1libquantum,342,245,2076,1122,1694,1428,11,149883,11990,2077,1123,1761,2073,1121,1690,99,100,0,600,2095
revised1tas1libquantum,342,246,2073,1122,1692,1433,11,149882,11990,2076,1125,1768,2073,1121,1688,99,100,0,600,2092
revised1tas1libquantum,342,247,2075,1123,1709,1439,11,149883,11990,2076,1123,1760,2072,1121,1690,98,100,0,600,2103
revised1tas1libquantum,342,248,2075,1121,1761,1445,11,149883,11990,2078,1124,1767,2075,1120,1689,98,100,0,600,2100
revised1tas1libquantum,342,249,2076,1121,1710,1451,11,149889,11991,2076,1122,1763,2073,1119,1691,98,100,0,599,2106
revised1tas1libquantum,342,250,2076,1121,1694,1457,11,149889,11991,2077,1122,1760,2074,1119,1691,98,100,0,599,2103
revised1tas1libquantum,342,251,2076,1121,1696,1462,11,149889,11991,2077,1122,1762,2075,1119,1690,98,100,0,600,2103
revised1tas1libquantum,342,252,2073,1121,1703,1468,11,149883,11990,2076,1123,1758,2073,1120,1689,98,100,0,600,2095
revised1tas1libquantum,342,253,2075,1121,1704,1474,11,149889,11991,2075,1122,1770,2072,1120,1690,98,100,0,600,2109
revised1tas1libquantum,342,254,2077,1122,1693,1480,11,149883,11990,2077,1123,1768,2073,1120,1690,98,100,0,600,2114
revised1tas1libquantum,342,255,2075,1122,1691,1486,11,149883,11990,2078,1123,1761,2075,1120,1690,99,100,0,600,2095
revised1tas1libquantum,342,256,2073,1122,1693,1491,11,149882,11990,2076,1123,1759,2073,1120,1690,98,100,0,600,2095
revised1tas1libquantum,342,257,2071,1122,1702,1497,11,149881,11990,2074,1123,1757,2071,1120,1689,98,100,0,600,2095
revised1tas1libquantum,342,258,2073,1121,1700,1503,12,149881,11990,2073,1122,1754,2070,1120,1689,98,100,0,599,2109
revised1tas1libquantum,342,259,2074,1121,1708,1508,12,149880,11990,2074,1122,1760,2072,1120,1690,98,100,0,600,2100
revised1tas1libquantum,342,260,2073,1122,1693,1514,12,149880,11990,2076,1123,1761,2073,1120,1689,98,100,0,599,2103
revised1tas1libquantum,342,261,2070,1122,1691,1520,12,149878,11990,2073,1124,1744,2070,1121,1689,98,100,0,600,2092
revised1tas1libquantum,342,262,2073,1123,1694,1526,12,149878,11990,2074,1124,1763,2070,1121,1688,98,100,0,600,2112
revised1tas1libquantum,342,263,2072,1122,1720,1532,12,149877,11990,2074,1124,1760,2070,1121,1688,98,100,0,600,2106
revised1tas1libquantum,342,264,2075,1124,1690,1537,12,149877,11990,2075,1124,1759,2071,1122,1689,98,100,0,600,2114
revised1tas1libquantum,342,265,2073,1123,1693,1543,12,149876,11990,2075,1125,1760,2072,1123,1688,98,100,0,600,2095
revised1tas1libquantum,342,266,2073,1125,1688,1549,12,149876,11990,2076,1125,1768,2073,1122,1687,99,100,0,600,2092
revised1tas1libquantum,342,267,2071,1124,1700,1555,12,149875,11990,2076,1125,1758,2071,1123,1687,98,100,0,601,2092
revised1tas1libquantum,342,268,2072,1124,1695,1561,12,149875,11990,2074,1125,1757,2071,1123,1687,98,100,0,601,2103
revised1tas1libquantum,342,269,2074,1124,1700,1566,12,149874,11989,2074,1125,1758,2070,1123,1686,98,100,0,601,2114
revised1tas1libquantum,342,270,2075,1124,1688,1572,12,149874,11989,2076,1125,1759,2073,1122,1686,98,100,0,601,2109
revised1tas1libquantum,342,271,2072,1124,1694,1578,12,149873,11989,2075,1125,1758,2072,1122,1686,99,100,0,601,2092
revised1tas1libquantum,342,272,2070,1124,1698,1584,12,149872,11989,2074,1124,1753,2070,1121,1688,98,100,0,601,2095
revised1tas1libquantum,342,273,2071,1124,1698,1589,12,149877,11990,2072,1125,1757,2070,1122,1685,98,100,0,601,2097
revised1tas1libquantum,342,274,2072,1124,1696,1595,12,149871,11989,2073,1124,1757,2071,1121,1687,98,100,0,601,2097
revised1tas1libquantum,342,275,2072,1123,1695,1601,12,149870,11989,2073,1124,1761,2071,1121,1688,98,100,0,601,2103
revised1tas1libquantum,342,276,2071,1124,1689,1607,12,149869,11989,2072,1124,1756,2069,1122,1686,98,100,0,601,2095
revised1tas1libquantum,342,277,2071,1122,1692,1613,12,149867,11989,2071,1124,1749,2070,1121,1688,98,100,0,601,2097
revised1tas1libquantum,342,278,2073,1122,1701,1618,12,149867,11989,2074,1124,1764,2070,1122,1686,98,100,0,601,2103
revised1tas1libquantum,342,279,2073,1123,1707,1624,12,149867,11989,2074,1124,1759,2072,1120,1689,98,100,0,601,2097
revised1tas1libquantum,342,280,2076,1123,1695,1630,13,149867,11989,2076,1125,1760,2073,1120,1689,98,100,0,601,2112
revised1tas1libquantum,342,281,2073,1126,1684,1636,13,149866,11989,2076,1127,1755,2072,1122,1684,98,100,0,601,2100
revised1tas1libquantum,342,282,2071,1128,1684,1641,13,149865,11989,2075,1128,1757,2071,1124,1681,98,100,0,601,2092
revised1tas1libquantum,342,283,2071,1127,1693,1647,13,149865,11989,2073,1128,1752,2070,1125,1679,98,100,0,601,2100
revised1tas1libquantum,342,284,2069,1127,1691,1653,13,149863,11989,2072,1128,1740,2069,1126,1681,98,100,0,601,2097
revised1tas1libquantum,342,285,2072,1126,1707,1659,13,149862,11989,2073,1128,1752,2068,1125,1682,98,100,0,600,2095
revised1tas1libquantum,342,286,2073,1127,1686,1664,13,149862,11988,2075,1128,1750,2070,1125,1683,98,100,0,600,2095
revised1tas1libquantum,342,287,2072,1127,1689,1670,13,149861,11988,2074,1127,1749,2072,1125,1683,98,100,0,600,2106
revised1tas1libquantum,342,288,2071,1126,1689,1676,13,149861,11988,2075,1128,1754,2071,1125,1682,98,100,0,600,2097
revised1tas1libquantum,342,289,2071,1126,1697,1682,13,149860,11988,2073,1128,1752,2070,1125,1682,98,100,0,600,2100
revised1tas1libquantum,342,290,2072,1127,1686,1688,13,149859,11988,2074,1128,1749,2070,1125,1683,98,100,0,600,2100
revised1tas1libquantum,342,291,2072,1126,1694,1693,13,149858,11988,2074,1128,1751,2070,1125,1681,99,100,0,600,2092
revised1tas1libquantum,342,292,2071,1127,1697,1699,13,149858,11988,2075,1128,1756,2071,1125,1683,98,100,0,600,2100
revised1tas1libquantum,342,293,2071,1127,1693,1705,13,149857,11988,2072,1128,1744,2071,1125,1682,98,100,0,600,2097
revised1tas1libquantum,342,294,2072,1125,1711,1711,13,149856,11988,2073,1127,1760,2070,1124,1681,98,100,0,600,2103
revised1tas1libquantum,342,295,2076,1127,1685,1716,13,149856,11988,2076,1128,1757,2071,1125,1683,98,100,0,600,2103
revised1tas1libquantum,342,296,2072,1127,1693,1722,13,149855,11988,2076,1128,1753,2072,1126,1682,99,100,0,599,2092
revised1tas1libquantum,342,297,2074,1127,1687,1728,13,149855,11988,2074,1128,1752,2072,1126,1683,98,100,0,600,2109
revised1tas1libquantum,342,298,2075,1127,1697,1734,13,149856,11988,2076,1129,1754,2074,1126,1683,98,100,0,600,2106
revised1tas1libquantum,342,299,2074,1127,1691,1740,13,149855,11988,2076,1129,1739,2071,1126,1680,98,100,0,600,2103
revised1tas1libquantum,342,300,2074,1129,1681,1745,13,149855,11988,2075,1130,1751,2072,1125,1681,99,100,0,600,2092
revised1tas1libquantum,342,301,2073,1129,1683,1751,14,149854,11988,2077,1130,1752,2073,1127,1680,98,100,0,600,2095
revised1tas1libquantum,342,302,2072,1128,1692,1757,14,149859,11988,2074,1130,1749,2070,1128,1680,98,100,0,600,2112
revised1tas1libquantum,342,303,2075,1127,1693,1763,14,149854,11988,2075,1130,1751,2072,1127,1680,98,100,0,600,2106
revised1tas1libquantum,342,304,2074,1128,1682,1768,14,149854,11988,2076,1129,1750,2072,1127,1681,98,100,0,600,2106
revised1tas1libquantum,342,305,2074,1128,1684,1774,14,149853,11988,2075,1129,1752,2072,1127,1680,98,100,0,600,2103
revised1tas1libquantum,342,306,2072,1128,1684,1780,14,149857,11988,2074,1129,1745,2072,1126,1679,98,100,0,600,2097
revised1tas1libquantum,342,307,2072,1128,1693,1786,14,149852,11988,2074,1129,1753,2071,1126,1677,98,100,0,599,2106
revised1tas1libquantum,342,308,2072,1128,1694,1791,14,149851,11988,2074,1129,1749,2071,1126,1681,98,100,0,600,2109
revised1tas1libquantum,342,309,2076,1128,1690,1797,14,149857,11988,2076,1129,1750,2072,1126,1679,98,100,0,600,2117
revised1tas1libquantum,342,310,2072,1129,1699,1803,14,149851,11988,2076,1129,1751,2071,1127,1680,99,100,0,600,2092
revised1tas1libquantum,342,311,2070,1128,1692,1809,14,149850,11988,2074,1130,1748,2070,1126,1680,98,100,0,600,2095
revised1tas1libquantum,342,312,2072,1126,1749,1815,14,149850,11988,2074,1129,1753,2070,1126,1680,98,100,0,600,2103
revised1tas1libquantum,342,313,2073,1127,1697,1820,14,149850,11988,2074,1128,1751,2072,1125,1684,98,100,0,600,2103
revised1tas1libquantum,342,314,2073,1127,1686,1826,14,149849,11987,2075,1127,1751,2070,1125,1683,98,100,0,600,2100
revised1tas1libquantum,342,315,2072,1127,1703,1832,14,149853,11988,2073,1128,1745,2070,1125,1682,98,100,0,600,2100
revised1tas1libquantum,342,316,2073,1128,1696,1838,14,149853,11988,2074,1129,1750,2072,1126,1682,98,100,0,600,2106
revised1tas1libquantum,342,317,2074,1127,1697,1844,14,149848,11987,2074,1129,1753,2071,1127,1682,98,100,0,599,2112
revised1tas1libquantum,342,318,2074,1129,1684,1849,14,149847,11987,2075,1129,1752,2071,1126,1680,98,100,0,600,2097
revised1tas1libquantum,342,319,2073,1127,1683,1855,14,149852,11988,2074,1129,1753,2072,1126,1680,98,100,0,600,2103
revised1tas1libquantum,342,320,2072,1127,1694,1861,14,149851,11988,2074,1128,1754,2072,1126,1681,98,100,0,600,2100
revised1tas1libquantum,342,321,2073,1127,1690,1867,14,149846,11987,2073,1128,1756,2072,1126,1682,98,100,0,600,2103
revised1tas1libquantum,342,322,2075,1127,1690,1873,14,149851,11988,2075,1128,1753,2072,1125,1682,98,100,0,600,2103
revised1tas1libquantum,342,323,2075,1128,1689,1878,15,149846,11987,2076,1129,1751,2072,1127,1679,98,100,0,600,2100
revised1tas1libquantum,342,324,2073,1127,1683,1884,15,149845,11987,2075,1129,1747,2073,1127,1681,98,100,0,600,2095
revised1tas1libquantum,342,325,2071,1128,1697,1890,15,149845,11987,2074,1129,1747,2070,1127,1680,98,100,0,600,2109
revised1tas1libquantum,342,326,2073,1128,1690,1895,15,149845,11987,2075,1129,1745,2071,1126,1682,98,100,0,600,2103
revised1tas1libquantum,342,327,2076,1128,1687,1901,15,149845,11987,2076,1129,1754,2072,1127,1682,98,100,0,600,2106
revised1tas1libquantum,342,328,2072,1127,1690,1907,15,149844,11987,2076,1129,1756,2072,1125,1681,98,100,0,599,2095
revised1tas1libquantum,342,329,2074,1127,1692,1913,15,149844,11987,2076,1128,1763,2072,1125,1683,98,100,0,600,2103
revised1tas1libquantum,342,330,2077,1127,1686,1919,15,149845,11987,2077,1127,1751,2074,1125,1683,98,100,0,600,2112
revised1tas1libquantum,342,331,2074,1127,1685,1924,15,149845,11987,2077,1127,1759,2073,1124,1683,98,100,0,599,2097
revised1tas1libquantum,342,332,2074,1127,1694,1930,15,149845,11987,2076,1127,1760,2074,1125,1684,98,100,0,600,2100
revised1tas1libquantum,342,333,2074,1126,1689,1936,15,149845,11987,2076,1127,1754,2073,1125,1684,98,100,0,600,2103
revised1tas1libquantum,342,334,2074,1129,1689,1942,15,149845,11987,2077,1130,1754,2073,1125,1679,98,100,0,600,2103
revised1tas1libquantum,342,335,2074,1129,1692,1948,15,149844,11987,2076,1130,1757,2072,1127,1678,98,100,0,600,2112
revised1tas1libquantum,342,336,2072,1129,1683,1953,15,149848,11987,2075,1130,1748,2070,1128,1677,98,100,0,600,2103
revised1tas1libquantum,342,337,2069,1128,1681,1959,15,149842,11987,2072,1130,1757,2069,1126,1678,98,100,0,600,2092
revised1tas1libquantum,342,338,2070,1128,1695,1965,15,149841,11987,2071,1129,1745,2068,1127,1678,98,100,0,600,2106
revised1tas1libquantum,342,339,2165,1129,1771,1971,15,149854,11988,2166,1130,1784,2070,1127,1679,98,100,0,600,2197
revised1tas1libquantum,342,340,2092,1128,1725,1977,15,149865,11989,2165,1130,1780,2092,1127,1687,98,100,0,600,2117
revised1tas1libquantum,342,341,2150,1128,1750,1983,15,149877,11990,2150,1129,1753,2091,1127,1686,98,100,0,600,2177
Processed 342 lines from power meter
There were 0 errors in reading from the meter
