RunId,NumDataLines,SeqNum,Watts,Amps,WattHours,Cost,MoKWh,MoCost,MaxWatts,MaxVolts,MaxAmps,MinWatts,MinVolts,MinAmps,Factor,DutyCycle,PowerCycle
revised4ulemix#,139,0,2205,1136,1810,11,0,147804,11824,2205,1138,1835,1815,1134,1426,97,100,0,600,2262
revised4ulemix#,139,1,2220,1137,1799,17,0,152629,12210,2220,1137,1826,2205,1133,1729,98,100,0,600,2254
revised4ulemix#,139,2,2234,1136,1819,23,0,154460,12356,2234,1137,1844,2220,1134,1736,97,100,0,600,2288
revised4ulemix#,139,3,2229,1136,1783,29,0,156061,12484,2237,1137,1841,2229,1135,1747,98,100,0,600,2257
revised4ulemix#,139,4,2215,1137,1778,36,0,156395,12511,2229,1137,1824,2215,1134,1752,98,100,0,600,2240
revised4ulemix#,139,5,2220,1136,1798,42,0,156961,12556,2220,1137,1833,2214,1133,1762,98,100,0,600,2251
revised4ulemix#,139,6,2219,1136,1788,48,0,157373,12589,2220,1137,1832,2219,1133,1763,98,100,0,600,2242
revised4ulemix#,139,7,2224,1137,1804,54,0,157734,12618,2224,1137,1830,2219,1134,1763,98,100,0,600,2262
revised4ulemix#,139,8,2233,1136,1800,60,0,158107,12648,2233,1137,1836,2224,1135,1772,98,100,0,600,2265
revised4ulemix#,139,9,2224,1137,1794,67,0,158307,12664,2233,1137,1830,2223,1134,1761,98,100,0,600,2257
revised4ulemix#,139,10,2226,1137,1793,73,0,158512,12680,2226,1138,1833,2223,1135,1773,98,100,0,600,2257
revised4ulemix#,139,11,2217,1138,1760,79,0,158631,12690,2227,1138,1835,2217,1136,1760,100,100,0,600,2217
revised4ulemix#,139,12,2224,1136,1806,85,0,158767,12701,2224,1138,1829,2208,1135,1735,98,100,0,600,2259
revised4ulemix#,139,13,2233,1137,1807,91,0,158952,12716,2234,1137,1833,2224,1135,1767,98,100,0,600,2268
revised4ulemix#,139,14,2233,1136,1810,98,0,159095,12727,2234,1137,1829,2232,1135,1767,98,100,0,600,2265
revised4ulemix#,139,15,2236,1136,1807,104,0,159238,12739,2237,1137,1833,2232,1135,1774,98,100,0,600,2262
revised4ulemix#,139,16,2236,1136,1804,110,0,159361,12748,2237,1137,1832,2235,1135,1775,98,100,0,600,2265
revised4ulemix#,139,17,2235,1136,1807,116,0,159462,12756,2236,1137,1828,2233,1135,1773,98,100,0,600,2262
revised4ulemix#,139,18,2238,1135,1807,123,0,159655,12772,2239,1137,1834,2235,1135,1776,98,100,0,600,2271
revised4ulemix#,139,19,2234,1138,1802,129,1,159648,12771,2238,1138,1829,2233,1135,1773,98,100,0,600,2265
revised4ulemix#,139,20,2237,1136,1804,135,1,159736,12778,2237,1138,1834,2233,1135,1771,98,100,0,599,2268
revised4ulemix#,139,21,2233,1137,1801,141,1,159802,12784,2237,1138,1833,2233,1135,1768,98,100,0,600,2257
revised4ulemix#,139,22,2235,1137,1792,147,1,159870,12789,2235,1138,1832,2233,1136,1768,98,100,0,600,2268
revised4ulemix#,139,23,2238,1137,1822,154,1,159946,12795,2239,1138,1831,2235,1136,1765,99,100,0,600,2259
revised4ulemix#,139,24,2236,1137,1813,160,1,160006,12800,2239,1138,1833,2236,1136,1772,98,100,0,600,2265
revised4ulemix#,139,25,2238,1137,1798,166,1,160065,12805,2238,1138,1831,2236,1136,1774,98,100,0,600,2265
revised4ulemix#,139,26,2234,1137,1806,172,1,160107,12808,2238,1138,1830,2233,1136,1768,98,100,0,599,2265
revised4ulemix#,139,27,2238,1138,1802,179,1,160161,12812,2238,1138,1834,2233,1136,1769,98,100,0,600,2271
revised4ulemix#,139,28,2240,1138,1804,185,1,160267,12821,2240,1138,1833,2237,1136,1773,98,100,0,600,2271
revised4ulemix#,139,29,2242,1138,1819,191,1,160267,12821,2242,1138,1831,2238,1136,1771,98,100,0,600,2285
revised4ulemix#,139,30,2241,1138,1804,197,1,160315,12825,2243,1139,1831,2240,1136,1776,98,100,0,599,2271
revised4ulemix#,139,31,2241,1136,1803,203,1,160361,12828,2242,1139,1831,2238,1136,1767,99,100,0,599,2262
revised4ulemix#,139,32,2238,1137,1819,210,1,160398,12831,2241,1138,1830,2238,1135,1774,98,100,0,600,2265
revised4ulemix#,139,33,2241,1137,1816,216,1,160441,12835,2241,1138,1832,2238,1136,1773,98,100,0,600,2271
revised4ulemix#,139,34,2239,1137,1811,222,1,160474,12837,2241,1138,1832,2239,1136,1772,98,100,0,600,2265
revised4ulemix#,139,35,2244,1136,1812,228,1,160518,12841,2244,1138,1830,2239,1135,1777,98,100,0,600,2279
revised4ulemix#,139,36,2244,1137,1806,235,1,160557,12844,2245,1138,1832,2243,1135,1776,98,100,0,600,2271
revised4ulemix#,139,37,2245,1137,1815,241,1,160599,12847,2247,1138,1834,2244,1136,1773,98,100,0,600,2274
revised4ulemix#,139,38,2247,1138,1806,247,1,160640,12851,2247,1138,1839,2245,1135,1772,98,100,0,600,2282
revised4ulemix#,139,39,2249,1137,1819,254,2,160685,12854,2249,1138,1835,2247,1135,1783,98,100,0,599,2282
revised4ulemix#,139,40,2252,1138,1819,260,2,160734,12858,2252,1138,1832,2249,1136,1787,98,100,0,600,2288
revised4ulemix#,139,41,2253,1138,1821,266,2,160779,12862,2253,1138,1832,2252,1136,1784,98,100,0,600,2285
revised4ulemix#,139,42,2254,1138,1822,272,2,160822,12865,2254,1138,1833,2252,1136,1783,98,100,0,600,2288
revised4ulemix#,139,43,2255,1138,1823,279,2,160869,12869,2256,1139,1830,2253,1136,1784,98,100,0,600,2288
revised4ulemix#,139,44,2258,1138,1814,285,2,160918,12873,2258,1139,1829,2255,1136,1789,98,100,0,600,2285
revised4ulemix#,139,45,2266,1138,1830,291,2,160979,12878,2266,1139,1843,2257,1137,1795,98,100,0,600,2308
revised4ulemix#,139,46,2268,1138,1832,298,2,161039,12883,2269,1139,1838,2266,1137,1798,99,100,0,600,2288
revised4ulemix#,139,47,2208,1139,1765,304,2,161051,12884,2270,1140,1853,2208,1137,1755,99,100,0,601,2220
revised4ulemix#,139,48,2223,1139,1799,310,2,161039,12883,2223,1139,1844,2203,1137,1751,97,100,0,601,2274
revised4ulemix#,139,49,2249,1139,1822,316,2,161079,12886,2249,1139,1845,2223,1137,1780,98,100,0,601,2291
revised4ulemix#,139,50,2259,1138,1791,323,2,161122,12889,2259,1139,1841,2249,1136,1791,98,100,0,601,2294
revised4ulemix#,139,51,2259,1139,1816,329,2,161159,12892,2260,1139,1837,2258,1137,1791,98,100,0,601,2285
revised4ulemix#,139,52,2210,1139,1813,335,2,161160,12892,2259,1140,1837,2201,1137,1752,96,100,0,601,2279
revised4ulemix#,139,53,2243,1139,1819,341,2,161190,12895,2243,1139,1835,2210,1137,1791,98,100,0,601,2288
revised4ulemix#,139,54,2252,1139,1820,348,2,161220,12897,2252,1139,1835,2243,1137,1789,98,100,0,601,2285
revised4ulemix#,139,55,2252,1138,1817,354,2,161244,12899,2252,1140,1835,2251,1137,1787,98,100,0,601,2285
revised4ulemix#,139,56,2255,1139,1818,360,2,161274,12901,2255,1140,1835,2252,1137,1788,98,100,0,601,2282
revised4ulemix#,139,57,2252,1140,1816,367,2,161296,12903,2255,1140,1831,2252,1138,1784,98,100,0,601,2282
revised4ulemix#,139,58,2254,1140,1825,373,2,161320,12905,2254,1140,1834,2252,1138,1787,98,100,0,601,2285
revised4ulemix#,139,59,2252,1137,1818,379,3,161369,12909,2255,1140,1832,2252,1137,1785,98,100,0,601,2277
revised4ulemix#,139,60,2252,1139,1811,385,3,161361,12908,2253,1140,1833,2250,1137,1778,98,100,0,601,2279
revised4ulemix#,139,61,2254,1138,1819,392,3,161385,12910,2255,1139,1837,2251,1137,1787,98,100,0,601,2279
revised4ulemix#,139,62,2252,1139,1816,398,3,161403,12912,2255,1139,1833,2251,1137,1787,98,100,0,601,2282
revised4ulemix#,139,63,2254,1139,1818,404,3,161424,12913,2254,1140,1837,2251,1137,1769,98,100,0,601,2282
revised4ulemix#,139,64,2254,1139,1791,410,3,161444,12915,2255,1140,1836,2253,1137,1786,98,100,0,601,2288
revised4ulemix#,139,65,2253,1138,1822,417,3,161463,12917,2254,1140,1833,2252,1138,1788,98,100,0,601,2282
revised4ulemix#,139,66,2257,1139,1821,423,3,161510,12920,2257,1140,1838,2253,1136,1793,98,100,0,601,2288
revised4ulemix#,139,67,2254,1139,1820,429,3,161528,12922,2257,1140,1835,2254,1137,1789,98,100,0,601,2279
revised4ulemix#,139,68,2259,1139,1832,436,3,161530,12922,2260,1139,1838,2254,1137,1795,98,100,0,601,2288
revised4ulemix#,139,69,2258,1137,1825,442,3,161574,12925,2261,1139,1836,2258,1137,1790,98,100,0,601,2285
revised4ulemix#,139,70,2261,1139,1828,448,3,161576,12926,2261,1139,1839,2258,1137,1796,98,100,0,601,2294
revised4ulemix#,139,71,2261,1138,1819,454,3,161600,12928,2263,1139,1840,2261,1137,1792,98,100,0,601,2285
revised4ulemix#,139,72,2259,1138,1820,461,3,161619,12929,2261,1139,1839,2258,1136,1790,98,100,0,601,2291
revised4ulemix#,139,73,2264,1138,1824,467,3,161667,12933,2265,1139,1840,2258,1137,1797,98,100,0,601,2288
revised4ulemix#,139,74,2262,1138,1821,473,3,161667,12933,2265,1139,1839,2261,1137,1786,98,100,0,601,2294
revised4ulemix#,139,75,2263,1139,1825,480,3,161690,12935,2264,1140,1839,2261,1137,1793,98,100,0,601,2296
revised4ulemix#,139,76,2263,1139,1796,486,3,161713,12937,2265,1140,1839,2263,1138,1796,98,100,0,601,2291
revised4ulemix#,139,77,2260,1138,1825,492,3,161730,12938,2263,1140,1835,2260,1137,1791,98,100,0,601,2291
revised4ulemix#,139,78,2267,1136,1836,499,3,161778,12942,2267,1138,1843,2260,1135,1799,98,100,0,601,2302
revised4ulemix#,139,79,2265,1140,1796,505,4,161799,12943,2267,1140,1837,2265,1135,1789,98,100,0,601,2294
revised4ulemix#,139,80,2271,1141,1834,511,4,161806,12944,2271,1141,1841,2264,1137,1796,98,100,0,601,2308
revised4ulemix#,139,81,2272,1139,1828,518,4,161834,12946,2273,1141,1840,2271,1138,1801,98,100,0,601,2302
revised4ulemix#,139,82,2272,1140,1835,524,4,161861,12948,2272,1141,1838,2271,1138,1802,98,100,0,601,2299
revised4ulemix#,139,83,2276,1140,1833,530,4,161911,12952,2277,1141,1840,2272,1138,1824,98,100,0,601,2305
revised4ulemix#,139,84,2273,1140,1827,537,4,161917,12953,2276,1141,1838,2273,1138,1822,98,100,0,601,2299
revised4ulemix#,139,85,2217,1139,1787,543,4,161939,12955,2276,1141,1842,2217,1138,1784,98,100,0,601,2245
revised4ulemix#,139,86,2218,1139,1799,549,4,161916,12953,2218,1141,1839,2208,1138,1745,97,100,0,601,2268
revised4ulemix#,139,87,2246,1139,1826,555,4,161923,12953,2246,1140,1841,2218,1138,1777,97,100,0,601,2299
revised4ulemix#,139,88,2260,1140,1824,562,4,161942,12955,2261,1141,1841,2246,1138,1795,98,100,0,601,2285
revised4ulemix#,139,89,2205,1141,1773,568,4,161941,12955,2261,1142,1832,2205,1139,1771,98,100,0,601,2231
revised4ulemix#,139,90,2260,1140,1817,574,4,161972,12957,2261,1142,1834,2205,1139,1773,99,100,0,600,2279
revised4ulemix#,139,91,2257,1139,1817,581,4,161982,12958,2261,1142,1834,2256,1138,1787,98,100,0,600,2285
revised4ulemix#,139,92,2232,1140,1777,587,4,161953,12956,2257,1141,1831,2232,1139,1773,100,100,0,601,2232
revised4ulemix#,139,93,2225,1141,1774,593,4,161936,12954,2232,1141,1821,2222,1139,1750,99,100,0,601,2240
revised4ulemix#,139,94,2148,1142,1728,599,4,161899,12951,2225,1143,1786,2148,1140,1725,98,100,0,601,2177
revised4ulemix#,139,95,2143,1141,1757,605,4,161826,12946,2148,1142,1767,2139,1140,1707,97,100,0,601,2197
revised4ulemix#,139,96,2131,1141,1711,611,4,161743,12939,2148,1142,1764,2131,1140,1707,99,100,0,600,2151
revised4ulemix#,139,97,2125,1142,1707,617,4,161658,12932,2131,1143,1723,2125,1140,1706,98,100,0,601,2151
revised4ulemix#,139,98,2124,1141,1721,623,4,161575,12926,2125,1142,1724,2123,1140,1707,98,100,0,601,2151
revised4ulemix#,139,99,2125,1141,1714,629,5,161495,12919,2125,1142,1721,2124,1140,1707,98,100,0,601,2163
revised4ulemix#,139,100,2126,1141,1717,635,5,161417,12913,2126,1142,1722,2125,1139,1707,98,100,0,601,2157
revised4ulemix#,139,101,2128,1141,1718,641,5,161343,12907,2128,1142,1721,2126,1140,1709,98,100,0,601,2157
revised4ulemix#,139,102,2129,1140,1717,646,5,161270,12901,2130,1142,1721,2128,1140,1710,98,100,0,601,2160
revised4ulemix#,139,103,2129,1141,1716,652,5,161199,12895,2130,1142,1719,2129,1140,1714,98,100,0,601,2160
revised4ulemix#,139,104,2129,1141,1717,658,5,161129,12890,2129,1142,1719,2129,1140,1714,98,100,0,600,2157
revised4ulemix#,139,105,2111,1142,1698,664,5,161047,12883,2129,1143,1740,2111,1140,1667,100,100,0,600,2111
revised4ulemix#,139,106,2124,1142,1710,670,5,160980,12878,2127,1142,1752,2110,1140,1691,99,100,0,600,2140
revised4ulemix#,139,107,2118,1140,1704,676,5,160906,12872,2124,1142,1719,2118,1140,1696,98,100,0,600,2149
revised4ulemix#,139,108,2117,1141,1705,682,5,160833,12866,2118,1142,1721,2116,1140,1700,98,100,0,600,2146
revised4ulemix#,139,109,2111,1142,1703,688,5,160769,12861,2117,1143,1725,2106,1140,1674,98,100,0,600,2146
revised4ulemix#,139,110,2114,1141,1704,694,5,160683,12854,2114,1142,1715,2111,1140,1701,98,100,0,600,2143
revised4ulemix#,139,111,2114,1140,1703,700,5,160612,12848,2114,1142,1715,2113,1140,1701,98,100,0,600,2143
revised4ulemix#,139,112,2114,1141,1703,706,5,160542,12843,2114,1142,1715,2113,1140,1701,98,100,0,600,2143
revised4ulemix#,139,113,2115,1140,1706,711,5,160474,12837,2115,1142,1716,2113,1139,1701,98,100,0,600,2143
revised4ulemix#,139,114,2116,1141,1708,717,5,160408,12832,2116,1143,1715,2114,1139,1702,98,100,0,600,2146
revised4ulemix#,139,115,2120,1140,1712,723,5,160360,12828,2120,1142,1720,2116,1139,1704,98,100,0,600,2160
revised4ulemix#,139,116,2124,1142,1713,729,5,160287,12823,2124,1142,1720,2120,1139,1707,98,100,0,600,2160
revised4ulemix#,139,117,2126,1141,1714,735,5,160232,12818,2126,1142,1718,2124,1139,1711,98,100,0,600,2157
revised4ulemix#,139,118,2127,1141,1713,741,5,160176,12814,2127,1142,1717,2126,1139,1712,98,100,0,600,2157
revised4ulemix#,139,119,2126,1141,1712,747,5,160121,12809,2127,1142,1716,2126,1140,1711,98,100,0,600,2154
revised4ulemix#,139,120,2126,1142,1712,753,6,160081,12806,2127,1142,1715,2126,1140,1711,98,100,0,600,2154
revised4ulemix#,139,121,2126,1142,1711,759,6,160027,12802,2126,1142,1715,2126,1140,1711,98,100,0,600,2154
revised4ulemix#,139,122,2127,1142,1713,765,6,159975,12798,2127,1143,1718,2126,1140,1711,98,100,0,600,2157
revised4ulemix#,139,123,2127,1141,1714,771,6,159912,12792,2127,1143,1742,2127,1140,1712,98,100,0,600,2157
revised4ulemix#,139,124,2135,1142,1725,776,6,159867,12789,2135,1142,1735,2127,1140,1712,98,100,0,600,2171
revised4ulemix#,139,125,2129,1142,1712,782,6,159818,12785,2136,1143,1725,2129,1141,1710,98,100,0,600,2154
revised4ulemix#,139,126,2104,1141,1694,788,6,159752,12780,2129,1143,1742,2104,1140,1669,98,100,0,600,2129
revised4ulemix#,139,127,2107,1141,1705,794,6,159693,12775,2107,1142,1729,2103,1139,1668,98,100,0,600,2146
revised4ulemix#,139,128,2112,1141,1702,800,6,159639,12771,2112,1143,1749,2107,1140,1696,98,100,0,600,2143
revised4ulemix#,139,129,2114,1140,1701,806,6,159588,12767,2118,1142,1729,2112,1139,1699,98,100,0,600,2143
revised4ulemix#,139,130,2112,1141,1700,812,6,159534,12762,2114,1142,1712,2112,1139,1698,98,100,0,601,2140
revised4ulemix#,139,131,2112,1141,1706,818,6,159493,12759,2112,1142,1716,2111,1139,1700,98,100,0,601,2143
revised4ulemix#,139,132,2049,1141,1660,824,6,159422,12753,2121,1142,1730,2049,1140,1645,98,100,0,601,2072
revised4ulemix#,139,133,2063,1141,1641,829,6,159358,12748,2064,1142,1721,2049,1140,1641,98,100,0,601,2089
revised4ulemix#,139,134,2040,1143,1639,835,6,159253,12740,2063,1143,1645,2040,1140,1637,99,100,0,601,2060
revised4ulemix#,139,135,2033,1142,1640,841,6,159161,12732,2040,1143,1649,2033,1141,1636,98,100,0,601,2060
revised4ulemix#,139,136,2032,1142,1630,846,6,159082,12726,2033,1143,1673,2031,1140,1629,98,100,0,601,2066
revised4ulemix#,139,137,2019,1143,1380,852,6,158969,12717,2032,1144,1692,2017,1140,1380,98,100,0,601,2043
revised4ulemix#,139,138,1695,1143,1373,857,6,158713,12697,2019,1144,1567,1695,1141,1371,98,100,0,601,1719
Processed 139 lines from power meter
There were 0 errors in reading from the meter
