RunId,NumDataLines,SeqNum,Watts,Amps,WattHours,Cost,MoKWh,MoCost,MaxWatts,MaxVolts,MaxAmps,MinWatts,MinVolts,MinAmps,Factor,DutyCycle,PowerCycle
revised4ulemixF,404,0,2166,1141,1723,11,0,155301,12424,2256,1142,1834,2145,1139,1701,99,100,0,600,2180
revised4ulemixF,404,1,2140,1141,1733,17,0,155405,12432,2166,1142,1747,2140,1139,1691,99,100,0,600,2160
revised4ulemixF,404,2,2147,1142,1718,23,0,154906,12392,2147,1142,1755,2139,1140,1695,97,100,0,599,2191
revised4ulemixF,404,3,2147,1141,1735,29,0,154911,12392,2147,1142,1747,2141,1139,1690,98,100,0,600,2183
revised4ulemixF,404,4,2149,1141,1702,35,0,155208,12416,2149,1142,1752,2147,1139,1701,98,100,0,600,2183
revised4ulemixF,404,5,2144,1141,1726,41,0,154881,12390,2149,1142,1751,2139,1139,1682,98,100,0,600,2180
revised4ulemixF,404,6,2150,1141,1728,47,0,154948,12395,2151,1141,1752,2142,1139,1703,98,100,0,599,2180
revised4ulemixF,404,7,2154,1140,1747,53,0,155029,12402,2155,1142,1753,2150,1139,1705,98,100,0,600,2183
revised4ulemixF,404,8,2160,1140,1739,59,0,155139,12411,2160,1142,1759,2154,1139,1710,98,100,0,600,2191
revised4ulemixF,404,9,2168,1142,1740,65,0,155284,12422,2246,1143,1868,2160,1139,1710,98,100,0,600,2200
revised4ulemixF,404,10,2156,1140,1753,71,0,155429,12434,2168,1142,1764,2155,1139,1698,98,100,0,600,2188
revised4ulemixF,404,11,2159,1141,1716,77,0,155338,12427,2159,1142,1754,2155,1139,1695,98,100,0,600,2194
revised4ulemixF,404,12,2152,1142,1713,83,0,155334,12426,2159,1143,1748,2152,1140,1708,98,100,0,600,2174
revised4ulemixF,404,13,2141,1141,1739,89,0,155268,12421,2152,1142,1740,2141,1139,1698,98,100,0,600,2168
revised4ulemixF,404,14,2139,1141,1731,95,0,155218,12417,2141,1142,1739,2139,1140,1692,98,100,0,600,2166
revised4ulemixF,404,15,2152,1142,1736,101,0,155242,12419,2152,1142,1755,2139,1140,1704,98,100,0,599,2186
revised4ulemixF,404,16,2146,1141,1727,107,0,155225,12418,2153,1143,1763,2146,1140,1702,98,100,0,600,2168
revised4ulemixF,404,17,2152,1141,1722,113,0,155239,12419,2154,1142,1760,2146,1139,1704,98,100,0,600,2177
revised4ulemixF,404,18,2146,1140,1736,119,0,155218,12417,2152,1142,1742,2145,1139,1698,98,100,0,600,2180
revised4ulemixF,404,19,2142,1140,1721,125,1,155265,12421,2146,1142,1740,2142,1139,1694,98,100,0,600,2168
revised4ulemixF,404,20,2157,1141,1743,131,1,155231,12418,2157,1142,1800,2142,1139,1709,98,100,0,600,2188
revised4ulemixF,404,21,2158,1142,1736,137,1,155328,12426,2158,1143,1757,2157,1140,1710,98,100,0,600,2188
revised4ulemixF,404,22,2164,1142,1739,143,1,155374,12429,2164,1143,1769,2158,1139,1701,98,100,0,601,2188
revised4ulemixF,404,23,2162,1140,1743,149,1,155340,12427,2164,1143,1790,2161,1140,1708,98,100,0,601,2194
revised4ulemixF,404,24,2163,1141,1748,155,1,155373,12429,2163,1143,1771,2161,1140,1714,98,100,0,601,2194
revised4ulemixF,404,25,2162,1142,1709,161,1,155458,12436,2165,1143,1763,2162,1140,1699,98,100,0,601,2188
revised4ulemixF,404,26,2156,1141,1731,167,1,155404,12432,2162,1142,1757,2153,1139,1681,98,100,0,601,2186
revised4ulemixF,404,27,2147,1142,1722,173,1,155443,12435,2157,1143,1760,2147,1140,1703,99,100,0,601,2166
revised4ulemixF,404,28,2156,1141,1720,179,1,155456,12436,2157,1143,1774,2145,1140,1698,98,100,0,601,2180
revised4ulemixF,404,29,2156,1140,1745,185,1,155410,12432,2156,1141,1759,2150,1139,1701,98,100,0,601,2188
revised4ulemixF,404,30,2160,1142,1738,191,1,155434,12434,2160,1142,1768,2156,1139,1707,98,100,0,601,2191
revised4ulemixF,404,31,2148,1140,1716,197,1,155468,12437,2160,1143,1753,2148,1139,1700,99,100,0,601,2160
revised4ulemixF,404,32,2143,1139,1721,203,1,155397,12431,2148,1141,1754,2143,1138,1691,98,100,0,601,2171
revised4ulemixF,404,33,2159,1140,1741,209,1,155468,12437,2159,1141,1762,2143,1138,1700,98,100,0,601,2203
revised4ulemixF,404,34,2162,1141,1742,215,1,155449,12435,2163,1142,1767,2159,1138,1710,98,100,0,601,2191
revised4ulemixF,404,35,2169,1142,1743,221,1,155524,12441,2169,1142,1774,2162,1140,1711,97,100,0,601,2214
revised4ulemixF,404,36,2162,1141,1722,227,1,155494,12439,2169,1142,1769,2162,1139,1709,99,100,0,601,2180
revised4ulemixF,404,37,2150,1141,1709,233,1,155479,12438,2162,1141,1786,2150,1139,1702,99,100,0,600,2166
revised4ulemixF,404,38,2138,1140,1720,239,1,155444,12435,2150,1141,1749,2137,1139,1691,98,100,0,600,2174
revised4ulemixF,404,39,2144,1140,1746,245,1,155431,12434,2144,1141,1753,2136,1139,1692,98,100,0,600,2183
revised4ulemixF,404,40,2155,1139,1754,251,2,155444,12435,2155,1141,1764,2144,1139,1700,98,100,0,600,2188
revised4ulemixF,404,41,2158,1140,1743,257,2,155454,12436,2158,1142,1763,2155,1139,1706,98,100,0,600,2188
revised4ulemixF,404,42,2161,1140,1738,263,2,155471,12437,2162,1141,1762,2158,1138,1707,98,100,0,600,2186
revised4ulemixF,404,43,2160,1141,1742,269,2,155482,12438,2161,1141,1769,2159,1139,1707,98,100,0,600,2188
revised4ulemixF,404,44,2163,1140,1740,275,2,155498,12439,2163,1141,1762,2160,1139,1700,98,100,0,599,2200
revised4ulemixF,404,45,2160,1141,1729,281,2,155508,12440,2163,1141,1773,2160,1139,1706,99,100,0,599,2180
revised4ulemixF,404,46,2145,1140,1736,287,2,155489,12439,2160,1142,1746,2145,1139,1703,98,100,0,599,2171
revised4ulemixF,404,47,2161,1141,1746,293,2,155509,12440,2161,1141,1770,2145,1138,1709,98,100,0,600,2200
revised4ulemixF,404,48,2165,1141,1744,299,2,155526,12442,2165,1141,1762,2161,1139,1715,98,100,0,600,2194
revised4ulemixF,404,49,2166,1140,1754,305,2,155544,12443,2166,1142,1772,2164,1138,1710,98,100,0,600,2200
revised4ulemixF,404,50,2166,1142,1721,311,2,155560,12444,2167,1142,1761,2166,1140,1718,98,100,0,600,2197
revised4ulemixF,404,51,2146,1142,1720,317,2,155539,12443,2166,1142,1748,2146,1139,1703,98,100,0,600,2171
revised4ulemixF,404,52,2145,1141,1728,323,2,155555,12444,2146,1142,1748,2143,1140,1701,98,100,0,600,2180
revised4ulemixF,404,53,2143,1142,1732,329,2,155513,12441,2145,1142,1755,2143,1139,1703,98,100,0,600,2166
revised4ulemixF,404,54,2147,1141,1739,335,2,155535,12442,2147,1142,1751,2143,1140,1697,98,100,0,600,2177
revised4ulemixF,404,55,2150,1142,1718,341,2,155530,12442,2150,1142,1746,2147,1140,1707,98,100,0,600,2180
revised4ulemixF,404,56,2151,1142,1728,347,2,155502,12440,2151,1142,1745,2150,1140,1709,98,100,0,600,2180
revised4ulemixF,404,57,2150,1142,1719,353,2,155522,12441,2151,1142,1746,2150,1140,1706,98,100,0,601,2180
revised4ulemixF,404,58,2151,1142,1741,359,2,155494,12439,2151,1142,1744,2149,1141,1705,98,100,0,601,2177
revised4ulemixF,404,59,2150,1141,1732,365,2,155491,12439,2152,1142,1745,2150,1139,1706,99,100,0,601,2171
revised4ulemixF,404,60,2149,1142,1737,371,2,155486,12438,2150,1142,1743,2149,1140,1702,98,100,0,601,2171
revised4ulemixF,404,61,2156,1141,1750,377,3,155490,12439,2156,1142,1755,2149,1140,1710,97,100,0,601,2203
revised4ulemixF,404,62,2167,1142,1748,383,3,155511,12440,2167,1142,1766,2156,1140,1718,98,100,0,601,2203
revised4ulemixF,404,63,2169,1140,1742,389,3,155528,12442,2169,1142,1762,2167,1140,1713,98,100,0,601,2200
revised4ulemixF,404,64,2171,1141,1748,395,3,155549,12443,2172,1142,1757,2169,1140,1717,98,100,0,601,2197
revised4ulemixF,404,65,2170,1140,1751,401,3,155567,12445,2173,1142,1799,2170,1139,1716,98,100,0,600,2200
revised4ulemixF,404,66,2172,1140,1759,407,3,155585,12446,2172,1142,1759,2170,1138,1718,98,100,0,600,2205
revised4ulemixF,404,67,2173,1141,1736,413,3,155627,12450,2173,1141,1759,2171,1139,1719,98,100,0,600,2203
revised4ulemixF,404,68,2171,1140,1742,419,3,155621,12449,2173,1141,1756,2171,1138,1718,98,100,0,600,2194
revised4ulemixF,404,69,2174,1140,1749,426,3,155640,12451,2174,1141,1799,2171,1139,1721,98,100,0,599,2203
revised4ulemixF,404,70,2172,1141,1755,432,3,155658,12452,2174,1141,1762,2172,1139,1719,98,100,0,600,2200
revised4ulemixF,404,71,2171,1141,1748,437,3,155672,12453,2172,1142,1756,2171,1139,1716,98,100,0,600,2197
revised4ulemixF,404,72,2174,1141,1749,444,3,155691,12455,2174,1142,1798,2171,1139,1718,98,100,0,600,2203
revised4ulemixF,404,73,2172,1141,1748,450,3,155707,12456,2174,1142,1758,2172,1139,1719,98,100,0,600,2203
revised4ulemixF,404,74,2173,1141,1743,456,3,155722,12457,2173,1142,1762,2171,1139,1718,98,100,0,600,2205
revised4ulemixF,404,75,2173,1141,1757,462,3,155759,12460,2174,1142,1769,2173,1140,1720,98,100,0,600,2197
revised4ulemixF,404,76,2172,1140,1751,468,3,155752,12460,2174,1142,1759,2172,1140,1718,98,100,0,600,2200
revised4ulemixF,404,77,2173,1140,1753,474,3,155788,12463,2173,1141,1760,2171,1138,1720,98,100,0,600,2205
revised4ulemixF,404,78,2172,1141,1748,480,3,155782,12462,2174,1141,1759,2172,1139,1720,98,100,0,600,2200
revised4ulemixF,404,79,2172,1140,1751,486,3,155815,12465,2174,1141,1798,2172,1139,1721,98,100,0,600,2200
revised4ulemixF,404,80,2173,1141,1752,492,3,155811,12464,2174,1141,1758,2172,1139,1722,98,100,0,601,2203
revised4ulemixF,404,81,2175,1141,1750,498,3,155825,12466,2175,1142,1796,2172,1139,1721,98,100,0,601,2205
revised4ulemixF,404,82,2175,1140,1758,504,4,155840,12467,2176,1141,1809,2173,1139,1722,98,100,0,601,2203
revised4ulemixF,404,83,2177,1140,1753,510,4,155874,12469,2178,1141,1807,2175,1139,1723,98,100,0,601,2203
revised4ulemixF,404,84,2174,1140,1755,516,4,155868,12469,2177,1141,1763,2174,1139,1721,98,100,0,601,2205
revised4ulemixF,404,85,2159,1140,1735,522,4,155884,12470,2174,1141,1758,2159,1139,1716,98,100,0,601,2183
revised4ulemixF,404,86,2158,1140,1738,528,4,155865,12469,2159,1141,1799,2157,1138,1716,98,100,0,601,2194
revised4ulemixF,404,87,2164,1139,1731,534,4,155868,12469,2164,1141,1804,2157,1138,1717,98,100,0,601,2205
revised4ulemixF,404,88,2160,1140,1742,540,4,155884,12470,2164,1141,1796,2158,1139,1714,98,100,0,601,2197
revised4ulemixF,404,89,2165,1140,1749,546,4,155871,12469,2165,1142,1803,2158,1138,1714,98,100,0,601,2208
revised4ulemixF,404,90,2168,1141,1735,552,4,155880,12470,2170,1141,1802,2165,1138,1717,99,100,0,601,2180
revised4ulemixF,404,91,2161,1141,1744,559,4,155880,12470,2168,1141,1798,2161,1139,1716,98,100,0,601,2188
revised4ulemixF,404,92,2155,1141,1736,565,4,155893,12471,2161,1142,1799,2155,1140,1712,98,100,0,601,2177
revised4ulemixF,404,93,2156,1140,1743,570,4,155874,12469,2156,1141,1788,2153,1139,1718,98,100,0,600,2188
revised4ulemixF,404,94,2165,1141,1754,576,4,155880,12470,2165,1141,1806,2156,1139,1715,98,100,0,600,2203
revised4ulemixF,404,95,2168,1141,1737,582,4,155888,12471,2171,1141,1803,2165,1139,1711,99,100,0,600,2177
revised4ulemixF,404,96,2170,1140,1753,589,4,155895,12471,2170,1141,1806,2161,1138,1710,98,100,0,600,2205
revised4ulemixF,404,97,2174,1140,1754,595,4,155908,12472,2176,1141,1806,2170,1139,1723,98,100,0,600,2197
revised4ulemixF,404,98,2157,1141,1704,601,4,155904,12472,2175,1141,1759,2157,1138,1704,99,100,0,600,2177
revised4ulemixF,404,99,2164,1140,1736,607,4,155909,12472,2166,1141,1765,2156,1139,1704,99,100,0,599,2183
revised4ulemixF,404,100,2170,1140,1750,613,4,155916,12473,2170,1141,1808,2159,1137,1688,98,100,0,600,2205
revised4ulemixF,404,101,2172,1139,1753,619,4,155940,12475,2172,1141,1767,2169,1139,1722,98,100,0,600,2197
revised4ulemixF,404,102,2174,1137,1755,625,5,155935,12474,2174,1141,1812,2170,1135,1722,98,100,0,600,2203
revised4ulemixF,404,103,2174,1138,1752,631,5,155946,12475,2176,1139,1812,2173,1136,1723,98,100,0,600,2203
revised4ulemixF,404,104,2111,1140,1710,637,5,155939,12475,2174,1140,1805,2111,1137,1700,98,100,0,600,2140
revised4ulemixF,404,105,2121,1138,1707,643,5,155914,12473,2121,1140,1749,2110,1138,1694,97,100,0,600,2171
revised4ulemixF,404,106,2129,1139,1812,649,5,155894,12471,2129,1140,1824,2116,1137,1695,97,100,0,600,2174
revised4ulemixF,404,107,2110,1139,1700,655,5,155871,12469,2182,1140,1812,2110,1137,1689,98,100,0,600,2146
revised4ulemixF,404,108,2120,1138,1723,661,5,155861,12468,2120,1140,1729,2110,1137,1693,98,100,0,600,2160
revised4ulemixF,404,109,2114,1138,1709,666,5,155817,12465,2120,1140,1723,2114,1137,1690,98,100,0,600,2137
revised4ulemixF,404,110,2116,1139,1713,672,5,155792,12463,2120,1140,1727,2114,1138,1693,98,100,0,600,2143
revised4ulemixF,404,111,2112,1136,1718,678,5,155762,12461,2116,1140,1720,2112,1134,1691,98,100,0,600,2134
revised4ulemixF,404,112,2111,1136,1720,684,5,155733,12458,2112,1139,1720,2111,1135,1692,98,100,0,600,2137
revised4ulemixF,404,113,2111,1136,1701,690,5,155717,12457,2111,1138,1721,2110,1135,1692,98,100,0,600,2146
revised4ulemixF,404,114,2123,1137,1721,696,5,155686,12454,2123,1139,1732,2111,1134,1695,98,100,0,600,2157
revised4ulemixF,404,115,2121,1136,1725,702,5,155666,12453,2130,1139,1765,2121,1135,1694,98,100,0,601,2143
revised4ulemixF,404,116,2122,1135,1723,708,5,155645,12451,2124,1138,1767,2118,1134,1694,98,100,0,601,2154
revised4ulemixF,404,117,2115,1137,1707,714,5,155631,12450,2122,1139,1729,2115,1134,1691,98,100,0,601,2143
revised4ulemixF,404,118,2123,1138,1724,720,5,155601,12448,2123,1139,1729,2114,1136,1701,98,100,0,601,2157
revised4ulemixF,404,119,2114,1137,1705,726,5,155575,12446,2123,1139,1724,2114,1135,1692,98,100,0,601,2140
revised4ulemixF,404,120,2115,1137,1709,731,5,155566,12445,2120,1139,1730,2114,1136,1693,98,100,0,601,2140
revised4ulemixF,404,121,2118,1137,1721,737,5,155545,12443,2118,1138,1731,2112,1135,1693,98,100,0,601,2157
revised4ulemixF,404,122,2117,1136,1720,743,5,155512,12440,2123,1137,1732,2117,1134,1693,98,100,0,600,2140
revised4ulemixF,404,123,2124,1135,1727,749,5,155496,12439,2124,1137,1733,2117,1134,1707,98,100,0,600,2154
revised4ulemixF,404,124,2118,1136,1719,755,6,155476,12438,2126,1138,1736,2118,1132,1698,98,100,0,600,2140
revised4ulemixF,404,125,2120,1136,1721,761,6,155456,12436,2120,1138,1736,2113,1134,1697,98,100,0,600,2160
revised4ulemixF,404,126,2126,1137,1723,767,6,155442,12435,2126,1137,1735,2120,1134,1714,98,100,0,600,2157
revised4ulemixF,404,127,2111,1136,1707,773,6,155428,12434,2126,1137,1723,2111,1134,1692,98,100,0,600,2137
revised4ulemixF,404,128,2122,1136,1716,779,6,155414,12433,2122,1137,1739,2111,1134,1699,98,100,0,600,2157
revised4ulemixF,404,129,2111,1135,1711,785,6,155389,12431,2122,1136,1721,2111,1134,1696,98,100,0,599,2134
revised4ulemixF,404,130,2113,1128,1711,790,6,155358,12428,2118,1138,1740,2111,1128,1701,99,100,0,600,2134
revised4ulemixF,404,131,2108,1126,1714,796,6,155346,12427,2113,1128,1740,2108,1124,1705,98,100,0,600,2140
revised4ulemixF,404,132,2123,1124,1743,802,6,155322,12425,2123,1126,1760,2108,1121,1711,98,100,0,600,2157
revised4ulemixF,404,133,2119,1122,1721,808,6,155306,12424,2127,1126,1758,2119,1121,1711,99,100,0,600,2134
revised4ulemixF,404,134,2111,1121,1722,814,6,155283,12422,2119,1123,1747,2111,1120,1712,98,100,0,600,2134
revised4ulemixF,404,135,2117,1120,1745,820,6,155277,12422,2117,1121,1765,2108,1119,1716,98,100,0,600,2157
revised4ulemixF,404,136,2125,1122,1745,826,6,155265,12421,2125,1124,1762,2117,1119,1735,98,100,0,600,2154
revised4ulemixF,404,137,2112,1122,1719,832,6,155243,12419,2125,1125,1755,2112,1120,1712,98,100,0,600,2140
revised4ulemixF,404,138,2123,1124,1738,838,6,155220,12417,2123,1125,1764,2112,1121,1714,98,100,0,600,2154
revised4ulemixF,404,139,2127,1123,1743,844,6,155220,12417,2127,1125,1766,2123,1121,1732,98,100,0,600,2154
revised4ulemixF,404,140,2128,1124,1742,849,6,155199,12415,2128,1124,1763,2127,1121,1734,98,100,0,601,2154
revised4ulemixF,404,141,2119,1123,1728,855,6,155184,12414,2128,1124,1764,2119,1121,1711,99,100,0,601,2134
revised4ulemixF,404,142,2119,1124,1737,861,6,155167,12413,2119,1125,1762,2112,1122,1710,98,100,0,601,2151
revised4ulemixF,404,143,2109,1124,1725,867,6,155146,12411,2119,1126,1744,2109,1121,1711,99,100,0,601,2129
revised4ulemixF,404,144,2112,1125,1717,873,6,155131,12410,2117,1126,1753,2109,1122,1711,98,100,0,601,2134
revised4ulemixF,404,145,2108,1123,1717,879,7,155110,12408,2112,1126,1741,2108,1123,1710,98,100,0,601,2134
revised4ulemixF,404,146,2116,1123,1741,885,7,155094,12407,2116,1125,1753,2107,1122,1711,98,100,0,601,2154
revised4ulemixF,404,147,2110,1123,1722,891,7,155075,12406,2116,1124,1750,2110,1122,1713,98,100,0,601,2134
revised4ulemixF,404,148,2113,1123,1717,896,7,155060,12404,2118,1125,1761,2110,1121,1715,99,100,0,601,2134
revised4ulemixF,404,149,2117,1123,1740,902,7,155055,12404,2117,1125,1755,2110,1121,1713,98,100,0,601,2157
revised4ulemixF,404,150,2109,1123,1725,908,7,155026,12402,2117,1125,1753,2109,1122,1711,98,100,0,601,2134
revised4ulemixF,404,151,2107,1123,1716,914,7,155017,12401,2109,1125,1743,2107,1122,1714,98,100,0,601,2131
revised4ulemixF,404,152,2113,1125,1718,920,7,154993,12399,2116,1125,1759,2106,1122,1711,99,100,0,601,2134
revised4ulemixF,404,153,2111,1125,1671,926,7,154975,12398,2116,1125,1763,2110,1122,1667,99,100,0,601,2112
revised4ulemixF,404,154,2057,1124,1688,932,7,154935,12394,2111,1126,1729,2050,1123,1667,98,100,0,601,2089
revised4ulemixF,404,155,2061,1125,1685,937,7,154897,12391,2063,1126,1725,2057,1123,1678,98,100,0,601,2086
revised4ulemixF,404,156,2050,1124,1669,943,7,154852,12388,2061,1125,1726,2050,1123,1664,98,100,0,601,2075
revised4ulemixF,404,157,2045,1124,1664,949,7,154807,12384,2050,1125,1721,2045,1122,1663,98,100,0,601,2075
revised4ulemixF,404,158,2050,1124,1684,954,7,154765,12381,2050,1126,1731,2045,1122,1664,98,100,0,601,2083
revised4ulemixF,404,159,2048,1124,1693,960,7,154732,12378,2052,1125,1720,2048,1123,1663,99,100,0,601,2066
revised4ulemixF,404,160,2045,1127,1666,966,7,154679,12374,2048,1127,1718,2045,1124,1660,98,100,0,601,2066
revised4ulemixF,404,161,2044,1126,1662,971,7,154635,12370,2045,1127,1718,2044,1124,1661,98,100,0,601,2069
revised4ulemixF,404,162,2043,1127,1659,977,7,154592,12367,2044,1127,1718,2042,1124,1659,98,100,0,601,2075
revised4ulemixF,404,163,2042,1125,1664,983,7,154549,12363,2043,1127,1716,2041,1124,1658,98,100,0,601,2075
revised4ulemixF,404,164,2042,1127,1662,989,7,154506,12360,2042,1128,1715,2041,1125,1659,98,100,0,600,2075
revised4ulemixF,404,165,2042,1126,1664,994,7,154474,12357,2043,1127,1717,2042,1125,1659,98,100,0,600,2075
revised4ulemixF,404,166,2042,1127,1662,1000,8,154423,12353,2043,1127,1717,2042,1125,1658,98,100,0,600,2072
revised4ulemixF,404,167,2042,1126,1666,1006,8,154382,12350,2043,1128,1716,2042,1125,1658,98,100,0,600,2075
revised4ulemixF,404,168,2042,1125,1703,1011,8,154351,12348,2043,1127,1715,2042,1125,1659,98,100,0,600,2066
revised4ulemixF,404,169,2042,1126,1665,1017,8,154302,12344,2043,1127,1717,2042,1124,1659,98,100,0,600,2066
revised4ulemixF,404,170,2043,1127,1663,1023,8,154263,12341,2043,1128,1714,2042,1125,1657,98,100,0,600,2069
revised4ulemixF,404,171,2043,1126,1667,1028,8,154224,12337,2043,1128,1714,2042,1125,1657,98,100,0,600,2072
revised4ulemixF,404,172,2042,1127,1662,1034,8,154194,12335,2043,1128,1714,2042,1124,1656,98,100,0,600,2069
revised4ulemixF,404,173,2043,1125,1665,1040,8,154147,12331,2043,1128,1716,2042,1124,1659,98,100,0,600,2075
revised4ulemixF,404,174,2042,1127,1662,1046,8,154109,12328,2043,1128,1712,2041,1124,1656,98,100,0,599,2075
revised4ulemixF,404,175,2049,1125,1685,1051,8,154084,12326,2049,1128,1724,2041,1124,1657,98,100,0,600,2080
revised4ulemixF,404,176,2044,1125,1671,1057,8,154038,12323,2049,1127,1718,2044,1122,1659,98,100,0,600,2066
revised4ulemixF,404,177,2044,1123,1671,1063,8,154010,12320,2044,1127,1719,2042,1122,1658,98,100,0,600,2075
revised4ulemixF,404,178,2043,1124,1665,1068,8,153966,12317,2044,1127,1716,2043,1123,1661,98,100,0,600,2072
revised4ulemixF,404,179,2047,1124,1677,1074,8,153933,12314,2047,1128,1717,2043,1122,1662,98,100,0,600,2080
revised4ulemixF,404,180,2049,1124,1671,1080,8,153901,12312,2052,1126,1718,2047,1123,1663,98,100,0,600,2072
revised4ulemixF,404,181,2044,1128,1687,1085,8,153867,12309,2049,1128,1717,2044,1122,1660,98,100,0,600,2066
revised4ulemixF,404,182,2043,1126,1670,1091,8,153832,12306,2045,1128,1717,2043,1126,1658,98,100,0,600,2066
revised4ulemixF,404,183,2051,1127,1680,1097,8,153803,12304,2051,1128,1686,2043,1125,1663,98,100,0,600,2083
revised4ulemixF,404,184,2053,1127,1677,1103,8,153782,12302,2053,1128,1686,2051,1124,1672,98,100,0,600,2083
revised4ulemixF,404,185,2054,1129,1674,1108,8,153745,12299,2054,1130,1682,2053,1126,1669,98,100,0,600,2083
revised4ulemixF,404,186,2054,1128,1679,1114,8,153716,12297,2055,1130,1682,2054,1127,1669,98,100,0,600,2083
revised4ulemixF,404,187,2051,1129,1669,1120,8,153687,12295,2055,1129,1712,2051,1127,1659,99,100,0,600,2069
revised4ulemixF,404,188,2045,1126,1664,1125,9,153655,12292,2051,1129,1714,2045,1126,1658,98,100,0,600,2066
revised4ulemixF,404,189,2044,1126,1663,1131,9,153623,12289,2045,1129,1714,2043,1124,1657,98,100,0,600,2072
revised4ulemixF,404,190,2043,1127,1666,1137,9,153599,12287,2044,1129,1713,2043,1125,1659,98,100,0,600,2072
revised4ulemixF,404,191,2048,1126,1665,1143,9,153561,12284,2048,1127,1723,2043,1124,1661,98,100,0,600,2089
revised4ulemixF,404,192,2044,1128,1660,1148,9,153538,12283,2048,1129,1712,2044,1125,1658,98,100,0,600,2072
revised4ulemixF,404,193,2043,1129,1661,1154,9,153507,12280,2044,1129,1711,2043,1125,1659,98,100,0,600,2072
revised4ulemixF,404,194,2047,1129,1675,1160,9,153479,12278,2047,1130,1710,2042,1127,1655,98,100,0,600,2080
revised4ulemixF,404,195,2051,1128,1674,1165,9,153445,12275,2051,1130,1681,2047,1127,1668,98,100,0,600,2080
revised4ulemixF,404,196,2054,1128,1673,1171,9,153419,12273,2054,1130,1723,2051,1126,1669,98,100,0,601,2080
revised4ulemixF,404,197,2058,1128,1671,1177,9,153395,12271,2059,1129,1724,2053,1127,1668,98,100,0,601,2086
revised4ulemixF,404,198,2054,1126,1667,1183,9,153370,12269,2062,1129,1725,2054,1126,1657,99,100,0,601,2066
revised4ulemixF,404,199,2052,1127,1677,1188,9,153344,12267,2054,1129,1714,2050,1126,1658,98,100,0,601,2083
revised4ulemixF,404,200,2055,1127,1675,1194,9,153320,12265,2055,1129,1688,2052,1127,1670,98,100,0,601,2086
revised4ulemixF,404,201,2055,1128,1677,1200,9,153296,12263,2056,1129,1691,2054,1126,1670,98,100,0,601,2086
revised4ulemixF,404,202,2056,1128,1681,1206,9,153273,12261,2056,1129,1692,2055,1127,1670,98,100,0,601,2086
revised4ulemixF,404,203,2054,1128,1702,1211,9,153256,12260,2056,1129,1723,2054,1126,1654,99,100,0,601,2072
revised4ulemixF,404,204,2057,1128,1679,1217,9,153234,12258,2057,1129,1727,2053,1126,1659,98,100,0,601,2086
revised4ulemixF,404,205,2058,1128,1680,1223,9,153205,12256,2059,1129,1691,2057,1127,1672,98,100,0,601,2086
revised4ulemixF,404,206,2058,1128,1681,1228,9,153183,12254,2059,1129,1692,2058,1126,1669,98,100,0,601,2086
revised4ulemixF,404,207,2051,1127,1672,1234,9,153158,12252,2058,1129,1718,2051,1126,1659,98,100,0,601,2077
revised4ulemixF,404,208,2047,1127,1667,1240,9,153132,12250,2051,1129,1721,2047,1126,1658,98,100,0,601,2075
revised4ulemixF,404,209,2046,1127,1677,1245,9,153107,12248,2048,1129,1717,2046,1125,1658,98,100,0,601,2075
revised4ulemixF,404,210,2046,1129,1687,1251,10,153082,12246,2047,1129,1721,2046,1125,1658,98,100,0,601,2072
revised4ulemixF,404,211,2050,1128,1670,1257,10,153059,12244,2052,1129,1759,2046,1125,1652,99,100,0,601,2066
revised4ulemixF,404,212,2050,1128,1665,1263,10,153036,12242,2055,1130,1716,2050,1127,1653,98,100,0,600,2072
revised4ulemixF,404,213,2048,1128,1664,1268,10,153012,12240,2050,1130,1713,2047,1127,1654,98,100,0,600,2077
revised4ulemixF,404,214,2047,1129,1669,1274,10,152988,12239,2048,1129,1715,2047,1127,1657,98,100,0,600,2077
revised4ulemixF,404,215,2048,1129,1660,1280,10,152964,12237,2048,1130,1715,2047,1127,1656,98,100,0,600,2080
revised4ulemixF,404,216,2047,1130,1665,1285,10,152941,12235,2048,1130,1713,2046,1128,1657,98,100,0,600,2077
revised4ulemixF,404,217,2047,1129,1668,1291,10,152917,12233,2048,1130,1713,2046,1127,1654,98,100,0,600,2077
revised4ulemixF,404,218,2052,1129,1676,1297,10,152897,12231,2052,1130,1744,2046,1128,1652,97,100,0,600,2100
revised4ulemixF,404,219,2048,1128,1713,1303,10,152874,12229,2053,1129,1716,2048,1127,1651,98,100,0,600,2075
revised4ulemixF,404,220,2047,1129,1675,1308,10,152851,12228,2048,1130,1713,2047,1126,1655,98,100,0,600,2069
revised4ulemixF,404,221,2046,1128,1662,1314,10,152828,12226,2048,1129,1717,2046,1127,1657,99,100,0,600,2066
revised4ulemixF,404,222,2047,1129,1667,1320,10,152806,12224,2047,1130,1724,2045,1128,1655,98,100,0,600,2077
revised4ulemixF,404,223,2047,1129,1664,1325,10,152784,12222,2047,1130,1713,2046,1127,1656,98,100,0,599,2077
revised4ulemixF,404,224,2047,1129,1665,1331,10,152762,12220,2047,1129,1715,2046,1127,1656,98,100,0,600,2077
revised4ulemixF,404,225,2049,1129,1665,1337,10,152741,12219,2049,1130,1715,2046,1128,1658,98,100,0,600,2083
revised4ulemixF,404,226,2061,1131,1679,1343,10,152725,12218,2061,1131,1715,2049,1127,1664,98,100,0,600,2095
revised4ulemixF,404,227,2054,1130,1664,1348,10,152705,12216,2061,1131,1719,2054,1129,1663,98,100,0,600,2083
revised4ulemixF,404,228,2052,1131,1663,1354,10,152686,12214,2055,1131,1720,2052,1129,1662,98,100,0,600,2083
revised4ulemixF,404,229,2059,1129,1681,1360,10,152675,12214,2059,1131,1726,2051,1128,1663,98,100,0,600,2095
revised4ulemixF,404,230,2063,1130,1682,1365,10,152653,12212,2063,1131,1695,2059,1127,1669,98,100,0,600,2092
revised4ulemixF,404,231,2060,1129,1675,1371,10,152637,12210,2063,1131,1693,2060,1127,1667,98,100,0,600,2086
revised4ulemixF,404,232,2058,1130,1674,1377,11,152620,12209,2060,1131,1692,2058,1127,1670,98,100,0,600,2086
revised4ulemixF,404,233,2058,1129,1677,1383,11,152603,12208,2059,1131,1717,2058,1128,1668,98,100,0,600,2086
revised4ulemixF,404,234,2054,1129,1664,1388,11,152591,12207,2059,1132,1727,2054,1127,1658,98,100,0,601,2075
revised4ulemixF,404,235,2048,1128,1665,1394,11,152571,12205,2054,1133,1711,2048,1127,1650,98,100,0,600,2077
revised4ulemixF,404,236,2047,1129,1690,1400,11,152551,12204,2050,1132,1725,2047,1127,1654,98,100,0,600,2069
revised4ulemixF,404,237,2046,1130,1675,1406,11,152525,12202,2047,1131,1713,2045,1129,1653,98,100,0,600,2069
revised4ulemixF,404,238,2047,1130,1660,1411,11,152505,12200,2047,1132,1707,2046,1129,1653,98,100,0,600,2069
revised4ulemixF,404,239,2046,1131,1660,1417,11,152485,12198,2047,1133,1716,2045,1128,1652,98,100,0,600,2077
revised4ulemixF,404,240,2046,1132,1660,1423,11,152466,12197,2046,1133,1709,2045,1129,1653,98,100,0,600,2075
revised4ulemixF,404,241,2046,1129,1676,1428,11,152446,12195,2046,1133,1713,2045,1128,1653,98,100,0,600,2077
revised4ulemixF,404,242,2046,1131,1659,1434,11,152433,12194,2046,1132,1713,2045,1128,1653,98,100,0,601,2075
revised4ulemixF,404,243,2046,1130,1662,1440,11,152408,12192,2046,1133,1716,2045,1129,1651,98,100,0,601,2080
revised4ulemixF,404,244,2050,1131,1666,1446,11,152390,12191,2050,1131,1725,2045,1129,1654,98,100,0,601,2083
revised4ulemixF,404,245,2046,1131,1687,1451,11,152371,12189,2050,1132,1711,2046,1129,1652,98,100,0,601,2069
revised4ulemixF,404,246,2045,1130,1682,1457,11,152353,12188,2046,1132,1720,2044,1129,1654,98,100,0,601,2069
revised4ulemixF,404,247,2045,1131,1677,1463,11,152334,12186,2046,1131,1712,2045,1129,1654,98,100,0,601,2069
revised4ulemixF,404,248,2045,1130,1660,1468,11,152315,12185,2046,1132,1710,2045,1128,1653,98,100,0,601,2069
revised4ulemixF,404,249,2051,1129,1673,1474,11,152299,12183,2051,1131,1717,2044,1128,1652,98,100,0,601,2086
revised4ulemixF,404,250,2056,1130,1681,1480,11,152284,12182,2056,1132,1729,2051,1129,1666,98,100,0,601,2080
revised4ulemixF,404,251,2050,1130,1657,1486,11,152273,12181,2056,1132,1722,2050,1129,1653,98,100,0,601,2075
revised4ulemixF,404,252,2046,1131,1655,1491,11,152249,12179,2050,1132,1711,2046,1129,1652,98,100,0,601,2077
revised4ulemixF,404,253,2045,1132,1662,1497,11,152231,12178,2046,1132,1708,2044,1130,1651,98,100,0,601,2077
revised4ulemixF,404,254,2043,1132,1657,1503,12,152213,12177,2045,1133,1710,2043,1130,1651,98,100,0,601,2072
revised4ulemixF,404,255,2051,1132,1654,1508,12,152197,12175,2051,1133,1704,2043,1131,1652,98,100,0,601,2083
revised4ulemixF,404,256,2043,1132,1659,1514,12,152179,12174,2051,1133,1706,2043,1131,1648,98,100,0,601,2072
revised4ulemixF,404,257,2040,1131,1688,1519,12,152166,12173,2043,1133,1707,2040,1131,1650,98,100,0,601,2066
revised4ulemixF,404,258,2048,1133,1670,1525,12,152144,12171,2048,1133,1688,2040,1130,1649,98,100,0,601,2080
revised4ulemixF,404,259,2051,1132,1669,1531,12,152130,12170,2051,1133,1724,2048,1131,1662,98,100,0,600,2083
revised4ulemixF,404,260,2052,1132,1669,1537,12,152115,12169,2052,1133,1675,2051,1130,1663,98,100,0,600,2080
revised4ulemixF,404,261,2053,1132,1667,1542,12,152100,12168,2053,1134,1717,2051,1131,1661,98,100,0,600,2089
revised4ulemixF,404,262,2054,1132,1669,1548,12,152086,12166,2056,1133,1720,2053,1130,1659,98,100,0,600,2086
revised4ulemixF,404,263,2048,1132,1662,1554,12,152076,12166,2055,1134,1705,2048,1130,1649,99,100,0,601,2066
revised4ulemixF,404,264,2041,1132,1657,1559,12,152052,12164,2048,1133,1704,2041,1130,1648,99,100,0,601,2060
revised4ulemixF,404,265,2040,1133,1654,1565,12,152034,12162,2041,1134,1702,2039,1130,1646,98,100,0,601,2072
revised4ulemixF,404,266,2046,1133,1665,1571,12,152019,12161,2046,1134,1704,2039,1130,1649,98,100,0,601,2080
revised4ulemixF,404,267,2052,1132,1667,1577,12,152006,12160,2052,1134,1717,2046,1132,1662,98,100,0,601,2077
revised4ulemixF,404,268,2044,1133,1655,1582,12,151989,12159,2052,1134,1714,2044,1132,1648,98,100,0,601,2072
revised4ulemixF,404,269,2041,1134,1654,1588,12,151972,12157,2044,1134,1705,2041,1132,1646,98,100,0,601,2072
revised4ulemixF,404,270,2040,1132,1651,1594,12,151955,12156,2041,1134,1704,2039,1131,1649,98,100,0,601,2069
revised4ulemixF,404,271,2039,1132,1655,1599,12,151938,12155,2040,1133,1707,2039,1131,1650,98,100,0,601,2072
revised4ulemixF,404,272,2039,1133,1658,1605,12,151921,12153,2040,1134,1707,2039,1130,1648,98,100,0,601,2069
revised4ulemixF,404,273,2044,1133,1665,1611,12,151905,12152,2044,1133,1702,2039,1130,1650,98,100,0,601,2080
revised4ulemixF,404,274,2048,1133,1668,1616,12,151897,12151,2048,1134,1674,2044,1131,1660,98,100,0,601,2080
revised4ulemixF,404,275,2043,1134,1652,1622,12,151875,12150,2049,1134,1704,2043,1132,1648,98,100,0,601,2069
revised4ulemixF,404,276,2042,1134,1659,1628,13,151860,12148,2046,1134,1710,2042,1132,1648,99,100,0,601,2060
revised4ulemixF,404,277,2040,1132,1653,1634,13,151844,12147,2042,1135,1704,2040,1131,1649,99,100,0,601,2060
revised4ulemixF,404,278,2040,1133,1655,1639,13,151833,12146,2040,1134,1706,2039,1130,1647,98,100,0,601,2069
revised4ulemixF,404,279,2043,1132,1653,1645,13,151818,12145,2043,1134,1711,2040,1131,1649,98,100,0,601,2072
revised4ulemixF,404,280,2049,1134,1670,1651,13,151800,12144,2049,1134,1697,2042,1131,1652,98,100,0,601,2083
revised4ulemixF,404,281,2052,1134,1670,1656,13,151787,12143,2052,1134,1678,2049,1131,1662,98,100,0,601,2083
revised4ulemixF,404,282,2046,1133,1655,1662,13,151773,12141,2052,1134,1708,2046,1131,1649,98,100,0,601,2072
revised4ulemixF,404,283,2048,1134,1668,1668,13,151764,12141,2048,1134,1713,2043,1131,1651,98,100,0,600,2083
revised4ulemixF,404,284,2052,1132,1673,1674,13,151747,12139,2052,1134,1676,2048,1131,1662,98,100,0,600,2083
revised4ulemixF,404,285,2053,1134,1665,1679,13,151735,12138,2053,1134,1674,2052,1132,1662,98,100,0,600,2083
revised4ulemixF,404,286,2053,1133,1670,1685,13,151723,12137,2053,1134,1676,2053,1132,1663,98,100,0,600,2083
revised4ulemixF,404,287,2053,1133,1670,1691,13,151711,12136,2053,1134,1677,2053,1131,1662,98,100,0,599,2083
revised4ulemixF,404,288,2053,1134,1668,1696,13,151705,12136,2053,1134,1677,2053,1131,1662,98,100,0,600,2083
revised4ulemixF,404,289,2053,1134,1673,1702,13,151693,12135,2053,1134,1677,2053,1130,1663,98,100,0,600,2080
revised4ulemixF,404,290,2055,1133,1669,1708,13,151677,12134,2056,1134,1717,2053,1132,1661,98,100,0,600,2086
revised4ulemixF,404,291,2046,1132,1669,1714,13,151663,12133,2055,1134,1703,2046,1129,1649,99,100,0,601,2066
revised4ulemixF,404,292,2043,1133,1657,1719,13,151649,12131,2046,1134,1706,2043,1131,1650,99,100,0,601,2063
revised4ulemixF,404,293,2043,1133,1654,1725,13,151635,12130,2043,1133,1706,2042,1130,1651,98,100,0,601,2072
revised4ulemixF,404,294,2042,1132,1656,1731,13,151621,12129,2043,1134,1703,2042,1131,1652,98,100,0,601,2075
revised4ulemixF,404,295,2042,1134,1655,1736,13,151612,12129,2042,1134,1704,2041,1132,1648,98,100,0,601,2072
revised4ulemixF,404,296,2042,1134,1658,1742,13,151593,12127,2042,1134,1705,2041,1133,1649,98,100,0,600,2075
revised4ulemixF,404,297,2042,1131,1660,1748,13,151580,12126,2042,1134,1707,2041,1131,1649,98,100,0,600,2075
revised4ulemixF,404,298,2042,1133,1655,1753,14,151566,12125,2043,1134,1704,2042,1130,1651,98,100,0,600,2072
revised4ulemixF,404,299,2053,1131,1674,1759,14,151556,12124,2055,1134,1733,2042,1130,1645,98,100,0,600,2075
revised4ulemixF,404,300,2047,1133,1678,1765,14,151544,12123,2053,1133,1709,2047,1128,1651,98,100,0,600,2069
revised4ulemixF,404,301,2046,1132,1669,1771,14,151531,12122,2048,1133,1708,2046,1131,1651,98,100,0,600,2069
revised4ulemixF,404,302,2053,1133,1674,1776,14,151525,12122,2053,1133,1721,2046,1130,1650,98,100,0,600,2089
revised4ulemixF,404,303,2051,1131,1657,1782,14,151509,12120,2056,1133,1718,2051,1130,1653,98,100,0,600,2077
revised4ulemixF,404,304,2047,1132,1658,1788,14,151497,12119,2051,1133,1709,2047,1130,1651,98,100,0,600,2077
revised4ulemixF,404,305,2045,1131,1658,1793,14,151484,12118,2047,1133,1706,2045,1130,1651,98,100,0,600,2075
revised4ulemixF,404,306,2049,1131,1660,1799,14,151474,12117,2052,1132,1745,2044,1129,1646,98,100,0,600,2075
revised4ulemixF,404,307,2046,1131,1660,1805,14,151462,12116,2049,1132,1708,2046,1130,1651,98,100,0,600,2077
revised4ulemixF,404,308,2045,1130,1708,1810,14,151450,12116,2047,1133,1709,2045,1129,1651,98,100,0,600,2075
revised4ulemixF,404,309,2046,1131,1666,1816,14,151438,12115,2046,1133,1709,2045,1129,1652,98,100,0,600,2069
revised4ulemixF,404,310,2051,1130,1681,1822,14,151432,12114,2051,1133,1710,2046,1129,1652,98,100,0,600,2092
revised4ulemixF,404,311,2057,1130,1677,1828,14,151419,12113,2057,1131,1686,2051,1129,1669,98,100,0,599,2086
revised4ulemixF,404,312,2057,1131,1672,1833,14,151410,12112,2059,1132,1734,2055,1129,1654,98,100,0,600,2089
revised4ulemixF,404,313,2054,1131,1663,1839,14,151400,12112,2059,1132,1723,2054,1128,1658,98,100,0,600,2083
revised4ulemixF,404,314,2052,1132,1662,1845,14,151395,12111,2054,1132,1718,2052,1130,1661,98,100,0,600,2080
revised4ulemixF,404,315,2051,1131,1664,1850,14,151384,12110,2052,1132,1718,2051,1130,1661,98,100,0,600,2083
revised4ulemixF,404,316,2051,1132,1663,1856,14,151370,12109,2052,1133,1715,2051,1130,1661,98,100,0,600,2083
revised4ulemixF,404,317,2051,1131,1666,1862,14,151359,12108,2051,1132,1717,2050,1130,1661,98,100,0,601,2083
revised4ulemixF,404,318,2049,1132,1659,1868,14,151349,12107,2051,1132,1716,2049,1130,1652,98,100,0,601,2080
revised4ulemixF,404,319,2046,1131,1699,1873,14,151338,12107,2049,1132,1712,2046,1129,1652,98,100,0,601,2072
revised4ulemixF,404,320,2044,1132,1669,1879,15,151326,12106,2046,1132,1714,2044,1129,1652,99,100,0,601,2063
revised4ulemixF,404,321,2045,1132,1657,1885,15,151315,12105,2045,1133,1712,2044,1129,1653,98,100,0,601,2066
revised4ulemixF,404,322,2045,1133,1660,1890,15,151304,12104,2045,1133,1712,2044,1131,1650,98,100,0,601,2075
revised4ulemixF,404,323,2045,1133,1659,1896,15,151293,12103,2045,1133,1708,2044,1131,1650,98,100,0,601,2077
revised4ulemixF,404,324,2054,1132,1668,1902,15,151289,12103,2054,1133,1717,2045,1131,1652,98,100,0,601,2089
revised4ulemixF,404,325,2049,1132,1656,1908,15,151274,12101,2054,1133,1709,2048,1131,1650,98,100,0,601,2080
revised4ulemixF,404,326,2046,1132,1678,1913,15,151263,12101,2049,1134,1710,2046,1131,1652,98,100,0,601,2075
revised4ulemixF,404,327,2053,1132,1669,1919,15,151254,12100,2053,1133,1718,2046,1131,1654,98,100,0,601,2086
revised4ulemixF,404,328,2057,1131,1660,1925,15,151246,12099,2057,1133,1717,2053,1131,1656,98,100,0,601,2092
revised4ulemixF,404,329,2048,1131,1657,1930,15,151235,12098,2057,1132,1708,2047,1129,1652,98,100,0,601,2080
revised4ulemixF,404,330,2053,1132,1671,1936,15,151231,12098,2053,1133,1709,2047,1129,1657,98,100,0,601,2083
revised4ulemixF,404,331,2051,1133,1664,1942,15,151218,12097,2055,1134,1709,2051,1129,1648,98,100,0,601,2075
revised4ulemixF,404,332,2046,1133,1659,1948,15,151207,12096,2051,1134,1711,2046,1130,1648,98,100,0,601,2075
revised4ulemixF,404,333,2046,1132,1656,1953,15,151197,12095,2047,1133,1709,2046,1130,1649,98,100,0,600,2077
revised4ulemixF,404,334,2046,1131,1658,1959,15,151187,12094,2046,1135,1707,2045,1131,1648,98,100,0,600,2075
revised4ulemixF,404,335,2046,1132,1652,1965,15,151181,12094,2046,1133,1708,2045,1130,1650,98,100,0,601,2075
revised4ulemixF,404,336,2050,1132,1678,1970,15,151167,12093,2050,1133,1714,2045,1131,1652,98,100,0,601,2086
revised4ulemixF,404,337,2055,1133,1673,1976,15,151160,12092,2056,1135,1717,2050,1131,1660,98,100,0,601,2086
revised4ulemixF,404,338,2057,1135,1675,1982,15,151157,12092,2057,1135,1714,2055,1132,1661,98,100,0,601,2086
revised4ulemixF,404,339,2056,1135,1666,1988,15,151144,12091,2057,1135,1707,2055,1133,1649,98,100,0,601,2092
revised4ulemixF,404,340,2058,1134,1672,1993,15,151137,12090,2058,1135,1719,2055,1132,1661,98,100,0,601,2095
revised4ulemixF,404,341,2057,1134,1665,1999,15,151129,12090,2058,1135,1683,2057,1132,1661,98,100,0,601,2086
revised4ulemixF,404,342,2052,1134,1692,2005,16,151125,12090,2057,1135,1715,2052,1133,1648,99,100,0,601,2069
revised4ulemixF,404,343,2047,1133,1661,2011,16,151111,12088,2052,1135,1713,2047,1133,1648,98,100,0,601,2069
revised4ulemixF,404,344,2045,1133,1658,2016,16,151101,12088,2047,1135,1709,2045,1130,1648,99,100,0,601,2063
revised4ulemixF,404,345,2043,1133,1656,2022,16,151091,12087,2045,1134,1704,2042,1131,1649,98,100,0,600,2069
revised4ulemixF,404,346,2042,1134,1654,2028,16,151080,12086,2043,1135,1705,2042,1133,1647,98,100,0,600,2075
revised4ulemixF,404,347,2042,1135,1651,2033,16,151070,12085,2042,1137,1703,2041,1132,1645,98,100,0,600,2072
revised4ulemixF,404,348,2042,1133,1651,2039,16,151060,12084,2042,1137,1706,2041,1133,1645,98,100,0,600,2072
revised4ulemixF,404,349,2042,1135,1652,2045,16,151049,12083,2042,1136,1705,2041,1133,1647,98,100,0,600,2075
revised4ulemixF,404,350,2041,1135,1653,2050,16,151039,12083,2042,1136,1702,2041,1132,1645,98,100,0,600,2072
revised4ulemixF,404,351,2040,1135,1667,2056,16,151029,12082,2042,1136,1699,2040,1133,1645,98,100,0,600,2069
revised4ulemixF,404,352,2040,1135,1670,2062,16,151019,12081,2041,1137,1705,2040,1134,1644,98,100,0,600,2066
revised4ulemixF,404,353,2039,1135,1660,2067,16,151008,12080,2041,1136,1702,2039,1133,1645,98,100,0,600,2060
revised4ulemixF,404,354,2044,1134,1664,2073,16,151003,12080,2044,1136,1703,2039,1133,1646,98,100,0,601,2083
revised4ulemixF,404,355,2051,1134,1673,2079,16,150992,12079,2051,1136,1708,2044,1133,1658,98,100,0,601,2080
revised4ulemixF,404,356,2044,1135,1651,2084,16,150982,12078,2051,1136,1699,2044,1133,1645,98,100,0,601,2069
revised4ulemixF,404,357,2041,1134,1646,2090,16,150971,12077,2044,1136,1706,2041,1134,1645,98,100,0,601,2072
revised4ulemixF,404,358,2040,1136,1652,2096,16,150965,12077,2041,1136,1705,2040,1133,1645,98,100,0,601,2072
revised4ulemixF,404,359,2048,1135,1649,2101,16,150953,12076,2048,1137,1712,2040,1134,1644,98,100,0,601,2077
revised4ulemixF,404,360,2042,1135,1650,2107,16,150943,12075,2048,1137,1703,2041,1133,1643,98,100,0,601,2072
revised4ulemixF,404,361,2040,1136,1649,2113,16,150937,12075,2042,1137,1700,2040,1134,1644,98,100,0,601,2069
revised4ulemixF,404,362,2039,1136,1647,2118,16,150927,12074,2040,1138,1704,2039,1134,1643,98,100,0,601,2069
revised4ulemixF,404,363,2039,1138,1688,2124,16,150917,12073,2040,1139,1698,2039,1136,1643,98,100,0,601,2063
revised4ulemixF,404,364,2038,1136,1651,2130,17,150903,12072,2040,1138,1698,2038,1134,1643,98,100,0,601,2060
revised4ulemixF,404,365,2039,1135,1650,2136,17,150897,12071,2039,1137,1699,2038,1133,1642,98,100,0,601,2063
revised4ulemixF,404,366,2040,1136,1647,2141,17,150887,12071,2040,1137,1702,2038,1134,1644,98,100,0,601,2072
revised4ulemixF,404,367,2040,1135,1653,2147,17,150878,12070,2040,1137,1700,2039,1133,1646,98,100,0,601,2072
revised4ulemixF,404,368,2040,1136,1653,2153,17,150864,12069,2041,1137,1700,2040,1134,1645,98,100,0,601,2069
revised4ulemixF,404,369,2041,1136,1647,2158,17,150855,12068,2041,1138,1701,2040,1134,1645,98,100,0,601,2072
revised4ulemixF,404,370,2041,1135,1655,2164,17,150846,12067,2041,1137,1703,2040,1134,1645,98,100,0,601,2075
revised4ulemixF,404,371,2042,1136,1652,2170,17,150837,12066,2043,1136,1703,2041,1133,1647,98,100,0,601,2072
revised4ulemixF,404,372,2046,1135,1666,2175,17,150829,12066,2046,1136,1712,2041,1134,1648,98,100,0,600,2080
revised4ulemixF,404,373,2054,1137,1665,2181,17,150823,12065,2054,1137,1713,2046,1133,1658,98,100,0,601,2083
revised4ulemixF,404,374,2053,1136,1663,2187,17,150816,12065,2054,1137,1671,2053,1135,1658,98,100,0,601,2083
revised4ulemixF,404,375,2053,1136,1664,2193,17,150809,12064,2053,1137,1672,2052,1135,1657,98,100,0,601,2083
revised4ulemixF,404,376,2046,1137,1654,2198,17,150801,12064,2053,1138,1699,2046,1135,1644,99,100,0,600,2066
revised4ulemixF,404,377,2044,1137,1647,2204,17,150792,12063,2046,1138,1699,2043,1136,1644,98,100,0,600,2069
revised4ulemixF,404,378,2043,1137,1645,2210,17,150784,12062,2044,1138,1702,2043,1135,1645,98,100,0,600,2075
revised4ulemixF,404,379,2043,1137,1652,2215,17,150775,12062,2043,1138,1701,2042,1136,1645,98,100,0,600,2075
revised4ulemixF,404,380,2043,1137,1649,2221,17,150771,12061,2043,1137,1698,2042,1134,1645,98,100,0,600,2075
revised4ulemixF,404,381,2042,1135,1653,2227,17,150758,12060,2044,1137,1701,2042,1135,1646,98,100,0,600,2072
revised4ulemixF,404,382,2043,1134,1658,2232,17,150750,12060,2043,1136,1701,2042,1132,1649,98,100,0,600,2075
revised4ulemixF,404,383,2051,1134,1667,2238,17,150744,12059,2051,1135,1716,2043,1133,1651,98,100,0,600,2083
revised4ulemixF,404,384,2053,1134,1682,2244,17,150738,12059,2055,1135,1716,2051,1132,1649,99,100,0,600,2072
revised4ulemixF,404,385,2045,1134,1660,2250,18,150730,12058,2053,1135,1705,2045,1133,1648,98,100,0,600,2066
revised4ulemixF,404,386,2049,1137,1653,2255,18,150723,12057,2051,1137,1742,2045,1133,1640,98,100,0,601,2072
revised4ulemixF,404,387,2047,1137,1654,2261,18,150715,12057,2049,1137,1703,2046,1134,1646,98,100,0,601,2075
revised4ulemixF,404,388,2045,1136,1648,2267,18,150707,12056,2047,1137,1702,2044,1135,1643,98,100,0,601,2075
revised4ulemixF,404,389,2044,1136,1645,2272,18,150700,12056,2045,1138,1703,2043,1136,1643,98,100,0,601,2077
revised4ulemixF,404,390,2050,1136,1663,2278,18,150693,12055,2050,1138,1712,2043,1135,1644,97,100,0,601,2095
revised4ulemixF,404,391,2046,1136,1676,2284,18,150685,12054,2051,1137,1707,2046,1135,1640,98,100,0,600,2069
revised4ulemixF,404,392,2046,1136,1663,2290,18,150678,12054,2047,1137,1702,2046,1135,1646,98,100,0,600,2069
revised4ulemixF,404,393,2048,1136,1656,2295,18,150671,12053,2048,1137,1715,2046,1135,1646,98,100,0,600,2072
revised4ulemixF,404,394,2046,1137,1658,2301,18,150664,12053,2048,1137,1703,2046,1135,1646,98,100,0,600,2075
revised4ulemixF,404,395,2046,1137,1651,2307,18,150656,12052,2046,1137,1701,2045,1135,1647,98,100,0,601,2077
revised4ulemixF,404,396,2046,1137,1652,2312,18,150649,12051,2046,1138,1702,2045,1135,1645,98,100,0,601,2077
revised4ulemixF,404,397,2046,1136,1657,2318,18,150642,12051,2046,1138,1702,2045,1135,1646,98,100,0,601,2077
revised4ulemixF,404,398,2048,1136,1655,2324,18,150639,12051,2048,1138,1707,2045,1135,1647,98,100,0,601,2080
revised4ulemixF,404,399,2049,1136,1657,2330,18,150629,12050,2050,1137,1710,2048,1135,1654,98,100,0,601,2080
revised4ulemixF,404,400,2050,1136,1699,2335,18,150622,12049,2051,1137,1711,2049,1134,1654,98,100,0,601,2077
revised4ulemixF,404,401,2050,1137,1665,2341,18,150616,12049,2051,1137,1710,2049,1135,1654,98,100,0,601,2075
revised4ulemixF,404,402,2050,1136,1658,2347,18,150610,12048,2051,1137,1710,2050,1135,1653,98,100,0,600,2075
revised4ulemixF,404,403,1697,1139,1377,2352,18,150588,12047,2053,1139,1710,1697,1135,1377,98,100,0,601,1719
Processed 404 lines from power meter
There were 0 errors in reading from the meter
