Time CPU_0_Temp CPU_1_Temp Ambient_Temp0 Ambient_Temp1 Blower_Fan_0 Blower_Fan_1 Axial_Fan_0 Axial_Fan_1
0 41 47 33 44 3645.600 3645.600 9656 9656
5 41 47 33 44 3645.600 3567.200 9656 9656
10 41 47 33 44 3645.600 3645.600 9656 9656
15 41 47 33 44 3645.600 3567.200 9656 9656
20 41 47 33 44 3645.600 3567.200 9656 9656
25 41 48 32 44 3645.600 3645.600 9656 9372
30 41 47 33 44 3645.600 3645.600 9656 9656
35 41 47 33 44 3645.600 3567.200 9656 9656
40 41 47 32 44 3645.600 3645.600 9656 9656
45 41 47 33 44 3567.200 3645.600 9656 9372
50 41 48 33 44 3645.600 3567.200 9656 9656
55 41 47 33 44 3645.600 3645.600 9656 9656
60 41 47 33 44 3724 3645.600 9656 9656
65 41 47 33 44 3645.600 3645.600 9372 9656
70 41 47 33 44 6468 6468 9159 9372
75 41 46 32 44 3645.600 3645.600 9656 9656
80 40 47 32 44 3645.600 3567.200 9656 9656
85 41 46 32 44 3645.600 3645.600 9656 9656
90 40 47 33 44 3645.600 3645.600 9656 9656
95 40 47 32 44 3645.600 3567.200 9656 9656
100 41 46 32 44 3645.600 3645.600 9656 9656
105 41 47 32 44 3645.600 3645.600 9656 9656
110 41 47 32 43 3645.600 3645.600 9656 9372
115 41 47 32 44 3645.600 3645.600 9656 9656
120 41 47 32 44 3645.600 3645.600 9656 9656
125 41 47 32 44 3645.600 3645.600 9656 9656
130 41 47 32 44 3645.600 3567.200 9656 9656
135 41 47 32 44 3567.200 3567.200 9656 9656
140 41 47 32 43 3645.600 3645.600 9656 9656
145 41 47 32 44 3645.600 3645.600 9656 9656
150 41 47 32 44 3645.600 3567.200 9656 9656
155 41 47 32 44 3645.600 3645.600 9656 9656
160 41 47 32 43 3724 3645.600 9656 9656
165 41 47 32 43 3645.600 3567.200 9656 9372
170 41 47 32 44 3645.600 3645.600 9656 9656
175 41 47 32 44 3645.600 3645.600 9656 9372
180 41 47 32 44 3645.600 3567.200 9656 9656
185 41 47 32 44 3724 3567.200 9656 9656
190 41 47 32 44 3645.600 3645.600 9656 9656
195 41 47 32 44 3567.200 3567.200 9372 9656
200 41 47 32 44 3645.600 3645.600 9656 9656
205 41 47 32 44 3645.600 3567.200 9656 9656
210 41 47 32 44 3645.600 3645.600 9372 9656
215 41 47 32 44 3567.200 3645.600 9656 9656
220 41 47 32 43 3645.600 3645.600 9656 9656
225 41 47 32 44 3645.600 3567.200 9656 9656
230 41 47 32 44 3645.600 3567.200 9656 9656
235 41 48 32 44 3645.600 3645.600 9656 9656
240 41 47 32 43 3645.600 3567.200 9656 9656
245 41 47 32 44 3645.600 3567.200 9656 9372
250 41 47 32 44 3645.600 3645.600 9372 9656
255 41 47 32 44 3645.600 3645.600 9656 9656
260 41 48 32 44 3645.600 3567.200 9656 9656
265 42 47 32 44 3645.600 3567.200 9656 9656
270 42 49 32 44 3645.600 3567.200 9656 9656
275 42 49 32 44 3645.600 3567.200 9656 9656
280 42 49 32 44 3645.600 3567.200 9656 9656
285 42 49 32 44 3645.600 3645.600 9656 9656
290 42 49 32 44 3645.600 3645.600 9656 9656
295 42 50 33 44 3645.600 3645.600 9656 9656
300 43 50 33 44 3645.600 3645.600 9656 9656
305 43 50 33 45 3645.600 3645.600 9372 9656
310 43 50 33 45 3645.600 3645.600 9372 9656
315 43 50 33 45 3645.600 3567.200 9656 9656
320 43 51 33 45 3645.600 3567.200 9656 9656
325 43 51 33 45 3645.600 3567.200 9656 9656
330 43 51 33 45 3645.600 3645.600 9656 9372
335 43 51 33 45 3645.600 3645.600 9656 9372
340 43 51 33 45 3645.600 3567.200 9656 9372
345 43 51 33 45 3645.600 3645.600 9372 9656
350 43 51 33 46 3645.600 3567.200 9940 9656
355 43 51 33 46 3567.200 3645.600 9656 9656
360 44 51 33 46 3567.200 3645.600 9372 9656
365 43 51 33 46 3567.200 3567.200 9656 9656
370 43 52 33 46 3645.600 3567.200 9372 9656
375 43 52 33 46 3567.200 3645.600 9656 9656
380 43 52 33 46 3645.600 3567.200 9656 9656
385 43 52 33 46 3645.600 3645.600 9656 9656
390 43 52 33 46 3645.600 3645.600 9656 9372
395 43 52 33 46 3645.600 3645.600 9656 9656
400 43 52 33 46 3645.600 3645.600 9656 9656
405 44 52 33 47 3645.600 3645.600 9656 9656
410 43 52 33 46 3645.600 3645.600 9656 9656
415 43 52 33 46 3567.200 3567.200 9656 9656
420 43 52 34 46 3645.600 3645.600 9656 9656
425 44 52 33 47 3645.600 3645.600 9656 9656
430 43 52 34 47 3645.600 3645.600 9656 9656
435 43 52 34 47 3645.600 3567.200 9656 9656
440 43 52 34 47 3645.600 3567.200 9656 9656
445 44 52 34 47 3645.600 3645.600 9372 9372
450 43 53 34 47 3567.200 3645.600 9656 9656
455 43 53 34 47 3645.600 3645.600 9656 9656
460 44 53 34 47 3645.600 3567.200 9372 9656
465 44 52 34 47 3645.600 3567.200 9372 9656
470 43 53 34 47 3645.600 3645.600 9656 9656
475 43 53 34 47 3645.600 3567.200 9656 9656
480 43 53 34 47 3645.600 3645.600 9372 9656
485 44 53 34 47 3724 3567.200 9656 9656
490 44 53 34 47 3645.600 3567.200 9656 9656
495 44 52 34 47 3645.600 3567.200 9656 9656
500 44 52 34 47 3645.600 3645.600 9372 9656
505 44 53 34 47 3645.600 3645.600 9656 9656
510 44 53 34 47 3645.600 3567.200 9656 9656
515 44 52 34 47 3645.600 3567.200 9656 9656
520 44 53 34 48 3645.600 3567.200 9656 9656
525 44 52 34 47 3567.200 3645.600 9656 9656
530 44 53 34 48 3567.200 3567.200 9656 9656
535 44 53 34 47 3645.600 3567.200 9656 9656
540 44 53 34 48 3645.600 3567.200 9372 9656
545 44 53 34 47 3645.600 3645.600 9656 9656
550 43 53 34 48 3645.600 3645.600 9372 9656
555 44 53 34 48 3567.200 3645.600 9656 9372
560 44 53 34 48 3567.200 3645.600 9372 9656
565 43 53 34 48 3645.600 3645.600 9372 9656
570 44 53 34 48 3645.600 3645.600 9656 9656
575 44 52 34 48 3645.600 3567.200 9372 9656
580 44 53 34 48 3645.600 3567.200 9656 9656
585 44 53 34 48 3645.600 3645.600 9656 9656
590 44 53 34 48 3645.600 3567.200 9656 9656
595 44 53 34 48 3724 3645.600 9656 9656
600 43 53 34 48 3645.600 3645.600 9656 9656
605 44 53 34 48 3724 3645.600 9656 9372
610 44 53 34 48 3645.600 3645.600 9656 9656
615 44 53 34 48 3645.600 3567.200 9656 9372
620 44 53 34 48 3645.600 3567.200 9656 9656
625 44 53 34 48 3645.600 3567.200 9372 9656
630 44 53 34 48 3645.600 3645.600 9656 9656
635 44 53 34 48 3567.200 3645.600 9656 9656
640 44 53 34 48 3645.600 3645.600 9656 9656
645 44 53 34 48 3645.600 3645.600 9656 9372
650 44 53 34 48 3645.600 3567.200 9372 9656
655 44 53 34 48 3645.600 3567.200 9656 9656
660 44 53 34 48 3645.600 3645.600 9656 9656
665 44 53 34 48 3645.600 3567.200 9372 9656
670 44 53 34 48 3567.200 3567.200 9372 9656
675 44 53 34 48 3645.600 3567.200 9372 9656
680 44 53 34 48 3645.600 3645.600 9656 9656
685 44 53 34 48 3724 3567.200 9656 9656
690 44 53 34 48 3645.600 3567.200 9372 9656
695 44 53 34 48 3724 3645.600 9656 9372
700 44 53 34 48 3724 3645.600 9656 9656
705 44 53 34 48 3645.600 3567.200 9656 9656
710 44 53 34 48 3645.600 3645.600 9656 9656
715 44 53 34 48 3645.600 3645.600 9656 9656
720 44 53 34 48 3645.600 3567.200 9656 9656
725 44 53 34 48 3645.600 3645.600 9656 9656
730 44 53 34 48 3645.600 3645.600 9656 9656
735 44 53 34 48 3567.200 3645.600 9372 9372
740 44 53 34 48 3645.600 3567.200 9656 9656
745 44 54 34 48 3645.600 3645.600 9372 9656
750 44 54 34 49 3645.600 3645.600 9656 9656
755 44 53 34 48 3645.600 3645.600 9656 9656
760 44 53 34 48 3645.600 3645.600 9656 9372
765 44 53 34 48 3724 3645.600 9656 9656
770 44 53 34 48 3645.600 3645.600 9372 9656
775 44 53 34 48 3645.600 3645.600 9656 9656
780 44 54 34 48 3645.600 3645.600 9656 9656
785 44 53 34 48 3645.600 3645.600 9656 9656
790 44 53 34 48 3645.600 3645.600 9656 9656
795 44 53 34 48 3645.600 3567.200 9656 9656
800 44 53 35 48 3645.600 3645.600 9656 9656
805 44 54 35 48 3567.200 3645.600 9656 9656
810 44 53 34 48 3567.200 3645.600 9656 9656
815 44 53 34 48 3645.600 3567.200 9656 9656
820 44 53 34 48 3724 3645.600 9372 9656
825 44 53 34 48 3645.600 3645.600 9656 9656
830 44 53 34 48 3645.600 3645.600 9656 9372
835 44 53 34 48 3724 3567.200 9656 9656
840 44 54 35 48 3567.200 3567.200 9656 9656
845 44 53 35 48 3567.200 3567.200 9656 9656
850 44 54 34 48 3645.600 3567.200 9656 9656
855 44 53 35 48 3645.600 3645.600 9372 9656
860 44 53 35 48 3645.600 3645.600 9656 9656
865 44 53 35 48 3567.200 3645.600 9656 9656
870 44 53 35 48 3567.200 3645.600 9656 9372
875 44 53 34 48 3645.600 3645.600 9656 9656
880 43 54 34 48 3645.600 3645.600 9656 9656
885 44 54 35 48 3645.600 3567.200 9656 9656
890 44 54 34 48 3645.600 3567.200 9656 9656
895 44 53 35 48 3645.600 3645.600 9656 9656
900 44 53 34 48 3645.600 3645.600 9656 9372
905 44 54 35 48 3645.600 3567.200 9372 9372
910 44 53 35 48 3645.600 3567.200 9656 9372
915 44 54 35 48 3645.600 3645.600 9372 9656
920 44 54 34 48 3645.600 3645.600 9372 9372
925 43 54 34 48 3645.600 3645.600 9656 9372
930 44 53 34 48 3645.600 3567.200 9656 9372
935 44 54 35 49 3645.600 3645.600 9372 9656
940 44 53 35 48 3645.600 3645.600 9372 9656
945 44 54 35 48 3645.600 3645.600 9656 9656
950 44 54 35 49 3645.600 3645.600 9656 9656
955 44 53 35 48 3645.600 3567.200 9656 9656
960 44 53 35 48 3645.600 3567.200 9656 9372
965 44 54 35 48 3645.600 3645.600 9656 9656
970 44 54 35 48 3645.600 3645.600 9656 9656
975 44 53 35 48 3645.600 3645.600 9656 9656
980 44 53 35 48 3645.600 3645.600 9656 9656
985 44 53 35 49 3645.600 3645.600 9656 9656
990 44 54 35 48 3567.200 3567.200 9656 9656
995 44 54 35 48 3567.200 3645.600 9656 9656
1000 44 54 35 48 3645.600 3567.200 9656 9656
1005 44 53 35 49 3645.600 3567.200 9656 9656
1010 44 53 35 48 3645.600 3567.200 9656 9656
1015 44 54 35 48 3567.200 3645.600 9372 9656
1020 44 53 35 48 3645.600 3645.600 9656 9656
1025 44 53 35 49 3645.600 3645.600 9656 9372
1030 44 53 35 48 3724 3567.200 9372 9372
1035 44 53 35 48 3645.600 3645.600 9656 9656
1040 44 53 35 48 3645.600 3645.600 9372 9656
1045 44 53 35 48 3645.600 3645.600 9656 9656
1050 44 54 35 48 3645.600 3645.600 9372 9656
1055 44 54 35 48 3645.600 3645.600 9656 9656
1060 44 54 35 49 3645.600 3567.200 9372 9372
1065 44 54 35 49 3645.600 3645.600 9656 9372
1070 44 53 35 48 3645.600 3567.200 9656 9656
1075 44 53 35 49 3645.600 3645.600 9656 9656
1080 44 53 35 48 3645.600 3645.600 9656 9656
1085 44 53 35 48 3645.600 3645.600 9656 9656
1090 44 53 35 49 3645.600 3645.600 9656 9656
1095 44 53 35 48 3645.600 3645.600 9656 9372
1100 44 54 35 48 3645.600 3645.600 9656 9656
1105 44 54 35 48 3645.600 3645.600 9372 9656
1110 44 53 35 49 3645.600 3645.600 9656 9656
1115 44 53 35 48 3645.600 3645.600 9656 9656
1120 44 53 35 48 3645.600 3645.600 9656 9656
1125 44 53 35 49 3645.600 3645.600 9656 9656
1130 44 54 35 48 3724 3567.200 9656 9656
1135 44 54 35 48 3645.600 3567.200 9656 9372
1140 44 53 35 48 3645.600 3645.600 9656 9656
1145 44 54 35 48 3645.600 3567.200 9656 9656
1150 44 54 35 48 3645.600 3645.600 9656 9656
1155 44 54 35 48 3645.600 3645.600 9656 9372
1160 44 54 35 49 3645.600 3645.600 9656 9656
1165 44 54 35 48 3645.600 3645.600 9656 9656
1170 44 54 35 49 3645.600 3645.600 9372 9656
1175 44 54 35 49 3645.600 3645.600 9656 9656
1180 44 54 35 48 3645.600 3645.600 9656 9656
1185 44 53 35 48 3645.600 3645.600 9372 9372
1190 44 54 35 49 3645.600 3645.600 9656 9656
1195 44 53 35 49 3645.600 3567.200 9656 9656
1200 44 54 35 48 3645.600 3645.600 9372 9656
1205 44 53 35 48 3645.600 3645.600 9656 9656
1210 44 53 35 48 3645.600 3645.600 9656 9656
1215 44 53 35 48 3645.600 3645.600 9656 9656
1220 44 54 35 48 3645.600 3645.600 9372 9656
1225 44 53 35 48 3645.600 3645.600 9656 9656
1230 44 54 35 49 3645.600 3567.200 9656 9656
1235 44 53 35 48 3645.600 3567.200 9656 9656
1240 44 54 35 49 3645.600 3567.200 9656 9656
1245 44 53 35 49 3645.600 3645.600 9372 9656
1250 44 54 35 49 3645.600 3567.200 9656 9656
1255 44 54 35 49 3645.600 3645.600 9656 9656
1260 44 53 35 48 3645.600 3645.600 9372 9372
1265 44 53 35 49 3724 3645.600 9372 9656
1270 44 53 35 48 3645.600 3567.200 9656 9656
1275 44 53 35 49 3645.600 3567.200 9656 9656
1280 44 54 35 48 3645.600 3645.600 9656 9656
1285 44 53 35 49 3645.600 3567.200 9656 9656
1290 44 54 35 49 3645.600 3645.600 9372 9656
1295 44 53 35 49 3645.600 3645.600 9656 9656
1300 44 54 35 48 3645.600 3567.200 9656 9656
1305 44 54 35 48 3645.600 3645.600 9656 9656
1310 44 54 35 49 3645.600 3645.600 9656 9372
1315 44 53 35 49 3645.600 3567.200 9372 9656
1320 44 54 35 48 3645.600 3645.600 9656 9656
1325 44 54 35 49 3645.600 3645.600 9372 9656
1330 44 53 35 48 3724 3567.200 9372 9656
1335 44 54 35 49 3567.200 3645.600 9656 9656
1340 44 54 35 49 3645.600 3645.600 9656 9656
1345 44 53 35 49 3645.600 3645.600 9656 9656
1350 44 54 35 49 3645.600 3645.600 9656 9656
1355 44 53 35 49 3567.200 3645.600 9656 9656
1360 44 54 35 49 3645.600 3567.200 9656 9656
1365 44 54 35 48 3645.600 3567.200 9656 9656
1370 44 53 35 49 3645.600 3567.200 9656 9656
1375 44 53 35 48 3645.600 3567.200 9656 9656
1380 44 53 35 48 3567.200 3645.600 9656 9656
1385 44 53 35 49 3645.600 3645.600 9656 9656
1390 44 53 35 48 3645.600 3567.200 9656 9656
1395 44 53 35 49 3567.200 3567.200 9656 9372
1400 44 52 35 49 3645.600 3567.200 9656 9656
1405 44 52 35 48 3645.600 3645.600 9656 9372
1410 44 51 35 48 3645.600 3567.200 9656 9372
1415 44 51 35 48 3645.600 3567.200 9656 9656
1420 44 51 35 48 3645.600 3645.600 9372 9656
1425 44 51 35 48 3645.600 3645.600 9656 9656
1430 43 51 35 48 3645.600 3567.200 9372 9656
1435 43 50 35 47 3645.600 3645.600 9372 9372
1440 43 50 34 47 3567.200 3645.600 9656 9656
1445 43 50 35 47 3645.600 3645.600 9656 9656
1450 43 50 35 47 3645.600 3645.600 9656 9656
1455 42 50 34 47 3645.600 3567.200 9656 9372
1460 42 50 34 47 3645.600 3567.200 9656 9656
1465 42 49 34 47 3645.600 3645.600 9656 9656
1470 42 49 34 47 3645.600 3645.600 9656 9656
1475 42 50 34 47 3645.600 3645.600 9656 9656
1480 42 49 34 47 3724 3645.600 9656 9372
1485 42 49 34 47 3645.600 3567.200 9656 9656
1490 42 49 34 46 3567.200 3645.600 9656 9656
1495 42 49 34 46 3645.600 3645.600 9656 9656
1500 42 49 34 46 3645.600 3645.600 9656 9656
1505 42 49 34 46 3645.600 3567.200 9656 9656
1510 42 49 34 46 3645.600 3645.600 9656 9656
1515 41 49 34 46 3567.200 3645.600 9656 9656
1520 41 49 34 46 3645.600 3645.600 9656 9656
1525 42 48 34 46 3645.600 3645.600 9656 9656
1530 42 48 34 46 3645.600 3645.600 9372 9372
1535 42 48 34 46 3567.200 3567.200 9656 9656
1540 41 48 34 46 3645.600 3567.200 9372 9656
1545 41 48 34 46 3645.600 3645.600 9656 9656
1550 42 48 34 46 3645.600 3645.600 9656 9656
1555 41 49 34 45 3645.600 3645.600 9656 9656
1560 42 48 34 45 3645.600 3645.600 9656 9656
1565 41 48 34 45 3645.600 3567.200 9656 9656
1570 41 48 34 45 3724 3645.600 9656 9656
1575 41 48 34 45 3645.600 3645.600 9656 9656
1580 41 48 34 45 3645.600 3645.600 9656 9372
1585 41 48 34 45 3645.600 3645.600 9656 9656
1590 41 48 34 45 3645.600 3567.200 9656 9656
1595 41 48 34 45 3645.600 3567.200 9656 9656
1600 41 48 34 45 3645.600 3645.600 9656 9656
1605 41 48 34 45 3645.600 3645.600 9656 9656
1610 41 48 33 45 3645.600 3645.600 9656 9656
1615 41 48 33 45 3645.600 3645.600 9656 9656
1620 41 48 33 45 3567.200 3567.200 9656 9656
1625 41 48 33 45 3645.600 3567.200 9656 9656
1630 41 47 33 45 3645.600 3567.200 9656 9656
1635 41 48 33 45 3645.600 3645.600 9372 9656
1640 41 48 33 45 3724 3645.600 9656 9656
1645 41 48 33 45 3645.600 3645.600 9656 9656
1650 41 48 33 45 3567.200 3567.200 9372 9656
1655 41 48 33 45 3645.600 3645.600 9372 9372
1660 41 48 33 45 3645.600 3645.600 9656 9656
1665 41 48 33 45 3645.600 3645.600 9656 9656
1670 41 48 33 45 3724 3645.600 9656 9656
1675 41 48 33 45 3645.600 3645.600 9372 9656
1680 41 48 33 45 3567.200 3645.600 9656 9656
1685 41 47 33 45 3645.600 3645.600 9656 9656
1690 41 47 33 44 3567.200 3567.200 9656 9656
1695 41 47 33 45 3724 3645.600 9656 9656
1700 41 47 33 44 3645.600 3645.600 9656 9656
1705 41 48 33 44 3645.600 3645.600 9656 9656
1710 41 47 33 45 3645.600 3567.200 9372 9656
1715 41 47 33 45 3645.600 3645.600 9372 9656
1720 41 47 33 44 3645.600 3645.600 9656 9372
1725 41 47 33 45 3645.600 3645.600 9372 9656
1730 41 47 33 44 3724 3567.200 9656 9656
1735 41 47 33 44 3645.600 3645.600 9656 9656
1740 41 48 33 44 3724 3567.200 9656 9656
1745 41 47 33 44 3645.600 3645.600 9656 9372
1750 41 47 33 44 3567.200 3567.200 9656 9656
1755 41 48 33 44 3645.600 3645.600 9372 9656
1760 41 47 33 44 3645.600 3567.200 9656 9372
1765 41 47 33 44 3645.600 3645.600 9656 9656
1770 41 47 33 44 3645.600 3567.200 9656 9656
1775 41 47 33 44 3645.600 3645.600 9656 9656
1780 41 47 33 44 3645.600 3645.600 9656 9656
1785 41 48 33 44 3645.600 3567.200 9656 9656
1790 41 47 33 44 3645.600 3567.200 9656 9656
1795 41 48 33 44 3645.600 3645.600 9656 9656
1800 41 47 33 44 3645.600 3645.600 9656 9656
1805 41 47 33 44 3645.600 3645.600 9372 9372
1810 41 47 33 44 3645.600 3567.200 9656 9656
1815 41 47 33 44 3645.600 3645.600 9656 9656
1820 41 48 33 44 3567.200 3645.600 9656 9656
1825 41 47 33 44 3567.200 3567.200 9372 9656
1830 41 48 33 44 3645.600 3645.600 9656 9656
1835 41 47 33 44 3567.200 3567.200 9656 9656
1840 41 48 33 44 3645.600 3645.600 9656 9656
1845 41 47 33 44 3645.600 3567.200 9656 9656
1850 41 48 33 44 3645.600 3567.200 9656 9656
1855 41 47 33 44 3645.600 3645.600 9372 9656
1860 41 47 33 44 3645.600 3567.200 9656 9656
1865 41 47 33 44 3645.600 3645.600 9656 9372
1870 41 48 33 44 3645.600 3567.200 9656 9372
1875 41 47 33 44 3645.600 3645.600 9656 9656
1880 41 48 33 44 3645.600 3567.200 9656 9656
1885 41 48 33 44 3567.200 3645.600 9656 9656
1890 41 47 33 44 3645.600 3645.600 9656 9656
1895 41 47 33 44 3645.600 3645.600 9656 9372
1900 41 47 33 44 3645.600 3567.200 9656 9372
1905 41 47 33 44 3567.200 3567.200 9372 9656
1910 41 47 33 44 3645.600 3567.200 9656 9656
1915 41 48 33 44 3645.600 3645.600 9372 9656
1920 41 47 33 44 3567.200 3645.600 9656 9372
1925 41 47 33 44 3645.600 3645.600 9656 9656
1930 41 47 33 44 3724 3567.200 9656 9656
1935 41 48 33 44 3645.600 3645.600 9656 9656
1940 41 47 33 44 3645.600 3567.200 9656 9372
1945 41 47 33 44 3567.200 3645.600 9656 9656
1950 41 47 33 44 3645.600 3645.600 9656 9656
1955 41 47 33 44 3645.600 3645.600 9372 9656
1960 41 48 33 44 3645.600 3567.200 9656 9656
1965 41 48 33 44 3645.600 3567.200 9656 9656
